time,latitude,longitude,depth,magnitude,magnitude_type,latitude_error,longitude_error,depth_error,time_error,magnitude_2,magnitude_2_type,event_type,hypo_method,hypo_precision,y,x,z,rupture_length,is_main_event,distance_to_main
2018-04-09 01:32:30.810000,35.184666666666665,132.58666666666667,12.13,6.1,D,0.0025,0.003,0.61,0.04,5.7,W,earthquake,depth free,high manual,23.152752406051523,-288.7175869555801,15.95472317575797,9.749896377173856,True,
2011-06-19 22:52:47.470000,35.08983333333334,132.67133333333334,9.62,1.5,V,0.0018333333333333,0.0021666666666666,0.79,0.03,,,earthquake,depth free,high manual,12.37172369494631,-281.46334372475917,13.24649710751359,,False,13.273624725684558
2011-06-20 00:17:42.150000,35.095333333333336,132.66516666666666,9.01,1.1,V,0.0018333333333333,0.0021666666666666,0.8,0.03,,,earthquake,depth free,high manual,12.995580562240418,-282.02550467546155,12.65179430849932,,False,12.604024921062166
2011-06-20 05:10:28.710000,35.093333333333334,132.67616666666666,11.12,0.5,V,0.0018333333333333,0.0021666666666666,0.68,0.04,,,earthquake,depth free,high manual,12.756445097368784,-280.9597424445986,14.727071146446246,,False,13.02975389706993
2011-06-20 05:10:43.370000,35.094,132.67616666666666,11.24,0.9,V,0.0016666666666666,0.0018333333333333,0.55,0.03,,,earthquake,depth free,high manual,12.831214534199946,-280.95320892503236,14.846414452036752,,False,12.963335159919119
2011-06-21 19:13:11.430000,35.111000000000004,132.66216666666668,10.99,0.5,V,0.002,0.0021666666666666,0.6,0.04,,,earthquake,depth free,high manual,14.755564599747132,-282.1731922129484,14.626768732307104,,False,10.72871514234643
2011-06-22 07:54:07.690000,35.08883333333333,132.672,9.41,2.0,V,0.0016666666666666,0.002,0.73,0.03,,,earthquake,depth free,high manual,12.25742171439826,-281.41372217515965,13.035384586020616,,False,13.437901972133796
2011-06-22 07:58:08.980000,35.087833333333336,132.6723333333333,9.21,1.8,V,0.0018333333333333,0.0021666666666666,0.78,0.03,,,earthquake,depth free,high manual,12.144131587379292,-281.393993831455,12.835330829037552,,False,13.5851152806965
2011-06-22 10:47:16.130000,35.091833333333334,132.67066666666665,8.53,1.6,V,0.0018333333333333,0.0021666666666666,0.79,0.03,,,earthquake,depth free,high manual,12.588196997893592,-281.55545630122924,12.157580335752982,,False,13.31631481414555
2011-06-23 10:40:36.790000,35.094500000000004,132.66583333333335,8.87,2.3,V,0.0016666666666666,0.002,0.68,0.03,,,earthquake,depth free,high manual,12.900252064742732,-281.97285050764293,12.51047638870505,,False,12.746296282873436
2011-06-23 10:46:11.690000,35.094166666666666,132.66633333333334,8.53,1.6,V,0.0018333333333333,0.0023333333333333,0.77,0.03,,,earthquake,depth free,high manual,12.859545181483549,-281.94066847107604,12.169388364108968,,False,12.892071158265951
2011-06-24 05:43:16.260000,35.094833333333334,132.67149999999998,10.51,0.5,V,0.0018333333333333,0.0018333333333333,0.65,0.03,,,earthquake,depth free,high manual,12.932066921066191,-281.3994820703027,14.13102990430429,,False,12.702083610308023
2011-06-25 06:28:15.510000,35.105333333333334,132.66533333333334,9.95,1.2,V,0.0018333333333333,0.0021666666666666,0.62,0.03,,,earthquake,depth free,high manual,14.11103747588283,-281.9424332506337,13.582083791327006,,False,11.544900790073383
2011-06-26 06:05:40.930000,35.094,132.6665,9.0,0.8,V,0.002,0.0025,0.89,0.03,,,earthquake,depth free,high manual,12.843729248440622,-281.9094777463602,12.638695088624145,,False,12.791495289585294
2011-06-26 06:05:55.850000,35.093833333333336,132.665,9.01,1.0,V,0.0016666666666666,0.002,0.68,0.03,,,earthquake,depth free,high manual,12.829586694626636,-282.04582750090657,12.65362919115579,,False,12.727032097930007
2011-06-26 07:01:24.800000,35.155,132.66033333333334,9.79,0.7,V,0.0021666666666666,0.0023333333333333,0.64,0.04,,,earthquake,depth free,high manual,19.63564751411987,-282.22926691550754,13.398499499478406,,False,7.810416329903857
2011-06-26 10:48:29.800000,35.094500000000004,132.6725,9.77,0.8,V,0.0021666666666666,0.0023333333333333,0.86,0.04,,,earthquake,depth free,high manual,12.887262263757007,-281.3360435134113,13.388609149651538,,False,12.901643796243597
2011-06-26 16:48:44.840000,35.100833333333334,132.66799999999998,9.88,0.8,V,0.0025,0.0026666666666666,0.84,0.05,,,earthquake,depth free,high manual,13.60362052746254,-281.7185560715898,13.507439497081856,,False,12.089729126562311
2011-06-28 03:45:20.450000,35.09283333333334,132.672,9.12,0.8,V,0.002,0.0025,0.88,0.04,,,earthquake,depth free,high manual,12.699359923233168,-281.4101398267671,12.742072792905413,,False,13.152692516085194
2011-06-28 08:02:39.530000,35.0895,132.67366666666666,9.37,1.4,V,0.0021666666666666,0.0021666666666666,0.76,0.03,,,earthquake,depth free,high manual,12.326379529187198,-281.2615787452216,12.98951173653977,,False,13.475714711328205
2011-06-28 08:02:53.130000,35.087500000000006,132.676,8.91,1.2,V,0.0023333333333333,0.0026666666666666,1.0,0.05,,,earthquake,depth free,high manual,12.094636675055664,-281.07295730855407,12.524134568628702,,False,13.874120662285318
2011-06-28 08:04:04.640000,35.0865,132.6745,8.91,0.6,V,0.0021666666666666,0.0021666666666666,0.79,0.04,,,earthquake,depth free,high manual,11.987928747458538,-281.2125519048546,12.52979463453007,,False,13.881965781279442
2011-06-28 23:20:53.600000,35.1345,132.73466666666664,10.57,1.5,V,0.0021666666666666,0.0023333333333333,0.68,0.03,,,earthquake,depth free,high manual,17.15539701559574,-275.5318216355393,13.959359288830925,,False,14.622385434527159
2011-06-29 00:06:59.520000,35.136,132.735,10.97,1.1,V,0.002,0.002,0.56,0.03,,,earthquake,depth free,high manual,17.32330722301181,-275.48274480720846,14.356900531120145,,False,14.549794329752446
2011-06-30 02:12:02.920000,35.134,132.7335,10.16,0.7,V,0.0021666666666666,0.0023333333333333,0.69,0.04,,,earthquake,depth free,high manual,17.100696288418785,-275.6534370577492,13.553628549790428,,False,14.596734265130008
2011-07-01 16:38:23.140000,35.13966666666666,132.7338333333333,11.32,0.8,V,0.0021666666666666,0.0018333333333333,0.54,0.04,,,earthquake,depth free,high manual,17.73546150889624,-275.5640594989131,14.707446012146908,,False,14.27998688866905
2011-07-02 23:34:01.540000,35.09916666666667,132.66966666666664,10.25,0.5,V,0.0018333333333333,0.0021666666666666,0.66,0.04,,,earthquake,depth free,high manual,13.416374552441113,-281.56002105426177,13.873307743543148,,False,12.262140659014316
2011-07-03 03:07:57.110000,35.089666666666666,132.6748333333333,10.69,0.8,V,0.002,0.0021666666666666,0.76,0.04,,,earthquake,depth free,high manual,12.350525261340598,-281.10854173129957,14.304795508972772,,False,13.315702828491592
2011-07-03 22:37:39.400000,35.095,132.6655,9.26,0.9,V,0.0018333333333333,0.002,0.69,0.03,,,earthquake,depth free,high manual,12.959309932049166,-281.98755438231575,12.900854849596852,,False,12.590699728828593
2011-07-05 00:52:27.540000,35.092000000000006,132.66983333333332,9.1,0.7,V,0.0025,0.0028333333333333,1.04,0.04,,,earthquake,depth free,high manual,12.61292471680226,-281.6103572589226,12.72972506603383,,False,13.114926400397373
2011-07-05 17:13:28.300000,35.092000000000006,132.67083333333332,8.9,0.7,V,0.0023333333333333,0.0025,0.93,0.04,,,earthquake,depth free,high manual,12.60871956247123,-281.5266745730575,12.526663340456103,,False,13.21504611168748
2011-07-06 23:05:33.250000,35.20933333333333,132.78216666666668,13.2,0.8,V,0.0016666666666666,0.0016666666666666,0.39,0.03,,,earthquake,depth free,high manual,25.33965751542099,-270.88553078073636,16.388363139018956,,False,17.970888264020385
2011-07-08 06:41:29.100000,35.20583333333334,132.78266666666667,13.02,2.1,V,0.0018333333333333,0.002,0.45,0.03,,,earthquake,depth free,high manual,24.94922395743767,-270.857998113233,16.209201695359997,,False,17.951517567313548
2011-07-08 15:26:24.940000,35.108000000000004,132.66400000000002,10.31,0.7,V,0.002,0.002,0.67,0.04,,,earthquake,depth free,high manual,14.413082998325756,-282.0413980254272,13.943861814917565,,False,11.180200508038949
2011-07-08 21:15:48.800000,35.189499999999995,132.59133333333335,11.86,1.2,V,0.0023333333333333,0.0028333333333333,0.57,0.04,,,earthquake,depth free,high manual,23.673885964243297,-288.2874557341491,15.666206901115231,,False,0.7347344376419723
2011-07-09 19:51:54.110000,35.12133333333333,132.72033333333334,9.52,0.9,V,0.0018333333333333,0.0018333333333333,0.64,0.03,,,earthquake,depth free,high manual,15.728024899003852,-276.91287453220446,12.96520779298363,,False,14.262363625162337
2011-07-10 16:34:30.130000,35.08866666666667,132.67316666666665,9.54,1.3,V,0.0018333333333333,0.002,0.77,0.03,,,earthquake,depth free,high manual,12.23648527809324,-281.30383039966426,13.161727211293409,,False,13.488124433620962
2011-07-12 20:36:52.650000,35.15933333333333,132.60649999999998,8.14,0.5,V,0.0023333333333333,0.0021666666666666,0.63,0.04,,,earthquake,depth free,high manual,20.262653541742313,-287.154761996883,11.920568487681754,,False,5.202835510020979
2011-07-14 11:19:24.580000,35.10616666666667,132.73033333333333,7.66,1.3,V,0.0018333333333333,0.002,0.83,0.03,,,earthquake,depth free,high manual,14.00474499275799,-276.12132168433976,11.08772514424253,,False,16.310720654094464
2011-07-16 16:49:24.720000,35.097500000000004,132.67016666666666,9.02,1.1,V,0.0023333333333333,0.0023333333333333,0.92,0.04,,,earthquake,depth free,high manual,13.221823935899122,-281.5639075868548,12.643942313259284,,False,12.679106384493235
2011-07-17 15:57:05.150000,35.11783333333334,132.53133333333335,8.43,0.7,V,0.002,0.0021666666666666,0.31,0.03,,,earthquake,depth free,high manual,15.879703847112992,-294.11042467905696,12.492609582086112,,False,9.693614629637414
2011-07-18 09:01:40.710000,35.14116666666666,132.75683333333333,11.36,1.2,V,0.0016666666666666,0.002,0.53,0.03,,,earthquake,depth free,high manual,17.83812427752186,-273.47217159211175,14.675150502685746,,False,16.195841070315193
2011-07-18 09:01:48.800000,35.14,132.755,10.14,1.1,v,0.0028333333333333,0.0034999999999999,0.96,0.07,,,earthquake,poor solution,low manual,17.706506359685545,-273.6839585047492,13.462429760979497,,False,16.182802812261425
2011-07-18 09:04:31.250000,35.14083333333333,132.7576666666667,11.06,0.6,V,0.002,0.0023333333333333,0.56,0.04,,,earthquake,depth free,high manual,17.79705096616738,-273.407958145688,14.37302461878225,,False,16.296319907727465
2011-07-19 18:33:27.520000,35.20416666666667,132.76950000000002,9.82,1.5,V,0.0018333333333333,0.002,0.48,0.03,,,earthquake,depth free,high manual,24.785086385313793,-272.16460527675764,13.052301191180034,,False,16.884601566393183
2011-07-19 22:07:32.400000,35.18566666666666,132.52633333333335,13.62,0.7,V,0.0031666666666666,0.004,0.53,0.06,,,earthquake,depth free,high manual,23.449415929001667,-294.1243286616561,17.644037297475187,,False,5.672270032703302
2011-07-20 01:00:10.450000,35.18233333333333,132.53116666666668,13.56,1.0,V,0.0021666666666666,0.0021666666666666,0.37,0.03,,,earthquake,depth free,high manual,23.06505968047881,-293.70085859075266,17.57013543920512,,False,5.239297947714878
2011-07-20 05:10:01.160000,35.11,132.66483333333335,10.81,0.7,V,0.0025,0.0028333333333333,0.84,0.06,,,earthquake,depth free,high manual,14.635836725612643,-281.94115776937406,14.43919323741583,,False,10.988843261116337
2011-07-21 02:50:59.780000,35.09866666666667,132.671,9.53,1.6,V,0.0021666666666666,0.0023333333333333,0.84,0.04,,,earthquake,depth free,high manual,13.352309841510122,-281.46622555058497,13.149949085861287,,False,12.509903052465411
2011-07-21 17:34:23.120000,35.10183333333333,132.6675,10.41,0.7,V,0.0031666666666666,0.0026666666666666,0.98,0.07,,,earthquake,depth free,high manual,13.719502911895864,-281.7417026391788,14.037838304774342,,False,11.887960532547508
2011-07-21 23:35:21.350000,35.109,132.66316666666668,10.59,0.5,V,0.002,0.0018333333333333,0.6,0.04,,,earthquake,depth free,high manual,14.52823095827098,-282.10360232286473,14.225504752522133,,False,11.00533321986571
2011-07-22 01:15:47.640000,35.108000000000004,132.66566666666668,11.14,0.8,V,0.002,0.002,0.63,0.03,,,earthquake,depth free,high manual,14.413694752215706,-281.8608113793653,14.767995262591397,,False,11.171160330043183
2011-07-29 12:37:45.850000,35.093333333333334,132.701,8.19,0.7,V,0.0018333333333333,0.0021666666666666,0.87,0.03,,,earthquake,depth free,high manual,12.666247767997968,-278.809087675179,11.720285101519604,,False,15.035810697072078
2011-07-30 21:06:13.110000,35.09666666666667,132.66966666666664,10.75,0.5,V,0.002,0.0021666666666666,0.72,0.04,,,earthquake,depth free,high manual,13.14231511364765,-281.550989482995,14.375136692002409,,False,12.412254733886027
2011-08-03 13:55:57.390000,35.1115,132.6635,11.28,0.6,V,0.002,0.002,0.59,0.04,,,earthquake,depth free,high manual,14.80908519203572,-282.0402427507693,14.91189718451576,,False,10.737373713146638
2011-08-06 20:37:54.640000,35.15333333333333,132.66283333333334,8.45,0.5,V,0.003,0.0026666666666666,0.82,0.05,,,earthquake,depth free,high manual,19.435938149901705,-282.05584727246116,12.052617228571464,,False,8.56854215391558
2011-08-07 06:26:40.230000,35.086333333333336,132.673,9.25,2.4,V,0.0018333333333333,0.0021666666666666,0.75,0.03,,,earthquake,depth free,high manual,11.976039377665398,-281.3372611109799,12.87450251341052,,False,13.743212252603888
2011-08-07 12:02:42.550000,35.09433333333334,132.66533333333334,8.73,0.5,V,0.002,0.0023333333333333,0.87,0.04,,,earthquake,depth free,high manual,12.882244116541836,-282.02376357817394,12.372310834565829,,False,12.772011983830975
2011-08-10 23:48:13.110000,35.0895,132.673,10.46,1.8,V,0.0016666666666666,0.002,0.64,0.03,,,earthquake,depth free,high manual,12.335693793437898,-281.2835832660568,14.080931408098534,,False,13.258365791948608
2011-08-13 12:29:14.850000,35.106500000000004,132.66383333333334,10.27,1.3,V,0.002,0.0023333333333333,0.71,0.03,,,earthquake,depth free,high manual,14.246862940512926,-282.06313515618797,13.905685741528067,,False,11.30465171200333
2011-08-13 14:28:20.960000,35.11183333333334,132.66166666666666,11.02,0.5,V,0.0021666666666666,0.002,0.62,0.04,,,earthquake,depth free,high manual,14.849641596039664,-282.2145890046359,14.65765346086998,,False,10.626053892136985
2011-08-13 14:59:26.120000,35.13516666666666,132.77233333333334,15.86,0.7,V,0.002,0.0016666666666666,0.46,0.04,,,earthquake,depth free,high manual,17.156834023558574,-271.93439474029657,19.129624481412726,,False,18.102667662124237
2011-08-15 05:25:59.660000,35.09583333333334,132.67033333333333,9.2,2.2,V,0.0016666666666666,0.002,0.65,0.03,,,earthquake,depth free,high manual,13.037585430593092,-281.54818546004685,12.82473336707114,,False,12.787249780466574
2011-08-16 17:43:27.120000,35.169666666666664,132.54933333333332,10.47,0.6,V,0.0021666666666666,0.0025,0.49,0.04,,,earthquake,depth free,high manual,21.589915946661215,-292.21536532998005,14.430437021563042,,False,4.123149237547678
2011-08-17 07:11:47.580000,35.300999999999995,132.64483333333334,14.29,1.3,V,0.0018333333333333,0.002,0.37,0.03,,,earthquake,depth free,high manual,35.895264474757106,-282.9639558774548,17.856303095463815,,False,14.109992579562372
2011-08-17 08:25:32.450000,35.30233333333333,132.64499999999998,14.47,1.1,V,0.0031666666666666,0.0026666666666666,0.48,0.06,,,earthquake,depth free,high manual,36.04319273817782,-282.9378086873981,18.035029600755028,,False,14.27924940630078
2011-08-17 17:59:55.860000,35.090333333333334,132.67333333333332,10.83,1.5,V,0.002,0.0021666666666666,0.76,0.04,,,earthquake,depth free,high manual,12.429717408351594,-281.2373932892234,14.448899406868971,,False,13.160709785989933
2011-08-17 18:11:42.670000,35.08883333333333,132.67399999999998,10.21,0.6,V,0.0021666666666666,0.0023333333333333,0.81,0.04,,,earthquake,depth free,high manual,12.257169969453532,-281.2039762102863,13.828491692125,,False,13.40480971093915
2011-08-19 03:50:17.960000,35.10516666666667,132.71916666666667,7.78,1.3,V,0.0015,0.0018333333333333,0.7,0.02,,,earthquake,depth free,high manual,13.925834886145513,-277.13406695361505,11.243349241628245,,False,15.540623761685683
2011-08-19 09:07:57.700000,35.161,132.57566666666665,7.57,1.0,V,0.0021666666666666,0.0021666666666666,0.44,0.03,,,earthquake,depth free,high manual,20.534679309226835,-289.965828502783,11.45119926082892,,False,5.356691269134199
2011-08-19 15:36:47.130000,35.10666666666667,132.6635,9.93,0.7,V,0.0021666666666666,0.0023333333333333,0.8,0.04,,,earthquake,depth free,high manual,14.26409971485983,-282.10484784447226,13.566832032332591,,False,11.333070604609054
2011-08-21 01:19:57.900000,35.090500000000006,132.67366666666666,10.14,0.7,V,0.0018333333333333,0.002,0.72,0.03,,,earthquake,depth free,high manual,12.44257762026706,-281.2309366840346,13.758137487455151,,False,13.250764691765616
2011-08-21 01:20:46.730000,35.094166666666666,132.67416666666665,11.49,0.7,V,0.0016666666666666,0.0015,0.54,0.03,,,earthquake,depth free,high manual,12.85708155202702,-281.12524814519713,15.1024760891075,,False,12.820716518305874
2011-08-21 03:32:03.600000,35.251666666666665,132.57333333333332,11.36,1.1,V,0.0021666666666666,0.0026666666666666,0.57,0.04,,,earthquake,depth free,high manual,30.620720684115145,-289.71431069702,15.186938498752784,,False,7.573209473476781
2011-08-21 14:22:46.610000,35.093,132.50566666666666,10.58,1.9,V,0.0018333333333333,0.0023333333333333,0.34,0.03,,,earthquake,depth free,high manual,13.214724936293118,-296.4483646141514,14.74914358021938,,False,12.648428177331631
2011-08-23 07:47:34.440000,35.08916666666667,132.6745,9.58,1.0,V,0.0018333333333333,0.0021666666666666,0.79,0.03,,,earthquake,depth free,high manual,12.288442565810705,-281.179691733505,13.197013233808146,,False,13.507703609705999
2011-08-24 09:20:37.800000,35.088166666666666,132.6765,8.94,0.5,V,0.002,0.0023333333333333,0.87,0.04,,,earthquake,depth free,high manual,12.1674053439607,-281.02421771084596,12.551936204553106,,False,13.836355718967694
2011-08-24 22:28:26.140000,35.09466666666667,132.6705,8.94,0.9,V,0.0023333333333333,0.0028333333333333,0.99,0.04,,,earthquake,depth free,high manual,12.90589192547519,-281.5462878381317,12.565380696092534,,False,12.958137334693495
2011-08-26 16:53:50.260000,35.10716666666667,132.66483333333335,10.48,0.5,V,0.0018333333333333,0.0018333333333333,0.54,0.04,,,earthquake,depth free,high manual,14.319339744696178,-281.9626666913965,14.111788960689143,,False,11.271846944593511
2011-08-27 11:56:48.140000,35.0885,132.67366666666666,9.08,0.6,V,0.002,0.0023333333333333,0.87,0.04,,,earthquake,depth free,high manual,12.2134278125054,-281.27527335984894,12.700577663406822,,False,13.625208887783074
2011-08-28 17:05:47.940000,35.16,132.61183333333332,7.5,0.5,V,0.0021666666666666,0.002,0.52,0.03,,,earthquake,depth free,high manual,20.31759183285733,-286.69188581775404,11.263071623080243,,False,5.844073482368944
2011-09-06 16:23:01.270000,35.095,132.67399999999998,11.44,0.5,V,0.0021666666666666,0.0018333333333333,0.65,0.04,,,earthquake,depth free,high manual,12.949668821087856,-281.13925421659354,15.052316540398849,,False,12.741600350038079
2011-09-07 02:58:04.300000,35.093,132.6745,9.86,2.2,V,0.0018333333333333,0.002,0.67,0.03,,,earthquake,depth free,high manual,12.71571712750553,-281.1565683046308,13.473481106924734,,False,13.12468173517988
2011-09-07 20:36:52.760000,35.10783333333333,132.66533333333334,11.38,0.6,V,0.0018333333333333,0.0018333333333333,0.58,0.03,,,earthquake,depth free,high manual,14.397711237819443,-281.88312367479165,15.009045237995176,,False,11.146970034760807
2011-09-12 00:27:56.140000,35.132,132.73433333333332,9.58,0.7,V,0.0018333333333333,0.0021666666666666,0.65,0.03,,,earthquake,depth free,high manual,16.87291181844822,-275.60460178004604,12.972975068996176,,False,14.84175191113445
2011-09-12 05:06:26.180000,35.093,132.6738333333333,10.63,1.0,V,0.002,0.0021666666666666,0.76,0.03,,,earthquake,depth free,high manual,12.72280745547294,-281.18987790678716,14.245107542609835,,False,12.975859925588095
2011-09-14 02:47:22.110000,35.169333333333334,132.69333333333333,10.1,0.5,V,0.0025,0.0031666666666666,0.69,0.04,,,earthquake,depth free,high manual,21.1339793849539,-279.1769482137141,13.592815219426832,,False,10.03383482561307
2011-09-14 06:15:21.900000,35.091,132.6725,10.56,0.7,V,0.002,0.002,0.71,0.04,,,earthquake,depth free,high manual,12.504229473718066,-281.3202349225893,14.181146752835716,,False,13.086536251750127
2011-09-14 18:14:19.970000,35.093500000000006,132.67183333333332,10.75,1.6,V,0.0018333333333333,0.0021666666666666,0.7,0.03,,,earthquake,depth free,high manual,12.784792784048054,-281.36536846904283,14.3709693810481,,False,12.808511993183766
2011-09-14 18:17:59.670000,35.093500000000006,132.6738333333333,10.65,1.2,V,0.0016666666666666,0.002,0.67,0.03,,,earthquake,depth free,high manual,12.7784182093171,-281.1874445883856,14.264659651194314,,False,12.930049064594131
2011-09-18 05:19:15.500000,35.11783333333334,132.74866666666665,7.4,0.6,V,0.002,0.0023333333333333,0.86,0.03,,,earthquake,depth free,high manual,15.247021039598858,-274.42688617256766,10.761311417034376,,False,17.13756817648741
2011-09-18 12:37:58.740000,35.07683333333334,132.4615,9.77,0.6,V,0.0036666666666666,0.0036666666666666,0.57,0.07,,,earthquake,depth free,high manual,11.549096000662056,-300.5456830205584,14.105769170249015,,False,16.67235224589436
2011-09-19 17:44:36.540000,35.09583333333334,132.6675,9.57,2.3,V,0.0016666666666666,0.0018333333333333,0.62,0.03,,,earthquake,depth free,high manual,13.048149068302363,-281.7922047895453,13.203539830689111,,False,12.55519560011188
2011-09-20 09:36:37.880000,35.103833333333334,132.66783333333333,10.61,1.0,V,0.002,0.0018333333333333,0.61,0.04,,,earthquake,depth free,high manual,13.941772923630806,-281.6974612524336,14.234940916702076,,False,11.708200499313163
2011-09-23 00:24:03.980000,35.171166666666664,132.58783333333335,10.69,0.9,V,0.0025,0.0028333333333333,0.63,0.04,,,earthquake,depth free,high manual,21.644178504302772,-288.71242574686,14.52143570619853,,False,2.080897600918653
2011-10-03 23:33:44.570000,35.10666666666667,132.66266666666667,10.53,1.8,V,0.0018333333333333,0.0021666666666666,0.62,0.03,,,earthquake,depth free,high manual,14.27038110567521,-282.15917723515577,14.169108466338576,,False,11.184707321570821
2011-10-03 23:34:03.540000,35.1115,132.663,11.11,0.6,V,0.0038333333333333,0.0031666666666666,0.91,0.07,,,earthquake,depth free,high manual,14.809424259368049,-282.0916183914552,14.743606800404171,,False,10.722937417082228
2011-10-10 21:22:51.510000,35.11033333333334,132.66433333333333,11.49,0.6,V,0.0018333333333333,0.0018333333333333,0.55,0.04,,,earthquake,depth free,high manual,14.678623779521612,-281.9612636222787,15.120071605459389,,False,10.869931196051265
2011-10-11 10:39:19.650000,35.05,132.46733333333333,8.98,0.8,V,0.0021666666666666,0.0023333333333333,0.42,0.04,,,earthquake,depth free,high manual,8.54809073458617,-300.1453963323911,13.32132568661154,,False,18.7303430835247
2011-10-17 07:30:54.530000,35.10466666666667,132.66566666666668,9.96,1.8,V,0.002,0.0023333333333333,0.69,0.03,,,earthquake,depth free,high manual,14.036174386549437,-281.91414733727555,13.591576852591832,,False,11.618229037606289
2011-10-22 05:57:20.130000,35.089333333333336,132.6735,10.52,0.6,V,0.002,0.0023333333333333,0.79,0.04,,,earthquake,depth free,high manual,12.316184263364802,-281.23667253403136,14.139445368567014,,False,13.292498757228023
2011-10-23 18:29:21.760000,35.16883333333333,132.48183333333333,14.55,1.0,V,0.0021666666666666,0.0023333333333333,0.34,0.04,,,earthquake,depth free,high manual,21.721203743890324,-298.18120615908737,18.73665324373188,,False,9.967374524127433
2011-10-27 09:25:26.150000,35.11366666666667,132.66033333333334,11.23,0.7,V,0.0033333333333333,0.0038333333333333,1.12,0.09,,,earthquake,depth free,high manual,15.05819411035239,-282.3217102535625,14.870259139401336,,False,10.373291427316296
2011-10-28 07:09:42.710000,35.08416666666667,132.4908333333333,10.29,0.5,V,0.002,0.002,0.34,0.04,,,earthquake,depth free,high manual,12.277390864873269,-297.83730308473946,14.517804777855412,,False,14.26560357678635
2011-10-30 05:57:18.600000,35.10733333333334,132.662,9.78,0.9,V,0.0018333333333333,0.0021666666666666,0.69,0.03,,,earthquake,depth free,high manual,14.341392824521844,-282.243940058915,13.421167059602528,,False,11.223505174918637
2011-11-02 08:20:40.100000,35.095333333333336,132.667,8.81,0.8,V,0.0021666666666666,0.0025,0.91,0.04,,,earthquake,depth free,high manual,12.989002207852003,-281.8662108021434,12.446063589451034,,False,12.749661382949151
2011-11-05 18:49:10.910000,35.092000000000006,132.67216666666667,8.68,0.6,V,0.0021666666666666,0.0026666666666666,0.92,0.04,,,earthquake,depth free,high manual,12.603429191608749,-281.41344001417605,12.302552536236655,,False,13.340807067212417
2011-11-06 07:24:45.660000,35.10916666666667,132.66383333333334,10.63,0.5,V,0.002,0.0018333333333333,0.62,0.04,,,earthquake,depth free,high manual,14.545075395533084,-282.0411327141266,14.26320640010834,,False,11.023990827188399
2011-11-08 05:06:16.920000,35.097500000000004,132.67016666666666,9.27,0.9,V,0.002,0.0025,0.82,0.03,,,earthquake,depth free,high manual,13.223489098856668,-281.5550691328795,12.893780478805889,,False,12.619877241008876
2011-11-11 01:07:01.970000,35.047,132.7108333333333,7.91,0.5,V,0.0016666666666666,0.0016666666666666,0.89,0.03,,,earthquake,depth free,high manual,7.493583712023878,-278.084436044605,11.451857004945015,,False,19.456342570890275
2011-11-11 06:24:40.620000,35.09433333333334,132.67266666666666,8.24,0.5,V,0.0026666666666666,0.0033333333333333,1.17,0.05,,,earthquake,depth free,high manual,12.858015480530794,-281.37553565150523,11.8592116348106,,False,13.291370903687113
2011-11-14 15:53:00.140000,35.0835,132.4923333333333,10.9,3.3,V,0.0016666666666666,0.0021666666666666,0.32,0.03,,,earthquake,depth free,high manual,12.203058228691972,-297.6805271584813,15.122817237475946,,False,14.17470165995156
2011-11-23 23:33:04.270000,35.19233333333333,132.787,8.68,1.1,V,0.0015,0.0016666666666666,0.39,0.03,,,earthquake,depth free,high manual,23.41802677106179,-270.65649344958666,11.867466723540987,,False,18.51969585136751
2011-11-24 15:30:32.990000,35.083666666666666,132.49016666666665,10.93,1.8,V,0.0016666666666666,0.002,0.29,0.03,,,earthquake,depth free,high manual,12.228291835886669,-297.87534435431996,15.160059005343916,,False,14.277249401302807
2011-11-25 17:33:09.370000,35.09,132.51516666666666,10.55,0.6,v,0.003,0.0026666666666666,0.36,0.06,,,earthquake,depth free,high manual,12.853179882978456,-295.5985663508106,14.689536597692523,,False,12.451095079266937
2011-12-03 14:11:59.980000,35.09133333333334,132.5331666666667,13.86,0.8,V,0.0023333333333333,0.0021666666666666,0.38,0.05,,,earthquake,depth free,high manual,12.969529118060231,-293.8372455799609,17.935160249948655,,False,11.568538022071497
2011-12-04 17:10:19.560000,35.08583333333333,132.69366666666667,9.9,0.7,V,0.0018333333333333,0.0018333333333333,0.71,0.03,,,earthquake,depth free,high manual,11.866285891122011,-279.4405609361478,13.458920328776324,,False,14.821490141306667
2011-12-07 04:48:26.410000,35.094500000000004,132.67316666666665,11.03,1.0,V,0.0016666666666666,0.0015,0.53,0.03,,,earthquake,depth free,high manual,12.893821593966162,-281.23105624218385,14.645669805708131,,False,12.767436087774959
2011-12-07 20:44:04.470000,35.028166666666664,132.67583333333332,13.96,0.7,V,0.0011666666666666,0.0013333333333333,0.45,0.03,,,earthquake,depth free,high manual,5.549947675099992,-281.1145115278467,17.627055132991323,,False,19.247394227037518
2011-12-09 15:00:35.270000,35.0595,132.47766666666666,7.57,0.8,V,0.0021666666666666,0.0018333333333333,0.33,0.03,,,earthquake,depth free,high manual,9.56075146926816,-299.2261593245571,11.86770561154276,,False,17.660019684863055
2011-12-11 15:22:39.890000,35.108000000000004,132.66333333333333,10.07,0.9,V,0.0021666666666666,0.0023333333333333,0.75,0.04,,,earthquake,depth free,high manual,14.413435006539627,-282.1103826825448,13.706150086316914,,False,11.184225402484765
2011-12-13 04:21:23.480000,35.087500000000006,132.647,9.92,2.1,V,0.0016666666666666,0.002,0.6,0.03,,,earthquake,depth free,high manual,12.184531774527963,-283.66892762178526,13.626352801562494,,False,12.296834287324682
2011-12-14 21:07:48.990000,35.09466666666667,132.66966666666664,8.83,1.6,V,0.0016666666666666,0.0021666666666666,0.71,0.03,,,earthquake,depth free,high manual,12.907532161527756,-281.625803912924,12.458111618622164,,False,12.941569339318914
2011-12-17 23:12:11.590000,35.06166666666666,132.50066666666666,8.11,0.7,V,0.0021666666666666,0.0021666666666666,0.35,0.04,,,earthquake,depth free,high manual,9.735627349679548,-297.1095379756975,12.326445529770574,,False,16.236024309502188
2011-12-18 13:33:22.290000,35.06283333333333,132.49816666666666,8.33,0.5,V,0.0025,0.0023333333333333,0.39,0.04,,,earthquake,depth free,high manual,9.874227416763802,-297.3239260454178,12.553722340410491,,False,16.185027188807606
2011-12-18 16:22:32.320000,35.118833333333335,132.75716666666668,8.91,0.6,V,0.0016666666666666,0.0015,0.55,0.03,,,earthquake,depth free,high manual,15.34397636877966,-273.6006215537846,12.243364958426504,,False,17.414758280742994
2011-12-19 15:01:56.730000,35.08166666666667,132.61383333333333,7.44,0.9,V,0.0018333333333333,0.0018333333333333,0.56,0.03,,,earthquake,depth free,high manual,11.615972059979503,-286.78878406638813,11.260764610875162,,False,12.603603784144656
2011-12-24 13:09:45.450000,35.10266666666667,132.6685,9.33,0.9,V,0.0021666666666666,0.0023333333333333,0.82,0.04,,,earthquake,depth free,high manual,13.802015891936302,-281.6863007567227,12.954633711384131,,False,12.077905272061754
2011-12-26 12:11:56.370000,35.088,132.58866666666668,7.6,0.6,V,0.0018333333333333,0.002,0.46,0.03,,,earthquake,depth free,high manual,12.39353613557824,-289.0451380759251,11.497604644802127,,False,11.650490551485214
2011-12-30 05:05:06.590000,35.06133333333333,132.49599999999998,8.27,1.0,V,0.002,0.002,0.36,0.03,,,earthquake,depth free,high manual,9.71384802621923,-297.52836959321,12.502575610176294,,False,16.436281952813662
2011-12-31 18:41:22.190000,35.047,132.65716666666668,16.43,0.9,V,0.0016666666666666,0.0016666666666666,0.45,0.04,,,earthquake,depth free,high manual,7.710378752089876,-282.6554237312193,20.136669554365827,,False,17.10863532082301
2012-01-01 05:33:06.860000,35.08683333333334,132.67749999999998,10.04,0.8,V,0.002,0.0023333333333333,0.81,0.04,,,earthquake,depth free,high manual,12.024116829416846,-280.89927926816154,13.649218542492964,,False,13.7944850033154
2012-01-02 02:46:50.520000,35.101333333333336,132.66899999999998,10.07,1.0,V,0.002,0.0025,0.77,0.04,,,earthquake,depth free,high manual,13.657501064144908,-281.61937462284,13.693696055309855,,False,12.068830100968569
2012-01-07 05:02:17.910000,35.075500000000005,132.68099999999998,12.61,2.9,V,0.0018333333333333,0.002,0.62,0.03,,,earthquake,depth free,high manual,10.774698600192512,-280.5302332412749,16.216554945555007,,False,14.843097141080852
2012-01-09 06:23:10.640000,35.077000000000005,132.67966666666666,12.39,1.5,V,0.0018333333333333,0.0018333333333333,0.65,0.03,,,earthquake,depth free,high manual,10.94332158256556,-280.65377661808157,15.999579776853444,,False,14.632062407852798
2012-01-16 01:34:32.880000,35.16166666666666,132.78716666666668,12.99,0.6,V,0.0025,0.0023333333333333,0.56,0.05,,,earthquake,depth free,high manual,20.037946917425774,-270.5986167496333,16.196031002343577,,False,18.386335252657915
2012-01-20 00:54:07.320000,35.10166666666667,132.55033333333336,10.66,0.6,V,0.0016666666666666,0.0018333333333333,0.32,0.03,,,earthquake,depth free,high manual,14.043519550795908,-292.36214878364336,14.670868967052344,,False,9.89490958822037
2012-01-20 14:27:48.960000,35.112500000000004,132.66083333333333,11.33,0.7,V,0.002,0.002,0.57,0.04,,,earthquake,depth free,high manual,14.927971263128054,-282.27686223596356,14.969563806098346,,False,10.49287847763887
2012-01-22 06:35:57.960000,35.0855,132.49316666666667,10.47,1.0,V,0.0018333333333333,0.0021666666666666,0.35,0.03,,,earthquake,depth free,high manual,12.41950724484878,-297.6139065106,14.688497835460105,,False,13.99822774239381
2012-01-26 21:37:47.970000,35.087833333333336,132.49416666666664,4.98,0.5,V,0.0021666666666666,0.002,0.29,0.04,,,earthquake,depth free,high manual,12.638324161701467,-297.72255861037024,9.197065740532995,,False,15.404825536857329
2012-02-01 05:49:37.430000,35.094833333333334,132.6705,8.88,1.3,V,0.0018333333333333,0.002,0.79,0.03,,,earthquake,depth free,high manual,12.923986421074376,-281.5478323321806,12.505274981832487,,False,12.958847471043091
2012-02-12 06:33:46.920000,35.25183333333333,132.73916666666665,10.58,1.8,V,0.002,0.0023333333333333,0.48,0.03,,,earthquake,depth free,high manual,30.161793968277593,-274.72579833555443,13.876311539833264,,False,15.786595812170502
2012-02-12 09:55:09.410000,35.25233333333333,132.741,10.11,0.7,V,0.0021666666666666,0.0025,0.47,0.04,,,earthquake,depth free,high manual,30.210293669127577,-274.5741829353857,13.400638015968177,,False,16.01149952259096
2012-02-14 13:54:16.870000,35.093500000000006,132.66633333333334,8.52,2.2,V,0.0016666666666666,0.0018333333333333,0.67,0.03,,,earthquake,depth free,high manual,12.785485492466073,-281.94333192276343,12.159974456856547,,False,12.952639589935687
2012-02-14 13:54:50.640000,35.101,132.66483333333335,8.83,0.6,V,0.0021666666666666,0.0025,0.84,0.05,,,earthquake,depth free,high manual,13.624233922126702,-282.04249238947665,12.468098289584546,,False,12.14520914030732
2012-02-16 05:13:28.980000,35.019666666666666,132.60916666666665,7.18,0.6,V,0.0013333333333333,0.0013333333333333,0.58,0.02,,,earthquake,depth free,high manual,4.745160047367893,-287.44043040744907,11.075433025867856,,False,19.08606972791194
2012-02-16 07:26:16.660000,35.10066666666667,132.66833333333332,10.05,0.5,V,0.0023333333333333,0.0023333333333333,0.74,0.04,,,earthquake,depth free,high manual,13.58529740247939,-281.6828750162638,13.676407544365508,,False,12.09190181198905
2012-02-16 18:19:50.850000,35.02016666666667,132.625,10.31,0.9,V,0.0016666666666666,0.0018333333333333,0.6,0.04,,,earthquake,depth free,high manual,4.7796562447953175,-285.8873171490203,14.151115359327123,,False,18.67710070873373
2012-02-17 02:35:21.920000,35.021,132.62383333333335,10.55,0.5,V,0.0016666666666666,0.002,0.61,0.03,,,earthquake,depth free,high manual,4.87741356799121,-285.98168898994817,14.393902622683092,,False,18.544791940681502
2012-02-18 16:58:12.220000,35.10966666666667,132.73533333333333,8.7,1.6,V,0.002,0.0021666666666666,0.81,0.03,,,earthquake,depth free,high manual,14.38602151373932,-275.61985951227734,12.108594448167748,,False,16.223401027727252
2012-02-18 23:35:36.510000,35.17216666666666,132.67016666666666,7.45,2.8,V,0.0025,0.0026666666666666,0.76,0.03,,,earthquake,depth free,high manual,21.499969657671546,-281.3608314371001,11.01597463619839,,False,9.013588614366093
2012-02-20 02:00:40.630000,35.181999999999995,132.66533333333334,7.56,0.5,V,0.0031666666666666,0.003,0.77,0.06,,,earthquake,depth free,high manual,22.605917027644228,-281.76112071250225,11.134368691220503,,False,8.480994568961817
2012-02-21 09:00:56.330000,35.094833333333334,132.666,9.06,0.9,V,0.0023333333333333,0.0026666666666666,0.94,0.04,,,earthquake,depth free,high manual,12.938043986337838,-281.9498415750098,12.69953084849539,,False,12.678285480437365
2012-02-22 05:29:41.900000,35.09733333333334,132.6755,9.18,0.5,V,0.0023333333333333,0.0028333333333333,0.94,0.04,,,earthquake,depth free,high manual,13.189186714836104,-281.0748528957968,12.78698082007392,,False,12.950622256236606
2012-03-03 14:16:24.420000,35.25716666666667,132.73416666666665,10.23,0.8,V,0.0016666666666666,0.0018333333333333,0.36,0.03,,,earthquake,depth free,high manual,30.766130685501487,-275.17248798094806,13.53905335689601,,False,15.724779671980738
2012-03-03 14:16:29.700000,35.2545,132.73683333333332,9.44,0.7,V,0.0016666666666666,0.0031666666666666,0.44,0.05,,,earthquake,depth free,high manual,30.459673802755773,-274.96717022870746,12.742731155924224,,False,15.899118000560556
2012-03-03 14:20:22.220000,35.255,132.7338333333333,10.3,0.7,V,0.0016666666666666,0.002,0.35,0.03,,,earthquake,depth free,high manual,30.526916503376658,-275.2076322393114,13.611242372616646,,False,15.56884950292093
2012-03-04 10:21:33.310000,35.25783333333333,132.73866666666666,9.17,0.6,V,0.0021666666666666,0.0034999999999999,0.51,0.05,,,earthquake,depth free,high manual,30.823437722391155,-274.7990692398232,12.46537207548726,,False,16.27083647902304
2012-03-04 13:53:15.680000,35.189499999999995,132.62166666666667,7.39,1.0,V,0.0026666666666666,0.0025,0.65,0.04,,,earthquake,depth free,high manual,23.563182976582254,-285.70017062099595,11.100023403821217,,False,5.730738561920631
2012-03-06 01:42:41.430000,35.074000000000005,132.71166666666664,7.48,1.0,V,0.0016666666666666,0.0016666666666666,0.86,0.02,,,earthquake,depth free,high manual,10.485201474070774,-277.9315894615586,10.994338823900662,,False,17.361163597913453
2012-03-10 13:26:16.870000,35.106500000000004,132.6635,10.26,0.8,V,0.0018333333333333,0.002,0.59,0.03,,,earthquake,depth free,high manual,14.247750891769185,-282.093729203929,13.89675847468376,,False,11.287593286185784
2012-03-11 18:42:05.900000,35.13,132.74433333333332,12.62,1.3,V,0.0018333333333333,0.0016666666666666,0.46,0.03,,,earthquake,depth free,high manual,16.641702481209464,-274.6000948116856,15.981714489689164,,False,15.546642212636653
2012-03-14 17:12:50.310000,35.141666666666666,132.7835,8.81,2.0,V,0.002,0.0023333333333333,0.66,0.03,,,earthquake,depth free,high manual,17.804867983638868,-271.13854281176356,12.044669432099536,,False,18.78593040240572
2012-03-14 17:13:46.780000,35.138666666666666,132.7831666666667,7.42,0.5,V,0.0026666666666666,0.0026666666666666,0.76,0.05,,,earthquake,depth free,high manual,17.464489900362974,-271.22566103473946,10.658824916367726,,False,19.140803042913614
2012-03-18 19:43:48.500000,35.256166666666665,132.7338333333333,9.98,0.9,V,0.002,0.0025,0.48,0.03,,,earthquake,depth free,high manual,30.655117142572458,-275.2146625792414,13.290788249803878,,False,15.675171215735805
2012-03-23 11:57:25.900000,35.07983333333333,132.42266666666666,8.99,0.6,V,0.0028333333333333,0.0026666666666666,0.44,0.05,,,earthquake,depth free,high manual,11.995608025642056,-304.0886265843083,13.45901703240636,,False,19.156703243178328
2012-03-23 14:35:15.590000,35.08233333333334,132.69483333333335,11.2,0.8,V,0.0015,0.0013333333333333,0.52,0.03,,,earthquake,depth free,high manual,11.483619947018544,-279.30118162103463,14.757509501201492,,False,15.042295780679831
2012-03-26 11:44:28.930000,35.0895,132.67416666666665,10.09,1.6,V,0.0018333333333333,0.0021666666666666,0.73,0.03,,,earthquake,depth free,high manual,12.329851745963698,-281.190786279208,13.707453000373564,,False,13.373037439607245
2012-03-30 11:17:08.130000,35.106,132.66316666666668,10.57,2.6,V,0.002,0.0023333333333333,0.65,0.03,,,earthquake,depth free,high manual,14.19524257902862,-282.11471337755967,14.208046065431992,,False,11.264359844938761
2012-03-30 13:25:41.540000,35.090500000000006,132.695,10.39,0.9,V,0.002,0.0025,0.79,0.04,,,earthquake,depth free,high manual,12.383679077954852,-279.28639885431306,13.940292892637416,,False,14.456077570107215
2012-04-02 04:05:33.330000,35.089666666666666,132.6725,9.41,0.6,V,0.0018333333333333,0.0021666666666666,0.74,0.03,,,earthquake,depth free,high manual,12.348473562128554,-281.3654661789716,13.03305861071651,,False,13.391125609212196
2012-04-04 11:27:25.600000,35.09366666666667,132.565,10.14,1.1,V,0.0025,0.0023333333333333,0.5,0.04,,,earthquake,depth free,high manual,13.10910349918506,-291.07949883897936,14.109241485703032,,False,10.481379383347909
2012-04-08 07:24:56.250000,35.13666666666666,132.71349999999998,10.02,1.4,V,0.0021666666666666,0.0023333333333333,0.7,0.04,,,earthquake,depth free,high manual,17.451815357544827,-277.4630780887961,13.474028644887966,,False,12.85762413585976
2012-04-09 08:28:16.960000,35.151,132.728,9.5,1.0,V,0.0023333333333333,0.0021666666666666,0.67,0.04,,,earthquake,depth free,high manual,18.998648224633666,-276.11726610626465,12.898011015677053,,False,13.614997476509247
2012-04-09 12:37:02.790000,35.09516666666667,132.67033333333333,9.12,0.6,V,0.0023333333333333,0.0026666666666666,0.97,0.04,,,earthquake,depth free,high manual,12.963064598202289,-281.5533198868026,12.745362450126644,,False,12.86298785358306
2012-04-19 23:11:22.340000,35.155,132.6,8.16,1.0,V,0.0023333333333333,0.0021666666666666,0.61,0.04,,,earthquake,depth free,high manual,19.80073071530259,-287.7588441207799,11.965093553056423,,False,5.2983376416447605
2012-04-26 01:47:06.840000,35.09366666666667,132.6748333333333,10.67,0.7,V,0.0026666666666666,0.0023333333333333,0.83,0.05,,,earthquake,depth free,high manual,12.79419543838551,-281.0954345745736,14.281316581561686,,False,12.969086282431967
2012-04-29 04:59:11.380000,35.093833333333336,132.665,8.89,0.6,V,0.002,0.0023333333333333,0.86,0.03,,,earthquake,depth free,high manual,12.828780019275651,-282.05007904213073,12.533707242906102,,False,12.75709283620868
2012-05-07 08:57:44.300000,35.1475,132.685,11.86,0.9,V,0.0023333333333333,0.0023333333333333,0.58,0.04,,,earthquake,depth free,high manual,18.74510536861014,-279.94584323168465,15.394293265773012,,False,9.832849131781215
2012-05-09 05:06:44.630000,35.16,132.7468333333333,8.98,0.6,V,0.0023333333333333,0.0026666666666666,0.69,0.04,,,earthquake,depth free,high manual,19.941968365930887,-274.39674910814574,12.313176081693484,,False,15.121388694266505
2012-05-12 13:38:34.460000,35.103833333333334,132.66483333333335,9.34,1.6,V,0.0018333333333333,0.002,0.72,0.03,,,earthquake,depth free,high manual,13.942026333322897,-282.01460425179874,12.975350989316976,,False,11.774723374218732
2012-05-13 07:58:36.250000,35.07016666666667,132.4873333333333,10.01,0.6,V,0.0021666666666666,0.002,0.36,0.04,,,earthquake,depth free,high manual,10.732669566633978,-298.21674552339726,14.262721698826772,,False,15.727534461334555
2012-05-15 12:56:29.330000,35.094166666666666,132.6665,8.49,1.6,V,0.002,0.0023333333333333,0.81,0.03,,,earthquake,depth free,high manual,12.858800235598444,-281.92695852607903,12.128881594716184,,False,12.911822085141658
2012-05-17 06:56:50.480000,35.1585,132.56616666666667,9.2,2.1,V,0.0018333333333333,0.0023333333333333,0.47,0.03,,,earthquake,depth free,high manual,20.294180671937063,-290.7763426656668,13.113450288218528,,False,4.525786015087264
2012-05-17 06:57:08.590000,35.163666666666664,132.56283333333334,7.97,1.5,V,0.0031666666666666,0.0034999999999999,0.8,0.05,,,earthquake,depth free,high manual,20.87066265524879,-291.10537844337455,11.891547231401995,,False,5.236304094940975
2012-05-17 20:05:58.850000,35.16083333333333,132.5641666666667,9.27,1.7,V,0.002,0.0021666666666666,0.44,0.03,,,earthquake,depth free,high manual,20.55940177591704,-290.9467438337673,13.188309527458818,,False,4.398596634369206
2012-05-20 13:58:16.380000,35.32183333333334,132.47766666666666,15.61,0.6,V,0.0031666666666666,0.0036666666666666,0.77,0.06,,,earthquake,depth free,high manual,38.70100135367439,-297.9550546077703,19.720964525370334,,False,18.473316644989506
2012-05-26 03:57:57.780000,35.093,132.671,10.2,1.2,V,0.0016666666666666,0.002,0.64,0.03,,,earthquake,depth free,high manual,12.727987684610085,-281.462142513575,13.824418036194634,,False,12.878485684896452
2012-06-03 14:46:18.160000,35.1235,132.62900000000002,8.31,0.5,V,0.0021666666666666,0.0023333333333333,0.76,0.03,,,earthquake,depth free,high manual,16.221142492070516,-285.2339420955694,12.04508109491534,,False,8.687249202743889
2012-06-05 19:33:24.370000,35.092333333333336,132.67283333333333,10.17,1.3,V,0.0018333333333333,0.002,0.7,0.03,,,earthquake,depth free,high manual,12.648583720025233,-281.29915759411443,13.789172368876468,,False,13.040715634992434
2012-06-08 08:12:41.940000,35.089333333333336,132.6738333333333,10.24,0.6,V,0.002,0.0018333333333333,0.68,0.04,,,earthquake,depth free,high manual,12.313328875941837,-281.2163131656472,13.858564297542758,,False,13.347512613942353
2012-06-13 04:54:33.670000,35.08233333333334,132.49383333333333,10.85,1.8,V,0.0016666666666666,0.0021666666666666,0.31,0.03,,,earthquake,depth free,high manual,12.068760567987368,-297.55060035340824,15.068772213924154,,False,14.200771452961938
2012-06-13 10:25:18.320000,35.2495,132.72033333333334,11.47,0.8,V,0.0021666666666666,0.0026666666666666,0.47,0.04,,,earthquake,depth free,high manual,29.959084674736147,-276.4085012113861,14.82561780687126,,False,14.110798338283537
2012-06-14 03:20:25.610000,35.1765,132.65216666666666,8.23,1.7,V,0.0021666666666666,0.0025,0.67,0.03,,,earthquake,depth free,high manual,22.036600286640812,-282.95032535455124,11.849989529315032,,False,7.166305898899907
2012-06-14 04:41:21.270000,35.026833333333336,132.6765,13.84,1.7,V,0.0016666666666666,0.0018333333333333,0.61,0.03,,,earthquake,depth free,high manual,5.399243426025049,-281.0628385891127,17.50633996091465,,False,19.395612088969916
2012-06-14 17:14:26.720000,35.08616666666667,132.71416666666664,7.61,0.6,V,0.0016666666666666,0.0013333333333333,0.74,0.03,,,earthquake,depth free,high manual,11.829657955354689,-277.6585848291326,11.10553183719876,,False,16.553810818362297
2012-06-15 17:05:49.310000,35.222,132.6905,6.16,0.7,V,0.003,0.0021666666666666,0.45,0.04,,,earthquake,depth free,high manual,26.968340522260696,-279.39034424962483,9.628880176102207,,False,11.89842253513658
2012-06-15 20:34:59.970000,35.20216666666667,132.77533333333335,14.96,0.6,V,0.0018333333333333,0.0016666666666666,0.39,0.04,,,earthquake,depth free,high manual,24.57215795798313,-271.46893696588245,18.17278856651441,,False,17.448508608635358
2012-06-16 14:24:02.810000,35.04566666666666,132.48183333333333,10.93,1.0,V,0.0015,0.0018333333333333,0.33,0.03,,,earthquake,depth free,high manual,8.03777333885174,-298.7706550788697,15.224083337747969,,False,18.167570158562118
2012-06-17 11:16:22.320000,35.2175,132.69166666666666,5.94,0.7,V,0.0021666666666666,0.0023333333333333,0.49,0.03,,,earthquake,depth free,high manual,26.464385291151302,-279.3077866808861,9.40814075710674,,False,11.931847926431944
2012-06-17 17:17:24.320000,35.0445,132.48283333333333,10.65,0.6,V,0.0016666666666666,0.002,0.35,0.03,,,earthquake,depth free,high manual,7.9032168317770575,-298.6948215379083,14.94199212589804,,False,18.251552518107022
2012-06-18 10:50:26.290000,35.13316666666667,132.7335,10.12,0.8,V,0.0018333333333333,0.002,0.59,0.03,,,earthquake,depth free,high manual,17.007984467011674,-275.6576401822561,13.514311003188414,,False,14.63816909038604
2012-06-18 13:14:34.900000,35.0915,132.5065,15.79,1.6,V,0.0016666666666666,0.0021666666666666,0.36,0.03,,,earthquake,depth free,high manual,13.080655578608958,-296.1818543552564,19.95380755606702,,False,13.158841065841667
2012-06-18 13:20:42.660000,35.095,132.5025,15.51,0.8,V,0.0025,0.002,0.36,0.04,,,earthquake,depth free,high manual,13.478808913171086,-296.54225423765274,19.68455285432394,,False,12.98931215306236
2012-06-23 15:05:14.580000,35.1025,132.66566666666668,10.48,0.5,V,0.0023333333333333,0.0021666666666666,0.77,0.05,,,earthquake,depth free,high manual,13.79917004076838,-281.90323813273926,14.11308182144749,,False,11.718212142703104
2012-06-27 06:47:41.730000,35.13616666666667,132.71233333333333,9.83,1.0,V,0.002,0.0021666666666666,0.67,0.04,,,earthquake,depth free,high manual,17.39847348431274,-277.57719236672085,13.28819573468092,,False,12.81914529516958
2012-06-28 17:33:44.160000,35.12866666666667,132.5535,12.17,0.5,V,0.0023333333333333,0.0025,0.45,0.04,,,earthquake,depth free,high manual,17.03888482989022,-291.92210158128614,16.146749225009902,,False,6.905444571408261
2012-07-05 23:56:17.670000,35.09066666666667,132.672,9.39,1.8,V,0.002,0.002,0.72,0.03,,,earthquake,depth free,high manual,12.460737328382528,-281.4080910564323,13.013789777299326,,False,13.281453458674212
2012-07-08 15:01:19.690000,35.14983333333333,132.73266666666666,13.39,0.8,V,0.0018333333333333,0.0018333333333333,0.49,0.04,,,earthquake,depth free,high manual,18.878594578062103,-275.5640780235025,16.772002339641396,,False,13.854644260915789
2012-07-10 13:58:11.190000,35.097500000000004,132.67266666666666,10.95,0.5,V,0.0016666666666666,0.0015,0.52,0.03,,,earthquake,depth free,high manual,13.227549601530027,-281.2688754320272,14.564721109675316,,False,12.486995628080647
2012-07-11 18:09:01.270000,35.099833333333336,132.6735,12.04,0.7,V,0.002,0.0018333333333333,0.58,0.04,,,earthquake,depth free,high manual,13.491267423263276,-281.1467313143589,15.649356866007608,,False,12.27824888964157
2012-07-13 10:03:17.220000,35.1545,132.77866666666668,5.18,2.0,V,0.002,0.0021666666666666,0.8,0.03,,,earthquake,depth free,high manual,19.221768236133247,-271.65668328252724,8.421772861762989,,False,19.05970648038561
2012-07-16 04:59:35.250000,35.05433333333333,132.706,14.71,1.0,V,0.0013333333333333,0.0015,0.48,0.03,,,earthquake,depth free,high manual,8.371740820982893,-278.2612609602523,18.255755137770848,,False,18.251241187620796
2012-07-16 11:51:37.200000,35.1265,132.7445,9.45,0.9,V,0.0016666666666666,0.0016666666666666,0.52,0.03,,,earthquake,depth free,high manual,16.233402315409407,-274.7054654843965,12.815919879461024,,False,15.939543278680171
2012-07-18 01:31:17.520000,35.157333333333334,132.7725,8.68,0.6,V,0.0018333333333333,0.0025,0.58,0.03,,,earthquake,depth free,high manual,19.573229682292208,-272.08826856794786,11.936437085520929,,False,17.478381963732943
2012-07-18 01:48:02.710000,35.156,132.77566666666667,9.23,1.2,V,0.002,0.0021666666666666,0.59,0.03,,,earthquake,depth free,high manual,19.41964170122941,-271.7869361680105,12.477429961645823,,False,17.682607831482258
2012-07-24 01:24:12.430000,35.178999999999995,132.732,13.45,0.8,V,0.002,0.002,0.48,0.04,,,earthquake,depth free,high manual,22.115558125660097,-275.5234692065369,16.81275789893208,,False,13.262606785133368
2012-07-25 01:17:33.100000,35.11533333333333,132.56650000000002,11.89,2.8,V,0.0016666666666666,0.002,0.36,0.03,,,earthquake,depth free,high manual,15.51977884313736,-290.80151026214844,15.834560580528056,,False,7.91324590854459
2012-07-25 01:19:17.630000,35.11566666666667,132.56266666666667,11.44,1.2,V,0.0016666666666666,0.0021666666666666,0.41,0.03,,,earthquake,depth free,high manual,15.565225908620704,-291.16451230768973,15.397345210281568,,False,7.991787799010326
2012-07-25 01:50:52.360000,35.11983333333333,132.565,12.03,0.5,V,0.0018333333333333,0.0018333333333333,0.32,0.03,,,earthquake,depth free,high manual,16.024241897330967,-290.9162754656157,15.97572685133102,,False,7.4599151732100495
2012-07-25 04:19:55.320000,35.11633333333334,132.56616666666667,11.91,3.0,V,0.0018333333333333,0.0023333333333333,0.4,0.03,,,earthquake,depth free,high manual,15.631813672615554,-290.8274247199969,15.854823922747398,,False,7.811908517450058
2012-07-25 10:38:15.850000,35.117333333333335,132.56400000000002,11.45,1.0,V,0.0021666666666666,0.0021666666666666,0.45,0.04,,,earthquake,depth free,high manual,15.746245697553643,-291.0372681428654,15.40152013934276,,False,7.780957269717428
2012-07-25 11:10:59.240000,35.12016666666667,132.562,12.0,0.6,V,0.0021666666666666,0.0021666666666666,0.4,0.04,,,earthquake,depth free,high manual,16.069879175714643,-291.18820251152323,15.955452771371716,,False,7.501402199229207
2012-07-25 11:41:35.320000,35.12133333333333,132.5635,11.76,0.7,V,0.0026666666666666,0.0021666666666666,0.45,0.05,,,earthquake,depth free,high manual,16.19337872687816,-291.05686756996846,15.709671754693591,,False,7.346098692380188
2012-07-26 00:10:18,35.13466666666667,132.68316666666666,10.48,0.6,V,0.0018333333333333,0.0021666666666666,0.61,0.03,,,earthquake,depth free,high manual,17.318380067423302,-280.20477577070517,14.030951704120236,,False,10.498035603395946
2012-07-28 05:29:47.300000,35.06466666666666,132.51816666666667,6.78,0.7,V,0.0016666666666666,0.002,0.38,0.03,,,earthquake,depth free,high manual,10.006511431849551,-295.55980132226466,10.935103076581846,,False,15.64724049573932
2012-07-29 05:15:15,35.096833333333336,132.66066666666669,10.63,0.6,V,0.0016666666666666,0.002,0.62,0.03,,,earthquake,depth free,high manual,13.18572518082274,-282.3711773111705,14.283843346382106,,False,11.933582299013217
2012-07-29 13:57:52.460000,35.21483333333334,132.68933333333334,7.1,1.1,V,0.002,0.0023333333333333,0.49,0.03,,,earthquake,depth free,high manual,26.18026006744598,-279.4878991627808,10.57647967706426,,False,11.103082568529837
2012-07-31 03:14:53.350000,35.1145,132.56433333333334,11.49,1.1,V,0.0016666666666666,0.0018333333333333,0.39,0.03,,,earthquake,depth free,high manual,15.431201306469516,-291.0157027058255,15.44273611073095,,False,8.072534802633998
2012-08-01 21:24:43,35.084,132.49466666666666,10.92,1.2,V,0.0015,0.0018333333333333,0.31,0.03,,,earthquake,depth free,high manual,12.251627930008926,-297.466257870301,15.134377765440233,,False,14.001668622292401
2012-08-02 15:14:08.540000,35.06166666666666,132.44133333333335,8.28,0.6,V,0.0021666666666666,0.002,0.37,0.04,,,earthquake,depth free,high manual,9.9171455005549,-302.48952540875064,12.701020458854147,,False,19.376123458647108
2012-08-03 22:49:11.500000,35.10016666666667,132.49599999999998,12.56,1.2,V,0.0015,0.0018333333333333,0.31,0.03,,,earthquake,depth free,high manual,14.051866736394748,-297.2242018594904,16.754397094325174,,False,12.483112411239016
2012-08-05 04:54:27.350000,35.11183333333334,132.56716666666665,10.82,0.8,V,0.0016666666666666,0.0021666666666666,0.48,0.03,,,earthquake,depth free,high manual,15.122761684248728,-290.79295850249827,14.76601405999157,,False,8.37860056405022
2012-08-07 12:09:46.150000,35.11933333333334,132.562,11.5,0.7,V,0.002,0.0023333333333333,0.37,0.04,,,earthquake,depth free,high manual,15.974326727038742,-291.2096280477314,15.45648848278247,,False,7.615005045524614
2012-08-07 18:27:18.340000,35.1145,132.566,11.61,1.0,V,0.0018333333333333,0.0021666666666666,0.36,0.03,,,earthquake,depth free,high manual,15.42704498140429,-290.86014134189685,15.557111116712491,,False,8.02715328488705
2012-08-12 12:51:04.730000,35.088166666666666,132.673,9.58,0.5,V,0.002,0.0023333333333333,0.77,0.04,,,earthquake,depth free,high manual,12.18174788847304,-281.3192704633984,13.20267233820234,,False,13.515613595235152
2012-08-13 00:47:20.560000,35.154666666666664,132.66,10.22,0.5,V,0.0025,0.0025,0.62,0.04,,,earthquake,depth free,high manual,19.602045310884233,-282.24539782406663,13.829539700039213,,False,7.6820022022400085
2012-08-13 16:10:24.550000,35.115833333333335,132.56683333333334,11.28,0.9,V,0.0018333333333333,0.0023333333333333,0.39,0.03,,,earthquake,depth free,high manual,15.570420699451288,-290.7919554814663,15.223463328979244,,False,7.894903410024302
2012-08-16 14:58:45.880000,35.05683333333333,132.52683333333334,7.2,0.5,V,0.0031666666666666,0.0023333333333333,0.45,0.05,,,earthquake,depth free,high manual,9.114042657561251,-294.7854531491241,11.3328256791224,,False,15.97705567413835
2012-08-25 10:28:51.310000,35.11116666666667,132.66333333333333,10.51,0.6,V,0.0026666666666666,0.0021666666666666,0.71,0.05,,,earthquake,depth free,high manual,14.76763858754933,-282.0838066640158,14.143208346498808,,False,10.844296228091933
2012-08-26 22:57:35.890000,35.102000000000004,132.66899999999998,9.35,0.8,V,0.002,0.0021666666666666,0.74,0.04,,,earthquake,depth free,high manual,13.726736913294957,-281.64253242364026,12.973592850691697,,False,12.157026886317182
2012-08-29 08:26:31.610000,35.102000000000004,132.67433333333332,9.76,0.6,V,0.0021666666666666,0.0021666666666666,0.7,0.04,,,earthquake,depth free,high manual,13.714225230930614,-281.14412913795024,13.366320331263562,,False,12.375091427391606
2012-08-30 01:08:34.250000,35.178,132.6723333333333,6.75,0.9,V,0.0023333333333333,0.0025,0.73,0.03,,,earthquake,depth free,high manual,22.137662809212458,-281.1688359065515,10.305360418213422,,False,9.48310860721062
2012-09-04 18:25:27,35.1075,132.66766666666666,10.33,0.5,V,0.0018333333333333,0.0016666666666666,0.52,0.03,,,earthquake,depth free,high manual,14.347258839267324,-281.70979354223726,13.952551852121433,,False,11.430423241855983
2012-09-04 20:19:26.420000,35.09883333333334,132.672,11.7,0.5,V,0.0025,0.002,0.72,0.05,,,earthquake,depth free,high manual,13.3823577283915,-281.29825116027655,15.315214201605272,,False,12.284792530960445
2012-09-05 11:57:20.160000,35.04116666666666,132.6423333333333,14.91,1.4,V,0.0015,0.0018333333333333,0.51,0.03,,,earthquake,depth free,high manual,7.094745490415565,-284.0754537894719,18.67102150626589,,False,16.93479444973614
2012-09-08 02:42:09.880000,35.0775,132.6845,12.97,0.7,V,0.0016666666666666,0.0018333333333333,0.59,0.03,,,earthquake,depth free,high manual,10.98911525115304,-280.19317005373017,16.56341059050889,,False,14.865740907248705
2012-09-09 00:48:19,35.11683333333333,132.52050000000003,7.85,0.5,V,0.0026666666666666,0.0028333333333333,0.37,0.04,,,earthquake,depth free,high manual,15.797438873940836,-295.1186106198668,11.950439845400068,,False,10.540779197772386
2012-09-11 11:50:40.850000,35.100500000000004,132.66866666666667,10.04,1.1,V,0.0016666666666666,0.0016666666666666,0.53,0.03,,,earthquake,depth free,high manual,13.565786039248406,-281.65356265712506,13.665492416943088,,False,12.126456237272341
2012-09-14 08:58:12.830000,35.17066666666666,132.48333333333332,13.89,0.8,V,0.0038333333333333,0.0041666666666666,0.56,0.07,,,earthquake,depth free,high manual,21.91645158810972,-298.06368088325667,18.07066113991931,,False,9.66204454996849
2012-09-16 06:53:11.600000,35.044666666666664,132.56683333333334,6.31,0.7,V,0.0016666666666666,0.002,0.49,0.02,,,earthquake,depth free,high manual,7.637961417419432,-291.2293612604116,10.320980902651272,,False,16.69601154704742
2012-09-20 09:41:42.500000,35.171166666666664,132.74183333333332,8.98,1.7,V,0.002,0.0021666666666666,0.59,0.03,,,earthquake,depth free,high manual,21.195209286297978,-274.8123730249288,12.320519531206989,,False,14.504977961132566
2012-09-21 07:41:23.950000,35.080000000000005,132.49416666666664,11.12,0.6,V,0.002,0.0018333333333333,0.31,0.04,,,earthquake,depth free,high manual,11.81075015210006,-297.51865738368855,15.339534073800948,,False,14.369353271470919
2012-09-28 04:29:22.250000,35.092333333333336,132.67366666666666,11.65,0.7,V,0.0015,0.0013333333333333,0.45,0.03,,,earthquake,depth free,high manual,12.65620169675138,-281.1712897412148,15.265560058307797,,False,12.946008042748158
2012-09-28 12:11:25.340000,35.089000000000006,132.67533333333333,11.02,1.2,V,0.0018333333333333,0.002,0.65,0.03,,,earthquake,depth free,high manual,12.277381131488328,-281.05383324331757,14.633575106878135,,False,13.36982623453711
2012-09-30 15:06:29.300000,35.135666666666665,132.65483333333333,7.7,1.9,V,0.0021666666666666,0.0023333333333333,0.76,0.03,,,earthquake,depth free,high manual,17.493520046250786,-282.869535228769,11.342370667931515,,False,9.354165679424701
2012-10-01 04:43:10.420000,35.133833333333335,132.65716666666668,7.16,1.2,V,0.002,0.0023333333333333,0.74,0.03,,,earthquake,depth free,high manual,17.280075259553875,-282.68340546541384,10.796683582098945,,False,9.874464824638086
2012-10-03 03:20:32.200000,35.0545,132.65083333333334,14.66,1.1,V,0.0015,0.0018333333333333,0.5,0.03,,,earthquake,depth free,high manual,8.546807699629912,-283.2668852029094,18.38103399004543,,False,15.77753955885204
2012-10-07 15:04:27.920000,35.102000000000004,132.66533333333334,9.28,1.2,V,0.0016666666666666,0.002,0.64,0.03,,,earthquake,depth free,high manual,13.736749142553348,-281.9777149632656,12.915352712589492,,False,11.97183213812215
2012-10-11 00:57:50.560000,35.134,132.65633333333335,6.89,0.9,V,0.0023333333333333,0.0026666666666666,0.89,0.03,,,earthquake,depth free,high manual,17.299340644194633,-282.7680292888398,10.529400342510469,,False,9.954586557395018
2012-10-11 05:27:01.940000,35.094833333333334,132.487,10.31,1.1,V,0.0016666666666666,0.002,0.29,0.03,,,earthquake,depth free,high manual,13.47258279135957,-298.1452776722822,14.541480485464232,,False,13.586180144568415
2012-10-14 03:51:32.440000,35.0955,132.6745,9.86,1.9,V,0.0018333333333333,0.0021666666666666,0.69,0.03,,,earthquake,depth free,high manual,12.993131360547334,-281.14793271947053,13.471310897259684,,False,12.910650703488923
2012-10-16 17:08:16.650000,35.21333333333334,132.79483333333334,8.79,0.7,V,0.0023333333333333,0.0023333333333333,0.58,0.04,,,earthquake,depth free,high manual,25.727906785427272,-269.87278745006523,11.939931057978413,,False,19.43904432397992
2012-10-19 17:13:33.360000,35.06933333333334,132.50266666666667,6.26,1.1,V,0.002,0.002,0.33,0.03,,,earthquake,depth free,high manual,10.567438697248834,-296.9698780416698,10.463852733328466,,False,16.01999024762745
2012-10-20 18:15:52.320000,35.113,132.56583333333336,11.35,1.1,V,0.002,0.0023333333333333,0.41,0.03,,,earthquake,depth free,high manual,15.259489868033828,-290.89019522838623,15.299098376928832,,False,8.213017964060407
2012-10-28 22:12:12.830000,35.123,132.72083333333333,10.25,0.6,V,0.0021666666666666,0.0018333333333333,0.65,0.04,,,earthquake,depth free,high manual,15.916131693552074,-276.8365706502522,13.691839681037209,,False,14.094249518676845
2012-10-30 23:06:41.640000,35.14933333333333,132.66716666666665,10.71,1.3,V,0.0023333333333333,0.0018333333333333,0.52,0.04,,,earthquake,depth free,high manual,18.99260224922947,-281.5967813171593,14.300348141426296,,False,8.41128284042879
2012-11-03 21:46:02.720000,35.10816666666667,132.66566666666668,10.7,0.6,V,0.0021666666666666,0.002,0.6,0.04,,,earthquake,depth free,high manual,14.429337364724844,-281.87581535874295,14.328140211443328,,False,11.20506941996927
2012-11-07 19:33:37.490000,35.1025,132.6685,9.69,0.9,V,0.0018333333333333,0.002,0.67,0.03,,,earthquake,depth free,high manual,13.785886251646232,-281.6741427658097,13.314542653317687,,False,12.013277687626593
2012-11-10 06:24:45.230000,35.089000000000006,132.428,11.97,0.6,V,0.0026666666666666,0.0023333333333333,0.37,0.05,,,earthquake,depth free,high manual,13.016378888302055,-303.45479827917876,16.40977101664949,,False,17.892415550317338
2012-11-10 06:26:18.450000,35.08416666666667,132.4283333333333,11.87,1.2,V,0.0015,0.0018333333333333,0.28,0.03,,,earthquake,depth free,high manual,12.478563170133851,-303.44645802370064,16.31299615707481,,False,18.193579040822097
2012-11-10 18:26:28.540000,35.086000000000006,132.42816666666667,11.56,0.5,V,0.0023333333333333,0.0021666666666666,0.34,0.04,,,earthquake,depth free,high manual,12.68033991412826,-303.46677502285036,16.002178471074583,,False,18.089008376628932
2012-11-11 04:00:59.390000,35.085166666666666,132.4298333333333,11.96,0.6,V,0.0018333333333333,0.0018333333333333,0.26,0.03,,,earthquake,depth free,high manual,12.585481588935544,-303.30318851443906,16.3967782713937,,False,18.016725508916366
2012-11-14 16:34:44.720000,35.0765,132.42466666666667,9.53,1.6,V,0.0025,0.0021666666666666,0.4,0.04,,,earthquake,depth free,high manual,11.623273172661763,-303.8985803118665,13.99460830016348,,False,19.163337418161404
2012-11-15 01:52:31.670000,35.072833333333335,132.42616666666666,8.64,0.6,V,0.0048333333333333,0.0036666666666666,1.05,0.12,,,earthquake,depth free,high manual,11.20558309418414,-303.8107129679207,13.103400136991455,,False,19.459376928931203
2012-11-15 23:58:54.100000,35.205000000000005,132.4235,14.17,1.4,V,0.002,0.0021666666666666,0.35,0.03,,,earthquake,depth free,high manual,25.90726554934384,-303.3441441297409,18.53384756766889,,False,15.105475830125837
2012-11-18 08:19:39.190000,35.03366666666666,132.66916666666663,9.0,0.6,V,0.0011666666666666,0.0015,0.55,0.02,,,earthquake,depth free,high manual,6.1403142273067015,-281.8761405760555,12.68612469654317,,False,18.625578578069728
2012-11-25 00:00:32.210000,35.11033333333334,132.515,8.16,0.6,V,0.0025,0.0025,0.34,0.04,,,earthquake,depth free,high manual,15.09440875272621,-295.62960858684096,12.284289620748629,,False,11.233210936675455
2012-11-25 21:05:08.120000,35.10616666666667,132.54783333333333,9.27,0.5,V,0.0023333333333333,0.0023333333333333,0.37,0.04,,,earthquake,depth free,high manual,14.541222780326736,-292.62430456604426,13.286376037944777,,False,9.8255260129177
2012-11-25 23:31:51.540000,35.10733333333334,132.66366666666667,10.26,0.9,V,0.002,0.0021666666666666,0.63,0.03,,,earthquake,depth free,high manual,14.339739814623506,-282.07572025956785,13.895522064666023,,False,11.22603640472396
2012-11-29 18:29:29.420000,35.03883333333333,132.70516666666666,13.41,0.6,V,0.0013333333333333,0.0015,0.49,0.03,,,earthquake,depth free,high manual,6.64541823301674,-278.4351314032146,16.97406168079999,,False,19.474599474045036
2012-12-02 08:10:30.790000,35.106500000000004,132.633,9.78,1.2,V,0.0021666666666666,0.0021666666666666,0.6,0.03,,,earthquake,depth free,high manual,14.332265346644792,-284.877844449234,13.515244680236837,,False,9.924498466437122
2012-12-03 16:36:16.980000,35.1,132.66866666666667,10.39,0.7,V,0.0016666666666666,0.0016666666666666,0.55,0.03,,,earthquake,depth free,high manual,13.512620554737651,-281.6429123284255,14.015694038031413,,False,12.11375239914428
2012-12-04 19:16:53.350000,35.225500000000004,132.78116666666668,14.28,0.9,V,0.0016666666666666,0.0015,0.35,0.03,,,earthquake,depth free,high manual,27.1403224310647,-270.88567614226594,17.460673409680567,,False,18.334275116988543
2012-12-05 18:45:19.340000,35.22416666666667,132.781,14.09,0.6,V,0.0018333333333333,0.0018333333333333,0.42,0.04,,,earthquake,depth free,high manual,26.99206677351113,-270.91162584622947,17.27210439834086,,False,18.262751137917377
2012-12-22 19:05:04.160000,35.067,132.68966666666668,11.79,1.1,V,0.0015,0.0016666666666666,0.57,0.03,,,earthquake,depth free,high manual,9.80138640151375,-279.8019471164976,15.37734970772059,,False,16.06489863176718
2012-12-25 20:20:06.630000,35.09366666666667,132.511,13.73,1.6,V,0.0018333333333333,0.002,0.3,0.03,,,earthquake,depth free,high manual,13.293639849590786,-295.84359145136153,17.878129270348882,,False,12.315905629695633
2012-12-28 03:26:46.960000,35.1105,132.66116666666667,10.26,0.6,V,0.0028333333333333,0.0025,0.78,0.05,,,earthquake,depth free,high manual,14.698258190020608,-282.2915272276509,13.900862329856318,,False,10.816240587659916
2012-12-31 01:53:05.560000,35.05983333333333,132.4895,11.27,0.7,V,0.0016666666666666,0.0016666666666666,0.28,0.03,,,earthquake,depth free,high manual,9.5886925930267,-298.01009951593215,15.523990064571024,,False,16.447493405035573
2013-01-01 00:41:15.890000,35.090500000000006,132.6755,10.77,1.2,V,0.0018333333333333,0.0018333333333333,0.62,0.03,,,earthquake,depth free,high manual,12.44162827011388,-281.04235394077386,14.381890967393652,,False,13.270688875966671
2013-01-01 01:59:54.890000,35.10166666666667,132.67183333333332,10.12,0.6,V,0.002,0.0018333333333333,0.6,0.03,,,earthquake,depth free,high manual,13.686734521539597,-281.3593932433946,13.73433981995084,,False,12.193383925009945
2013-01-01 02:51:21.120000,35.13516666666666,132.74533333333332,7.62,1.4,V,0.002,0.0021666666666666,0.8,0.03,,,earthquake,depth free,high manual,17.181824792568396,-274.66329258231406,10.97756341279422,,False,16.06073741152435
2013-01-04 06:13:38.950000,35.14833333333333,132.56150000000002,9.58,1.0,V,0.0021666666666666,0.0026666666666666,0.48,0.04,,,earthquake,depth free,high manual,19.18188468885948,-291.22189340305545,13.516413595390745,,False,5.290056220874707
2013-01-14 22:02:28.600000,35.0985,132.56283333333334,5.95,0.8,V,0.002,0.002,0.38,0.03,,,earthquake,depth free,high manual,13.62415926103138,-291.4133236893373,9.92519419045334,,False,11.593804537151792
2013-01-17 21:21:48.970000,35.10733333333334,132.66466666666668,10.33,0.6,V,0.002,0.0016666666666666,0.56,0.03,,,earthquake,depth free,high manual,14.337335490874326,-281.98252230047405,13.962278607005722,,False,11.271313439719492
2013-01-19 08:07:27.970000,35.14216666666667,132.64383333333333,8.42,0.6,V,0.003,0.0021666666666666,0.71,0.05,,,earthquake,depth free,high manual,18.25085868641709,-283.81906664781457,12.092199990595972,,False,7.933671823317165
2013-01-20 05:47:08.740000,35.0915,132.6745,10.71,1.0,V,0.0016666666666666,0.0018333333333333,0.62,0.03,,,earthquake,depth free,high manual,12.555020797935976,-281.1317484767025,14.324239955406531,,False,13.134509362633938
2013-01-21 15:10:04.480000,35.1405,132.68633333333332,11.54,2.1,V,0.0021666666666666,0.0023333333333333,0.62,0.04,,,earthquake,depth free,high manual,17.962906910055327,-279.8603092821404,15.075669376607165,,False,10.303329541392264
2013-01-22 03:18:02.850000,35.103833333333334,132.67033333333333,11.98,0.9,V,0.0018333333333333,0.0018333333333333,0.53,0.04,,,earthquake,depth free,high manual,13.943612177057776,-281.42224113875244,15.5960761784348,,False,11.754104049780425
2013-01-22 14:23:28.830000,35.059,132.5045,9.77,0.7,V,0.003,0.003,0.49,0.06,,,earthquake,depth free,high manual,9.440162720821965,-296.7085859581119,13.974659074462906,,False,15.994118755941686
2013-01-24 08:32:12.430000,35.108333333333334,132.58766666666668,6.94,1.4,V,0.0018333333333333,0.002,0.5,0.03,,,earthquake,depth free,high manual,14.649262248805291,-289.08778395697647,10.823783602303225,,False,9.938457203241878
2013-01-27 15:40:17.690000,35.103,132.59050000000002,6.01,2.8,V,0.0016666666666666,0.0021666666666666,0.57,0.02,,,earthquake,depth free,high manual,14.042818520893183,-288.8835015368984,9.889614371656291,,False,10.945499890175954
2013-01-27 15:41:38.700000,35.103833333333334,132.58866666666668,6.04,1.5,V,0.0023333333333333,0.0026666666666666,0.64,0.03,,,earthquake,depth free,high manual,14.140908836645291,-289.04587182388565,9.924925524134345,,False,10.84802079615137
2013-01-27 16:26:13.740000,35.113166666666665,132.58683333333337,7.08,1.1,V,0.0021666666666666,0.0018333333333333,0.42,0.03,,,earthquake,depth free,high manual,15.189159717275215,-289.141120830557,10.962376348369377,,False,9.408597998688293
2013-01-27 16:55:59.380000,35.10366666666667,132.59050000000002,6.05,2.6,V,0.0018333333333333,0.0023333333333333,0.61,0.03,,,earthquake,depth free,high manual,14.117099191722096,-288.8796750713921,9.9290173211513,,False,10.861787726389718
2013-01-27 18:16:45.720000,35.1105,132.58733333333333,6.83,1.1,V,0.0021666666666666,0.002,0.47,0.03,,,earthquake,depth free,high manual,14.890065210380184,-289.1143546926953,10.713133216074304,,False,9.79304292016446
2013-01-27 18:18:33.520000,35.10916666666667,132.58683333333337,6.2,0.7,V,0.0023333333333333,0.0023333333333333,0.56,0.04,,,earthquake,depth free,high manual,14.73946559320888,-289.18749059123013,10.086338747776988,,False,10.268502335614416
2013-01-27 18:35:43.240000,35.10783333333333,132.58700000000002,6.34,0.7,V,0.0021666666666666,0.0021666666666666,0.52,0.03,,,earthquake,depth free,high manual,14.591843528322332,-289.1719873114069,10.226818375516965,,False,10.31040900725
2013-01-27 19:16:06.800000,35.10566666666667,132.58783333333335,6.5,1.6,V,0.002,0.0018333333333333,0.49,0.03,,,earthquake,depth free,high manual,14.349885763143098,-289.098203141775,10.385795994731012,,False,10.423448554178423
2013-01-28 02:48:28.790000,35.227833333333336,132.60183333333333,13.5,2.5,V,0.002,0.0023333333333333,0.45,0.03,,,earthquake,depth free,high manual,27.90270036949446,-287.14093244517153,17.245776339972725,,False,5.168622966848743
2013-01-29 13:39:50.710000,35.111333333333334,132.59,6.4,0.9,V,0.0016666666666666,0.0018333333333333,0.46,0.03,,,earthquake,depth free,high manual,14.972022286938778,-288.8850652101852,10.273936690745046,,False,9.961110848486202
2013-01-30 07:25:06.730000,35.10366666666667,132.58950000000002,6.12,1.1,V,0.0018333333333333,0.0021666666666666,0.58,0.03,,,earthquake,depth free,high manual,14.120483996656308,-288.96789660799834,10.002265153937406,,False,10.820179482937817
2013-01-30 21:05:21.530000,35.111666666666665,132.58683333333337,6.62,0.8,V,0.0021666666666666,0.0021666666666666,0.51,0.03,,,earthquake,depth free,high manual,15.019709954471258,-289.16325865148235,10.503947939973456,,False,9.800813917771158
2013-02-04 08:56:08.530000,35.13816666666666,132.67066666666665,9.61,1.8,V,0.0021666666666666,0.0023333333333333,0.65,0.03,,,earthquake,depth free,high manual,17.737115846006315,-281.3569625931258,13.198512724316044,,False,9.544873304989009
2013-02-04 09:24:54.670000,35.14,132.6695,9.48,2.1,V,0.0021666666666666,0.0023333333333333,0.66,0.03,,,earthquake,depth free,high manual,17.94311968669339,-281.46101699915283,13.070884597651576,,False,9.386938028329803
2013-02-04 09:26:04.970000,35.1465,132.66683333333333,10.51,0.5,V,0.0025,0.002,0.57,0.04,,,earthquake,depth free,high manual,18.678030875801163,-281.64389823455554,14.10370654280254,,False,8.572424830274906
2013-02-04 10:48:00.900000,35.139,132.6705,9.27,1.0,V,0.0023333333333333,0.0025,0.74,0.04,,,earthquake,depth free,high manual,17.828047978427282,-281.38120429844497,12.858610403752698,,False,9.57919109478709
2013-02-04 11:24:29.490000,35.14833333333333,132.66566666666668,10.81,0.9,V,0.0023333333333333,0.0018333333333333,0.52,0.04,,,earthquake,depth free,high manual,18.88651018893376,-281.7327072126819,14.405836364598636,,False,8.329971070276958
2013-02-05 07:03:24.520000,35.14666666666667,132.66683333333333,10.39,0.5,V,0.0021666666666666,0.0018333333333333,0.52,0.04,,,earthquake,depth free,high manual,18.69582715208223,-281.64756551787144,13.983655841362426,,False,8.58687907716478
2013-02-08 17:49:02.930000,35.18,132.65566666666666,9.13,0.9,V,0.0046666666666666,0.0031666666666666,0.86,0.08,,,earthquake,depth free,high manual,22.41974228345001,-282.5888326901904,12.735703872286328,,False,6.961394828731666
2013-02-18 10:18:47.270000,35.282666666666664,132.692,9.09,0.8,V,0.0021666666666666,0.0021666666666666,0.46,0.04,,,earthquake,depth free,high manual,33.71014404314579,-278.94284013635036,12.51826204950698,,False,14.792344595474509
2013-02-18 20:54:46.220000,35.096000000000004,132.67316666666665,9.76,0.9,V,0.0016666666666666,0.0018333333333333,0.61,0.03,,,earthquake,depth free,high manual,13.051745501201788,-281.27071955159187,13.375191212961772,,False,12.811719625853959
2013-02-19 22:27:38.920000,35.10066666666667,132.66783333333333,9.51,0.9,V,0.002,0.0021666666666666,0.69,0.03,,,earthquake,depth free,high manual,13.583158603244447,-281.7473475097527,13.138354188748874,,False,12.16935897054067
2013-02-21 16:33:15.450000,35.136833333333335,132.65283333333335,8.2,1.8,V,0.0018333333333333,0.002,0.62,0.03,,,earthquake,depth free,high manual,17.631743149531026,-283.0291271421401,11.847549078111957,,False,8.927989545697336
2013-02-21 16:56:43.250000,35.13433333333333,132.65383333333335,7.39,2.0,V,0.0021666666666666,0.0023333333333333,0.76,0.03,,,earthquake,depth free,high manual,17.346520093201818,-282.9759248127495,11.036836969578598,,False,9.532293667849483
2013-02-21 17:26:29.220000,35.135,132.65366666666668,7.86,0.8,V,0.0025,0.0023333333333333,0.72,0.03,,,earthquake,depth free,high manual,17.423823407437048,-282.97200786436457,11.506539120595644,,False,9.253034526747381
2013-02-21 20:37:31.560000,35.09066666666667,132.67133333333334,9.31,1.8,V,0.0016666666666666,0.002,0.69,0.03,,,earthquake,depth free,high manual,12.462096541849716,-281.47141805495977,12.935967901307231,,False,13.263105592210813
2013-02-23 13:01:09.110000,35.14216666666667,132.65166666666667,9.04,0.8,V,0.0015,0.0015,0.42,0.02,,,earthquake,depth free,high manual,18.231994192714858,-283.0864818767093,12.686582831500749,,False,8.161124132934537
2013-02-23 16:42:32.980000,35.13333333333333,132.65566666666666,7.15,1.5,V,0.002,0.0021666666666666,0.74,0.03,,,earthquake,depth free,high manual,17.228807629474304,-282.82159884931946,10.791899405617327,,False,9.823978152796991
2013-02-24 08:59:43.540000,35.094166666666666,132.67466666666667,9.86,2.2,V,0.0016666666666666,0.002,0.65,0.03,,,earthquake,depth free,high manual,12.844702184507648,-281.13741521671074,13.471935947801626,,False,13.033769039687925
2013-02-24 12:08:41.220000,35.14683333333333,132.64966666666666,9.14,0.8,V,0.0028333333333333,0.0018333333333333,0.58,0.04,,,earthquake,depth free,high manual,18.75621896646157,-283.24804429169785,12.789345092295097,,False,7.6983778582716855
2013-02-27 04:46:48.900000,35.146166666666666,132.6495,9.42,0.6,V,0.0023333333333333,0.0018333333333333,0.52,0.04,,,earthquake,depth free,high manual,18.68433678400193,-283.25550901139354,13.070210626621448,,False,7.623742275672235
2013-02-27 16:39:29.300000,35.10616666666667,132.66816666666665,9.77,0.8,V,0.0021666666666666,0.0023333333333333,0.73,0.04,,,earthquake,depth free,high manual,14.19424334275004,-281.6888622799325,13.392442891068963,,False,11.671466722765317
2013-03-01 05:53:05.580000,35.095666666666666,132.5095,13.52,0.5,V,0.0018333333333333,0.0018333333333333,0.27,0.04,,,earthquake,depth free,high manual,13.51853263691542,-295.98023392103,17.67162863637799,,False,12.18654979333685
2013-03-09 16:45:13.950000,35.12116666666667,132.76950000000002,12.69,0.6,V,0.0016666666666666,0.0015,0.45,0.03,,,earthquake,depth free,high manual,15.592594573361827,-272.3455438336875,15.981344686557334,,False,18.03331614388012
2013-03-10 23:29:41.550000,35.102000000000004,132.667,9.46,1.2,V,0.0018333333333333,0.002,0.69,0.03,,,earthquake,depth free,high manual,13.733171712514784,-281.82011335672644,13.089909070801724,,False,12.021264590087412
2013-03-11 17:58:59.170000,35.0925,132.56050000000002,12.05,0.7,V,0.0021666666666666,0.002,0.37,0.04,,,earthquake,depth free,high manual,13.005731651832424,-291.4214305627135,16.033899250232473,,False,10.50138416063133
2013-03-11 20:15:26.690000,35.095666666666666,132.673,8.72,0.6,V,0.0021666666666666,0.0021666666666666,0.83,0.03,,,earthquake,depth free,high manual,13.008269841400036,-281.3237216273129,12.336682796415952,,False,13.064072381291322
2013-03-12 22:50:08.320000,35.10416666666667,132.66816666666665,10.76,0.5,V,0.0016666666666666,0.0016666666666666,0.5,0.03,,,earthquake,depth free,high manual,13.978787003878288,-281.66076150967604,14.383496328556577,,False,11.680290252369453
2013-03-12 23:50:06.400000,35.1015,132.6665,9.57,1.4,V,0.0018333333333333,0.002,0.66,0.03,,,earthquake,depth free,high manual,13.679838563709636,-281.8633186648808,13.20186234610866,,False,12.012299247551887
2013-03-16 01:31:38.910000,35.14383333333333,132.73866666666666,8.63,0.8,V,0.002,0.0018333333333333,0.62,0.03,,,earthquake,depth free,high manual,18.168411911571702,-275.20411226682205,12.000857885183835,,False,14.936221043644954
2013-03-17 08:14:12.720000,35.10716666666667,132.665,10.19,0.5,V,0.0018333333333333,0.0016666666666666,0.53,0.03,,,earthquake,depth free,high manual,14.316981462708204,-281.9578199464859,13.821444236515834,,False,11.327673071424774
2013-03-17 08:24:08.430000,35.103833333333334,132.66583333333335,9.01,0.5,V,0.0023333333333333,0.0023333333333333,0.76,0.04,,,earthquake,depth free,high manual,13.93700756641197,-281.9355550906697,12.642367908731526,,False,11.912078180611504
2013-03-17 22:04:56.610000,35.103,132.66466666666668,8.78,0.9,V,0.0016666666666666,0.002,0.65,0.03,,,earthquake,depth free,high manual,13.846349095976706,-282.0524555740663,12.416956601699344,,False,11.981189892291079
2013-03-18 21:23:50.800000,35.121,132.76466666666667,5.83,0.5,V,0.0018333333333333,0.0021666666666666,0.9,0.03,,,earthquake,depth free,high manual,15.54429253566042,-273.01756282224716,9.140388489659363,,False,18.730044757040886
2013-03-19 16:36:51.810000,35.2545,132.73816666666664,10.0,1.4,V,0.002,0.002,0.39,0.03,,,earthquake,depth free,high manual,30.458171896895067,-274.8272007645775,13.298266193862462,,False,15.917560936558491
2013-03-20 07:28:27.350000,35.25233333333333,132.73683333333332,10.1,2.2,V,0.0016666666666666,0.002,0.41,0.03,,,earthquake,depth free,high manual,30.22185687808239,-274.95187613340465,13.403544965405636,,False,15.68360745291788
2013-03-21 01:04:38.800000,35.249833333333335,132.74016666666665,9.62,1.5,V,0.0018333333333333,0.002,0.42,0.03,,,earthquake,depth free,high manual,29.933223127383087,-274.67492603141096,12.914912845461869,,False,15.887465369850409
2013-03-21 10:13:12.170000,35.251666666666665,132.73716666666667,10.14,1.6,V,0.0018333333333333,0.002,0.44,0.03,,,earthquake,depth free,high manual,30.147111203709297,-274.9225787418426,13.442861621927204,,False,15.669484837513677
2013-03-23 14:05:28.650000,35.250166666666665,132.73899999999998,9.84,1.2,V,0.002,0.0023333333333333,0.48,0.04,,,earthquake,depth free,high manual,29.974349025841228,-274.7719205599187,13.13820534054445,,False,15.778103953843148
2013-03-24 00:37:23.370000,35.254666666666665,132.73816666666664,9.86,1.0,V,0.0018333333333333,0.002,0.38,0.03,,,earthquake,depth free,high manual,30.47611354497517,-274.83143711679975,13.158257144539144,,False,15.946065282066204
2013-03-24 00:37:29.720000,35.25083333333333,132.73749999999998,9.72,1.0,V,0.002,0.0025,0.43,0.04,,,earthquake,depth free,high manual,30.052025371118283,-274.90963025553964,13.02254754640391,,False,15.711692766792218
2013-03-24 01:37:32.540000,35.25233333333333,132.73549999999997,10.32,1.7,V,0.002,0.0021666666666666,0.46,0.03,,,earthquake,depth free,high manual,30.226450737612826,-275.0650734058697,13.627546503141556,,False,15.551337099314908
2013-03-24 05:46:43.760000,35.252833333333335,132.737,10.03,0.8,V,0.002,0.0023333333333333,0.48,0.03,,,earthquake,depth free,high manual,30.2765964662114,-274.93748682492026,13.332790766706625,,False,15.732604468495358
2013-03-24 07:10:04.870000,35.141,132.6738333333333,9.58,0.5,V,0.0025,0.0023333333333333,0.68,0.04,,,earthquake,depth free,high manual,18.042329870875303,-281.0610262323848,13.156229565280247,,False,9.621377608424819
2013-03-25 16:44:02.520000,35.2525,132.74016666666665,9.29,0.6,v,0.0023333333333333,0.0031666666666666,0.53,0.05,,,earthquake,depth free,high manual,30.227837265847327,-274.67719146580475,12.583611480023944,,False,16.079612101905013
2013-03-26 19:04:30.300000,35.10633333333333,132.53549999999998,9.61,1.0,V,0.0021666666666666,0.0023333333333333,0.37,0.03,,,earthquake,depth free,high manual,14.598558115886728,-293.72996264343544,13.667387889761535,,False,10.174971877143237
2013-03-31 07:17:18.170000,35.146,132.677,8.83,0.6,V,0.0021666666666666,0.0023333333333333,0.69,0.03,,,earthquake,depth free,high manual,18.583806908318515,-280.7829853742145,12.392766469770972,,False,9.824494938244404
2013-04-08 05:14:27.400000,35.1575,132.66,7.98,0.8,V,0.0023333333333333,0.0018333333333333,0.6,0.04,,,earthquake,depth free,high manual,19.90386585684816,-282.31499763476654,11.588862387042816,,False,8.402925338656217
2013-04-13 22:37:27.920000,35.05466666666666,132.48899999999998,11.04,0.6,V,0.0015,0.0016666666666666,0.26,0.03,,,earthquake,depth free,high manual,9.015359681789212,-298.08309747630244,15.30076751134643,,False,16.97074890406437
2013-04-15 08:26:52.480000,35.061,132.4968333333333,8.04,1.0,V,0.0021666666666666,0.0023333333333333,0.35,0.04,,,earthquake,depth free,high manual,9.67267976261446,-297.4626372406071,12.270211872327316,,False,16.485262706584304
2013-04-25 21:06:56.640000,35.102833333333336,132.66666666666666,9.69,1.1,V,0.0016666666666666,0.0016666666666666,0.55,0.03,,,earthquake,depth free,high manual,13.828111148825542,-281.839329930365,13.320114491792992,,False,11.882782384547196
2013-04-25 21:14:06.500000,35.1015,132.66816666666665,9.32,0.6,V,0.002,0.002,0.69,0.03,,,earthquake,depth free,high manual,13.673431083905305,-281.7209392982099,12.946700069411191,,False,12.159720974520592
2013-04-25 22:42:39.350000,35.10266666666667,132.66816666666665,9.66,1.0,V,0.0018333333333333,0.002,0.64,0.03,,,earthquake,depth free,high manual,13.80513558119222,-281.70487112575364,13.285484429035783,,False,11.986699257981497
2013-04-26 14:05:55.600000,35.109833333333334,132.5186666666667,8.68,1.3,V,0.0023333333333333,0.0028333333333333,0.37,0.04,,,earthquake,depth free,high manual,15.03124853427528,-295.2792302907919,12.791909016534108,,False,10.909508779206911
2013-04-26 17:34:13.910000,35.109,132.51700000000002,8.04,0.8,V,0.0023333333333333,0.0025,0.33,0.04,,,earthquake,depth free,high manual,14.939664456647552,-295.4574878131929,12.15872301405986,,False,11.28231777883902
2013-04-27 01:19:35.400000,35.14633333333333,132.6665,9.45,2.1,V,0.0021666666666666,0.0023333333333333,0.65,0.03,,,earthquake,depth free,high manual,18.654334389142747,-281.71220194230494,13.045580311022274,,False,8.81897363906436
2013-04-27 11:41:22.630000,35.025666666666666,132.67133333333334,14.77,1.1,V,0.0015,0.0018333333333333,0.56,0.03,,,earthquake,depth free,high manual,5.291954210140714,-281.5028770456712,18.45335976015019,,False,19.424297569282952
2013-04-27 18:05:00.460000,35.147666666666666,132.67416666666665,8.4,0.8,V,0.002,0.002,0.65,0.03,,,earthquake,depth free,high manual,18.77435918021573,-281.0493593623451,11.970781052859117,,False,9.687302849622428
2013-04-28 16:26:19.640000,35.1015,132.6685,9.6,0.5,V,0.0018333333333333,0.002,0.67,0.03,,,earthquake,depth free,high manual,13.674324591502408,-281.6807880875925,13.225454274220576,,False,12.116354273502784
2013-04-28 20:08:29.590000,35.103833333333334,132.66783333333333,10.21,0.6,V,0.0018333333333333,0.0015,0.52,0.03,,,earthquake,depth free,high manual,13.93915327390896,-281.7116147130454,13.835199979359295,,False,11.767176152801364
2013-04-29 06:35:55.360000,35.092666666666666,132.66966666666664,10.28,0.6,V,0.0018333333333333,0.0018333333333333,0.58,0.03,,,earthquake,depth free,high manual,12.69534506841333,-281.5814469924324,13.908910746727708,,False,12.824476998836921
2013-05-01 03:52:33.100000,35.2525,132.73250000000002,10.75,0.6,V,0.0026666666666666,0.0025,0.52,0.04,,,earthquake,depth free,high manual,30.255025076673117,-275.32140446396255,14.066502983093018,,False,15.279573224817712
2013-05-01 05:56:03.520000,35.2485,132.7345,10.15,0.8,V,0.002,0.0023333333333333,0.46,0.04,,,earthquake,depth free,high manual,29.80319769258517,-275.1744988218884,13.462908765078708,,False,15.292246328234032
2013-05-02 18:09:58.300000,35.02833333333333,132.67666666666665,13.99,0.8,V,0.0011666666666666,0.0013333333333333,0.45,0.03,,,earthquake,depth free,high manual,5.566292345521708,-281.03724990124914,17.654216561103325,,False,19.26549850109184
2013-05-03 10:10:38.700000,35.09316666666667,132.67499999999998,10.88,0.5,V,0.0025,0.0021666666666666,0.71,0.05,,,earthquake,depth free,high manual,12.739659919928826,-281.07462947509526,14.491085056534963,,False,12.999597329036256
2013-05-09 10:21:00.910000,35.05333333333333,132.46683333333334,14.4,1.3,V,0.0021666666666666,0.002,0.34,0.04,,,earthquake,depth free,high manual,8.959287563041759,-299.9710384252245,18.735737745269795,,False,18.325628400282294
2013-05-18 13:46:59.240000,35.05233333333333,132.46633333333332,14.0,0.6,V,0.0034999999999999,0.0034999999999999,0.59,0.08,,,earthquake,depth free,high manual,8.846987561764724,-300.0353853759119,18.338724297383564,,False,18.39649233444272
2013-05-18 14:08:50.390000,35.05016666666666,132.46916666666667,14.21,2.2,V,0.0015,0.002,0.32,0.03,,,earthquake,depth free,high manual,8.599677056162431,-299.7783066792596,18.540863647454316,,False,18.46130129445613
2013-05-18 14:11:22.530000,35.050666666666665,132.4665,13.99,0.9,V,0.0021666666666666,0.002,0.39,0.05,,,earthquake,depth free,high manual,8.661598006076368,-300.0267833134685,18.32975420241947,,False,18.534623019711
2013-05-18 22:31:53.820000,35.073,132.498,13.19,1.3,V,0.0016666666666666,0.0018333333333333,0.3,0.03,,,earthquake,depth free,high manual,11.037146177231062,-297.1181302988555,17.401275643125107,,False,14.813829916497879
2013-05-18 23:02:32.990000,35.05116666666667,132.46683333333334,13.96,0.9,V,0.0018333333333333,0.0021666666666666,0.35,0.03,,,earthquake,depth free,high manual,8.715806112441676,-299.99585434011135,18.29814611017271,,False,18.46933579019824
2013-05-19 15:34:38.190000,35.094833333333334,132.6735,11.62,0.6,V,0.002,0.002,0.6,0.04,,,earthquake,depth free,high manual,12.933811436090616,-281.17883242370584,15.233937481862805,,False,12.719241583361956
2013-05-19 18:05:48.920000,35.052499999999995,132.46499999999995,14.02,1.0,V,0.0023333333333333,0.0023333333333333,0.4,0.05,,,earthquake,depth free,high manual,8.86967034664008,-300.1549530260211,18.36315515246869,,False,18.455902046001395
2013-05-21 02:59:14.580000,35.106500000000004,132.66466666666668,9.87,0.6,V,0.0018333333333333,0.0016666666666666,0.57,0.03,,,earthquake,depth free,high manual,14.24188051924838,-282.00170704642585,13.503280329116516,,False,11.424371000958859
2013-05-26 14:38:59.630000,35.18383333333333,132.55733333333333,11.49,0.8,V,0.0026666666666666,0.0028333333333333,0.48,0.05,,,earthquake,depth free,high manual,23.143275263737223,-291.40175387798183,15.412922538379163,,False,2.7383187933851265
2013-05-29 22:45:20.380000,35.089000000000006,132.67399999999998,9.28,2.0,V,0.0016666666666666,0.0018333333333333,0.66,0.03,,,earthquake,depth free,high manual,12.26932931792879,-281.23623299516925,12.898946613446382,,False,13.555711917668166
2013-05-31 01:26:44.740000,35.118,132.72166666666666,8.99,1.3,V,0.002,0.0023333333333333,0.77,0.03,,,earthquake,depth free,high manual,15.351018915072371,-276.82160603979855,12.4340933582754,,False,14.65524621849294
2013-06-01 15:54:23.790000,35.13816666666666,132.75833333333333,15.9,1.1,V,0.002,0.002,0.53,0.04,,,earthquake,depth free,high manual,17.528334651588416,-273.19155472806096,19.210149039579484,,False,16.831207602591096
2013-06-03 06:08:57.400000,35.1175,132.72116666666668,8.39,0.9,V,0.0018333333333333,0.0021666666666666,0.77,0.03,,,earthquake,depth free,high manual,15.29312982091813,-276.8894418580538,11.836437656200465,,False,14.786445118738708
2013-06-11 21:29:22.340000,35.09016666666667,132.69666666666666,8.52,1.4,V,0.0016666666666666,0.0018333333333333,0.73,0.03,,,earthquake,depth free,high manual,12.329260254459978,-279.2017252012686,12.06650911758956,,False,14.927083299991022
2013-06-12 08:54:38.800000,35.06866666666667,132.50816666666665,5.97,0.6,V,0.0016666666666666,0.0016666666666666,0.25,0.02,,,earthquake,depth free,high manual,10.474826033131858,-296.4838029688842,10.155947028660314,,False,15.958375013973766
2013-06-14 15:31:56.370000,35.12383333333334,132.72016666666667,10.36,0.5,V,0.0021666666666666,0.0021666666666666,0.77,0.05,,,earthquake,depth free,high manual,16.011154349296035,-276.8903940468483,13.803179986434484,,False,13.982633979337841
2013-06-17 06:57:02.630000,35.12316666666667,132.76833333333337,7.27,1.2,V,0.0018333333333333,0.002,0.77,0.03,,,earthquake,depth free,high manual,15.78374620175452,-272.62858655161835,10.56652485039624,,False,18.498401758829857
2013-06-22 07:35:13.900000,35.156666666666666,132.71233333333333,8.85,0.5,V,0.0025,0.0023333333333333,0.69,0.04,,,earthquake,depth free,high manual,19.667786511351014,-277.54119750571164,12.293107458929686,,False,12.266380806092743
2013-06-23 14:29:38.400000,35.10116666666667,132.6688333333333,9.01,0.5,V,0.0023333333333333,0.0023333333333333,0.83,0.04,,,earthquake,depth free,high manual,13.632491273209244,-281.67256583317965,12.635056913476443,,False,12.299913769840256
2013-06-26 07:32:20.970000,35.20166666666667,132.78,8.07,0.5,V,0.0016666666666666,0.0016666666666666,0.4,0.03,,,earthquake,depth free,high manual,24.47018463716448,-271.2804397974792,11.272905307020247,,False,18.102738667198228
2013-06-28 20:35:16.230000,35.136,132.6795,8.96,1.9,V,0.002,0.0021666666666666,0.64,0.03,,,earthquake,depth free,high manual,17.46763013481248,-280.5861924711632,12.522510678704826,,False,10.498584386719541
2013-06-28 21:50:49.100000,35.10916666666667,132.56583333333336,5.7,0.5,V,0.0023333333333333,0.0026666666666666,0.51,0.03,,,earthquake,depth free,high manual,14.7980210244237,-291.1120213979037,9.656267490748196,,False,10.733377696409185
2013-07-01 06:36:17.670000,35.09866666666667,132.66833333333332,9.07,0.5,V,0.0018333333333333,0.002,0.69,0.03,,,earthquake,depth free,high manual,13.356866248295448,-281.7244694898917,12.698758302873214,,False,12.468535790464431
2013-07-02 12:22:49.630000,35.1015,132.66683333333333,9.33,0.7,V,0.0021666666666666,0.002,0.63,0.03,,,earthquake,depth free,high manual,13.677304911344676,-281.84156960405585,12.960952847312706,,False,12.084137562229582
2013-07-10 03:27:53.300000,35.102000000000004,132.6688333333333,8.89,0.5,V,0.0021666666666666,0.0025,0.81,0.04,,,earthquake,depth free,high manual,13.724185167693149,-281.67392569198125,12.514422752385272,,False,12.261594968340209
2013-07-12 22:11:47.260000,35.157333333333334,132.56616666666667,8.61,1.5,V,0.002,0.0026666666666666,0.55,0.03,,,earthquake,depth free,high manual,20.16142487353051,-290.8022330776829,12.5247332307455,,False,5.005858656025276
2013-07-15 02:18:09.340000,35.096000000000004,132.67516666666666,10.92,1.0,V,0.002,0.002,0.62,0.03,,,earthquake,depth free,high manual,13.053805182643185,-281.0483137845651,14.528071278460184,,False,12.760949088092966
2013-07-15 16:55:01.210000,35.102333333333334,132.667,9.6,0.8,V,0.0023333333333333,0.0023333333333333,0.8,0.04,,,earthquake,depth free,high manual,13.771083037672351,-281.814003420234,13.229533945299654,,False,11.962518217703662
2013-07-20 09:31:18.360000,35.16566666666667,132.56033333333335,8.97,0.8,V,0.0023333333333333,0.0025,0.43,0.04,,,earthquake,depth free,high manual,21.105454271473263,-291.2880221697521,12.89770202260825,,False,4.4882006609450835
2013-07-20 09:31:37.800000,35.16466666666666,132.561,8.9,0.8,V,0.0021666666666666,0.0023333333333333,0.41,0.04,,,earthquake,depth free,high manual,20.992127491238985,-291.2337469615253,12.826266241036896,,False,4.559232829153525
2013-07-22 22:29:26.250000,35.16433333333333,132.55916666666667,8.91,0.6,V,0.0023333333333333,0.0025,0.46,0.04,,,earthquake,depth free,high manual,20.960602063102534,-291.4007944731255,12.842610908227298,,False,4.657291967873426
2013-07-23 13:34:48.590000,35.16416666666667,132.56150000000002,8.62,0.6,V,0.0023333333333333,0.0025,0.43,0.04,,,earthquake,depth free,high manual,20.93363660531144,-291.2005293706466,12.545164631497288,,False,4.765980218210283
2013-07-23 14:18:45.570000,35.165,132.5595,9.2,1.0,V,0.0023333333333333,0.0023333333333333,0.43,0.04,,,earthquake,depth free,high manual,21.035179089140957,-291.3574813331167,13.130807714497225,,False,4.407681659261313
2013-07-25 23:37:31.690000,35.099000000000004,132.666,9.85,0.5,V,0.0018333333333333,0.0016666666666666,0.53,0.03,,,earthquake,depth free,high manual,13.40569785958299,-281.9074311223919,13.485420621143373,,False,12.14416526198346
2013-07-29 23:07:35.810000,35.15933333333333,132.56483333333335,8.82,2.0,V,0.0018333333333333,0.0023333333333333,0.47,0.03,,,earthquake,depth free,high manual,20.38848648212355,-290.908242062192,12.73752260969438,,False,4.773941283320749
2013-07-29 23:37:20.170000,35.16433333333333,132.56333333333333,8.92,0.8,V,0.0025,0.0026666666666666,0.5,0.04,,,earthquake,depth free,high manual,20.94835827151176,-291.02265097208766,12.838732850118282,,False,4.458931411232006
2013-07-30 15:23:09.550000,35.166,132.55983333333336,8.8,0.9,V,0.0025,0.0028333333333333,0.48,0.04,,,earthquake,depth free,high manual,21.143002602831203,-291.3384292683402,12.729240747263477,,False,4.616453790132042
2013-07-31 08:57:16.320000,35.157333333333334,132.5656666666667,8.57,1.8,V,0.0018333333333333,0.0023333333333333,0.48,0.03,,,earthquake,depth free,high manual,20.1626759450408,-290.84904473656644,12.486422711264094,,False,5.051017484312058
2013-08-02 14:47:44.270000,35.222166666666666,132.56650000000002,14.96,0.8,V,0.0023333333333333,0.0023333333333333,0.45,0.04,,,earthquake,depth free,high manual,27.384138398594704,-290.30633804010364,18.824690761316656,,False,5.354014509564105
2013-08-02 22:10:50.160000,35.092333333333336,132.52616666666668,13.71,0.5,V,0.002,0.0018333333333333,0.32,0.04,,,earthquake,depth free,high manual,13.10028369628703,-294.47396024571214,17.8079814997178,,False,11.73126280634213
2013-08-03 02:11:51.310000,35.16416666666667,132.55983333333336,8.43,0.6,V,0.0021666666666666,0.0025,0.46,0.04,,,earthquake,depth free,high manual,20.93752203492115,-291.3586556280066,12.360846744487144,,False,4.979802921089856
2013-08-03 09:45:26.520000,35.10766666666667,132.58266666666665,6.8100000000000005,0.6,V,0.0028333333333333,0.0028333333333333,0.63,0.05,,,earthquake,depth free,high manual,14.58907818351442,-289.54870586933345,10.710944802708118,,False,10.075936009334832
2013-08-05 00:29:54.300000,35.16233333333333,132.56266666666667,8.92,1.4,V,0.0021666666666666,0.0025,0.51,0.03,,,earthquake,depth free,high manual,20.72836706915161,-291.0902632669432,12.842428504059733,,False,4.603652383028102
2013-08-05 06:29:07.900000,35.095333333333336,132.672,10.5,0.5,V,0.0016666666666666,0.0015,0.53,0.03,,,earthquake,depth free,high manual,12.986051196813678,-281.35274250666583,14.119008815857098,,False,12.687497564364993
2013-08-05 19:30:19,35.078833333333336,132.6755,12.06,1.9,V,0.0015,0.0016666666666666,0.53,0.03,,,earthquake,depth free,high manual,11.156230167742311,-281.037105593238,15.681398235479357,,False,14.247141688581266
2013-08-07 23:05:43.530000,35.05683333333333,132.46116666666666,13.25,0.6,V,0.002,0.0021666666666666,0.36,0.04,,,earthquake,depth free,high manual,9.356238064103396,-300.5162363683275,17.60286714688275,,False,18.228228506963042
2013-08-08 13:50:32.820000,35.1075,132.66616666666667,10.96,0.6,V,0.0023333333333333,0.0016666666666666,0.56,0.04,,,earthquake,depth free,high manual,14.35562775438221,-281.82356376789437,14.586935293314298,,False,11.260008949406568
2013-08-09 22:44:26.100000,35.12133333333333,132.64483333333334,9.39,0.8,V,0.0021666666666666,0.0021666666666666,0.59,0.03,,,earthquake,depth free,high manual,15.941732398307222,-283.76645306541997,13.074939858803674,,False,9.209000396513673
2013-08-10 21:10:42.310000,35.10183333333333,132.66733333333332,9.3,1.1,V,0.0018333333333333,0.002,0.67,0.03,,,earthquake,depth free,high manual,13.712670827719723,-281.7961079999458,12.929090111901932,,False,12.090346007288085
2013-08-10 21:15:02.670000,35.108000000000004,132.66400000000002,9.89,0.6,V,0.002,0.0016666666666666,0.59,0.03,,,earthquake,depth free,high manual,14.410363616724398,-282.05628116849044,13.52413440692948,,False,11.256558901192752
2013-08-15 01:45:00.580000,35.106833333333334,132.58616666666668,6.53,0.5,V,0.0016666666666666,0.0018333333333333,0.45,0.02,,,earthquake,depth free,high manual,14.484489660804512,-289.24423849133075,10.4202842540699,,False,10.297871383865774
2013-08-22 04:23:07.230000,35.094166666666666,132.67466666666667,11.43,0.6,V,0.0016666666666666,0.0016666666666666,0.51,0.03,,,earthquake,depth free,high manual,12.855253866611154,-281.08200765919906,15.040922456531494,,False,12.852065169285359
2013-08-22 11:18:45.610000,35.1345,132.73533333333333,10.34,1.7,V,0.0018333333333333,0.0021666666666666,0.65,0.03,,,earthquake,depth free,high manual,17.1521454106672,-275.4792756109958,13.727429287510878,,False,14.704455434793482
2013-08-23 00:58:15.400000,35.13466666666667,132.7345,10.47,1.9,V,0.002,0.0021666666666666,0.67,0.03,,,earthquake,depth free,high manual,17.17375100587678,-275.54981306964123,13.859806775372306,,False,14.61257682885225
2013-08-23 00:58:25.300000,35.13433333333333,132.7348333333333,9.37,1.5,V,0.0034999999999999,0.0025,1.0,0.07,,,earthquake,depth free,high manual,17.129182790970773,-275.558565890034,12.759705621055277,,False,14.820639779917332
2013-08-26 02:55:50.250000,35.13366666666666,132.73533333333333,10.44,1.0,V,0.0018333333333333,0.0021666666666666,0.66,0.03,,,earthquake,depth free,high manual,17.06028467782354,-275.47865922630524,13.828025364031262,,False,14.727872012713348
2013-08-26 02:57:00,35.135,132.7345,10.3,1.0,V,0.002,0.0023333333333333,0.68,0.03,,,earthquake,depth free,high manual,17.209710926953516,-275.55453386874086,13.689648215642084,,False,14.619038038262678
2013-08-26 13:47:31.420000,35.1385,132.51466666666667,11.2,0.8,V,0.0033333333333333,0.0031666666666666,0.48,0.06,,,earthquake,depth free,high manual,18.239482518719125,-295.44331323783734,15.300230413756816,,False,8.354877365056007
2013-08-26 21:13:05.400000,35.139833333333335,132.51883333333333,10.65,0.9,V,0.002,0.002,0.31,0.03,,,earthquake,depth free,high manual,18.371711813702458,-295.0813471791381,14.73546744881921,,False,8.052476504548252
2013-08-27 02:32:04.810000,35.138333333333335,132.51833333333337,10.96,0.7,V,0.0023333333333333,0.0026666666666666,0.4,0.04,,,earthquake,depth free,high manual,18.208609324934447,-295.1205022017229,15.04811735359773,,False,8.140258507726935
2013-08-29 07:26:14.230000,35.14,132.51733333333334,10.46,0.5,V,0.003,0.003,0.45,0.06,,,earthquake,depth free,high manual,18.393578630350664,-295.2238663875235,14.55055058201023,,False,8.182487870255667
2013-08-30 13:20:31.130000,35.11966666666667,132.5235,7.52,0.8,V,0.0021666666666666,0.0023333333333333,0.3,0.04,,,earthquake,depth free,high manual,16.10090867471816,-294.8484992886011,11.608185121580856,,False,10.305774066160408
2013-09-02 21:19:39.180000,35.10066666666667,132.66733333333332,9.25,1.6,V,0.0016666666666666,0.0018333333333333,0.6,0.03,,,earthquake,depth free,high manual,13.582869435567288,-281.8019177850089,12.880119893525686,,False,12.200914944735338
2013-09-03 00:20:15.380000,35.10366666666667,132.66533333333334,11.27,0.5,V,0.0023333333333333,0.0023333333333333,0.68,0.05,,,earthquake,depth free,high manual,13.93474478580242,-281.9014547921444,14.902641500796692,,False,11.512523529060951
2013-09-04 23:32:06.190000,35.10166666666667,132.66816666666665,9.39,1.3,V,0.002,0.0021666666666666,0.71,0.03,,,earthquake,depth free,high manual,13.692388009818025,-281.71788567978797,13.016512357614348,,False,12.129608207675318
2013-09-10 03:02:54.330000,35.095,132.66933333333333,9.06,1.1,V,0.0016666666666666,0.002,0.65,0.03,,,earthquake,depth free,high manual,12.94702007510245,-281.64676694963845,12.688737585007049,,False,12.838229233285888
2013-09-12 13:28:00.330000,35.138,132.51933333333335,10.91,1.4,V,0.0018333333333333,0.0021666666666666,0.35,0.03,,,earthquake,depth free,high manual,18.16834403438219,-295.03292364772267,14.9950327076878,,False,8.102395333800644
2013-09-16 06:08:07.830000,35.05116666666667,132.46733333333333,11.88,0.7,V,0.0021666666666666,0.002,0.38,0.05,,,earthquake,depth free,high manual,8.698946379531444,-300.0301071758798,16.218000526614773,,False,18.356332350184545
2013-09-19 04:30:43.810000,35.13966666666666,132.73416666666665,11.25,0.5,V,0.0023333333333333,0.0018333333333333,0.64,0.05,,,earthquake,depth free,high manual,17.734113899443432,-275.5362447604776,14.63645330219391,,False,14.312486184770004
2013-09-20 01:14:42.780000,35.138333333333335,132.51716666666667,10.88,1.1,V,0.0018333333333333,0.0021666666666666,0.34,0.03,,,earthquake,depth free,high manual,18.211629220305458,-295.2292760115189,14.97212432473485,,False,8.233000255069987
2013-09-22 10:51:21.750000,35.1045,132.66533333333334,9.67,0.7,V,0.002,0.0021666666666666,0.69,0.03,,,earthquake,depth free,high manual,14.016737342259477,-281.9552381535435,13.302971941141369,,False,11.671671567369057
2013-09-23 12:47:31.740000,35.094833333333334,132.67466666666667,11.68,0.6,V,0.002,0.0018333333333333,0.64,0.04,,,earthquake,depth free,high manual,12.93089003987337,-281.0708827480942,15.290182842564224,,False,12.78280756814842
2013-09-25 21:01:02,35.0455,132.63549999999998,13.32,0.8,V,0.002,0.002,0.62,0.05,,,earthquake,depth free,high manual,7.582890799552123,-284.73731221622734,17.099975670411954,,False,16.111324611054947
2013-09-25 22:25:44.500000,35.089666666666666,132.6748333333333,10.47,1.9,V,0.0016666666666666,0.002,0.61,0.03,,,earthquake,depth free,high manual,12.349029395395712,-281.1163058621112,14.08493764430227,,False,13.341514272620739
2013-09-25 22:30:55.200000,35.10366666666667,132.502,10.22,0.5,v,0.0023333333333333,0.0023333333333333,0.31,0.04,,,earthquake,depth free,high manual,14.406850971822612,-296.7556924785354,14.39264459929314,,False,11.98090237730292
2013-10-01 03:29:23.510000,35.1335,132.736,10.65,0.6,V,0.002,0.0021666666666666,0.64,0.03,,,earthquake,depth free,high manual,17.04120353151858,-275.4115398825746,14.035958965495878,,False,14.76765297701115
2013-10-03 17:30:54.440000,35.10883333333334,132.66400000000002,9.74,0.5,V,0.0021666666666666,0.002,0.67,0.04,,,earthquake,depth free,high manual,14.501865408938167,-282.05870744614504,13.373530863150473,,False,11.217890885218262
2013-10-09 14:49:47.820000,35.09583333333334,132.66899999999998,9.31,1.7,V,0.0016666666666666,0.002,0.66,0.03,,,earthquake,depth free,high manual,13.042126855711322,-281.6652898141098,12.938917984811509,,False,12.690733821986864
2013-10-11 17:59:02.870000,35.096000000000004,132.66983333333332,9.08,1.1,V,0.002,0.0023333333333333,0.84,0.04,,,earthquake,depth free,high manual,13.056706121024265,-281.59722515337415,12.70626260319548,,False,12.774278800590626
2013-10-11 18:12:53.410000,35.093500000000006,132.67149999999998,8.81,0.8,V,0.002,0.0023333333333333,0.81,0.04,,,earthquake,depth free,high manual,12.772685177270274,-281.4641645397793,12.433287865758125,,False,13.143760461092313
2013-10-11 23:39:27.900000,35.17433333333333,132.66866666666667,8.04,1.5,V,0.0023333333333333,0.0023333333333333,0.65,0.04,,,earthquake,depth free,high manual,21.747905401993105,-281.4685013656706,11.608832620286613,,False,8.567940342624976
2013-10-12 06:16:34.950000,35.17833333333333,132.66683333333333,8.36,0.8,V,0.003,0.0026666666666666,0.66,0.05,,,earthquake,depth free,high manual,22.198809474873336,-281.609547602925,11.93164141878667,,False,8.223102661289946
2013-10-12 06:52:32.200000,35.18483333333333,132.66516666666666,8.72,0.7,V,0.0033333333333333,0.0021666666666666,0.59,0.05,,,earthquake,depth free,high manual,22.92686800680112,-281.72535771317524,12.292187670331804,,False,7.896610657027068
2013-10-13 04:45:50.890000,35.18216666666667,132.66716666666665,8.36,0.6,V,0.0023333333333333,0.0018333333333333,0.5,0.04,,,earthquake,depth free,high manual,22.623329716431456,-281.5660272704423,11.927886231911804,,False,8.224385088667535
2013-10-14 17:55:19.900000,35.05166666666666,132.462,10.6,0.7,V,0.0016666666666666,0.002,0.34,0.03,,,earthquake,depth free,high manual,8.761212130909804,-300.5613087518286,14.956932725719916,,False,18.66509478304747
2013-10-24 20:15:28.300000,35.1025,132.519,10.71,0.6,V,0.0034999999999999,0.0028333333333333,0.38,0.06,,,earthquake,depth free,high manual,14.22959442638209,-295.1994599269143,14.825552809468205,,False,11.086588801915504
2013-10-25 05:26:15.600000,35.17316666666667,132.59466666666668,13.42,0.6,V,0.0038333333333333,0.0036666666666666,0.49,0.07,,,earthquake,depth free,high manual,21.860590231714134,-287.9866473229595,17.225672282885466,,False,1.9542946206322085
2013-10-27 11:41:18.470000,35.052,132.6723333333333,16.6,0.6,V,0.002,0.0021666666666666,0.64,0.06,,,earthquake,depth free,high manual,8.222564037197598,-281.2565909481058,20.25330835138332,,False,17.2352783750398
2013-10-30 10:48:18.980000,35.102333333333334,132.66833333333332,9.31,1.3,V,0.0018333333333333,0.002,0.66,0.03,,,earthquake,depth free,high manual,13.765368615526748,-281.70328509525285,12.93546300601868,,False,12.10121221163283
2013-10-30 14:19:25.920000,35.10466666666667,132.6655,10.57,0.7,V,0.0018333333333333,0.0016666666666666,0.57,0.04,,,earthquake,depth free,high manual,14.040636064834905,-281.90766419059025,14.201713880330724,,False,11.509941523346157
2013-10-30 14:20:35.800000,35.101333333333336,132.667,9.53,1.6,V,0.0016666666666666,0.002,0.62,0.03,,,earthquake,depth free,high manual,13.65965150836908,-281.81994444488265,13.160433061398544,,False,12.062524366904569
2013-10-31 00:04:00.250000,35.19133333333333,132.621,7.05,0.7,V,0.0026666666666666,0.0025,0.65,0.04,,,earthquake,depth free,high manual,23.76692785036789,-285.766397799388,10.761161269187516,,False,6.004982447052331
2013-10-31 22:13:49.350000,35.10466666666667,132.6665,10.06,0.6,V,0.0015,0.0013333333333333,0.44,0.02,,,earthquake,depth free,high manual,14.03444707310512,-281.8350025617086,13.688848841346273,,False,11.646786963920459
2013-11-03 21:35:13.640000,35.062,132.49783333333332,8.29,0.5,V,0.0023333333333333,0.0023333333333333,0.39,0.04,,,earthquake,depth free,high manual,9.782455972393642,-297.35874125279935,12.51567129705749,,False,16.286849054885625
2013-11-04 14:18:49.300000,35.158,132.56383333333335,8.21,2.7,V,0.0018333333333333,0.0025,0.53,0.03,,,earthquake,depth free,high manual,20.240071596147168,-291.0261621609761,12.132268574183414,,False,5.331452725144709
2013-11-04 22:59:16.150000,35.15983333333333,132.56466666666668,8.66,3.1,V,0.0018333333333333,0.0023333333333333,0.48,0.03,,,earthquake,depth free,high manual,20.443584232336168,-290.92745516828796,12.5778146620355,,False,4.860722253025798
2013-11-05 00:07:11.450000,35.159,132.56433333333334,8.32,1.5,V,0.0018333333333333,0.0023333333333333,0.48,0.03,,,earthquake,depth free,high manual,20.35019750199019,-290.97318702022966,12.239780971997869,,False,5.171348104624491
2013-11-05 10:09:49.790000,35.245666666666665,132.471,14.65,0.6,V,0.0038333333333333,0.0034999999999999,0.64,0.05,,,earthquake,depth free,high manual,30.273499551758515,-298.8753823401645,18.82330807183976,,False,12.73242421121002
2013-11-07 03:52:54.330000,35.16566666666667,132.55633333333336,8.9,0.7,V,0.003,0.0031666666666666,0.53,0.05,,,earthquake,depth free,high manual,21.11689164020321,-291.65326172969054,12.841081786501505,,False,4.738953274528022
2013-11-10 14:43:58.320000,35.10816666666667,132.66716666666665,10.12,0.7,V,0.003,0.0023333333333333,0.82,0.06,,,earthquake,depth free,high manual,14.421298749604922,-281.7602754634875,13.74372337873108,,False,11.381168053197836
2013-11-12 23:47:49.600000,35.226,132.77366666666668,8.9,1.1,V,0.0015,0.0018333333333333,0.4,0.03,,,earthquake,depth free,high manual,27.19236326626645,-271.74492776061777,12.106341059484722,,False,17.866159659063754
2013-11-13 00:31:36.470000,35.072500000000005,132.4265,8.67,0.5,V,0.003,0.0021666666666666,0.46,0.06,,,earthquake,depth free,high manual,11.167773646617402,-303.7805370508053,13.132514522225712,,False,19.45500046567476
2013-11-14 05:23:09.200000,35.10783333333333,132.663,9.3,0.5,V,0.0026666666666666,0.0031666666666666,1.1,0.07,,,earthquake,depth free,high manual,14.390907070895269,-282.16849746208544,12.937857049917522,,False,11.347333964074775
2013-11-15 17:11:43.300000,35.1025,132.66733333333332,9.09,1.6,V,0.002,0.0023333333333333,0.79,0.03,,,earthquake,depth free,high manual,13.785274216521891,-281.8012315121756,12.718657470613328,,False,12.085435097622156
2013-11-17 16:54:24.630000,35.106833333333334,132.6645,10.57,0.7,V,0.0018333333333333,0.0018333333333333,0.53,0.03,,,earthquake,depth free,high manual,14.283892036322063,-281.9908717177059,14.203077556049664,,False,11.26825827385271
2013-11-20 22:27:26.450000,35.10066666666667,132.66283333333334,10.72,0.8,V,0.0021666666666666,0.0023333333333333,0.71,0.04,,,earthquake,depth free,high manual,13.605436600839171,-282.1581263107452,14.363552857515298,,False,11.692287458716176
2013-11-21 22:42:50.370000,35.11216666666667,132.76716666666667,7.03,0.7,V,0.0016666666666666,0.0016666666666666,0.74,0.02,,,earthquake,depth free,high manual,14.564265329119625,-272.7795074711441,10.339259250595914,,False,18.955683132444012
2013-11-26 09:02:28,35.152833333333334,132.71533333333332,7.94,0.7,V,0.0023333333333333,0.0025,0.77,0.04,,,earthquake,depth free,high manual,19.228706243718744,-277.3137802440505,11.377144201876236,,False,12.899580421865261
2013-12-01 15:20:03.270000,35.222,132.7831666666667,14.73,0.6,V,0.0013333333333333,0.0013333333333333,0.3,0.02,,,earthquake,depth free,high manual,26.748748405198345,-270.7011343753751,17.906478853693933,,False,18.475202327092674
2013-12-02 02:07:19.820000,35.100833333333334,132.66816666666665,9.73,1.8,V,0.0018333333333333,0.002,0.65,0.03,,,earthquake,depth free,high manual,13.60215442215774,-281.70874131420493,13.357004440816045,,False,12.127900960201144
2013-12-02 04:34:42.690000,35.10016666666667,132.66766666666666,9.35,1.4,V,0.002,0.0025,0.81,0.04,,,earthquake,depth free,high manual,13.527090645739936,-281.7698635626821,12.979418477960667,,False,12.238327610947572
2013-12-04 11:53:06.330000,35.10666666666667,132.66916666666663,9.6,0.8,V,0.0021666666666666,0.002,0.7,0.04,,,earthquake,depth free,high manual,14.245767396674328,-281.6024167826994,13.218937908532409,,False,11.723674747053067
2013-12-08 02:51:02.320000,35.186,132.68766666666667,6.68,1.3,V,0.002,0.0023333333333333,0.63,0.03,,,earthquake,depth free,high manual,22.981883844570817,-279.75312372309713,10.18111217801062,,False,10.664210287928046
2013-12-12 06:06:14.600000,35.1655,132.57766666666666,11.62,1.0,V,0.0025,0.0025,0.45,0.04,,,earthquake,depth free,high manual,21.050317630406177,-289.62001961755334,15.488476969931613,,False,2.334952294948763
2013-12-13 02:27:00.540000,35.17466666666667,132.61983333333333,8.16,1.6,V,0.0021666666666666,0.0025,0.67,0.03,,,earthquake,depth free,high manual,21.92595164203718,-285.8908972916614,11.885864782078189,,False,5.104000705183066
2013-12-17 04:09:38.400000,35.09733333333334,132.67149999999998,9.33,0.7,V,0.002,0.002,0.73,0.03,,,earthquake,depth free,high manual,13.201588898963296,-281.4325338762598,12.949631594059634,,False,12.693629462360738
2013-12-17 15:24:51.650000,35.163666666666664,132.56383333333335,8.99,1.6,V,0.0026666666666666,0.0033333333333333,0.53,0.05,,,earthquake,depth free,high manual,20.87327962954609,-290.97712820636747,12.90751297865689,,False,4.425721725115123
2013-12-22 04:20:48.790000,35.26866666666667,132.69833333333332,12.86,1.1,V,0.002,0.0021666666666666,0.4,0.03,,,earthquake,depth free,high manual,32.15241320529689,-278.28615579180365,16.273205986890055,,False,13.780786694781492
2013-12-22 20:54:59.170000,35.1255,132.72133333333335,11.05,0.8,V,0.0021666666666666,0.0018333333333333,0.64,0.04,,,earthquake,depth free,high manual,16.197087135068056,-276.75502118194396,14.48776270671602,,False,13.91532364942576
2013-12-22 21:28:48.630000,35.118,132.72383333333337,10.58,2.2,V,0.0018333333333333,0.0021666666666666,0.68,0.03,,,earthquake,depth free,high manual,15.355001817414864,-276.570049382783,14.016344789649644,,False,14.564508027833702
2013-12-22 22:25:14.580000,35.125,132.72233333333332,11.06,0.5,V,0.002,0.0016666666666666,0.6,0.04,,,earthquake,depth free,high manual,16.1388712989694,-276.6656856261435,14.495036926936336,,False,14.020468529395083
2013-12-24 00:53:34.680000,35.119,132.72283333333334,10.44,0.8,V,0.0021666666666666,0.0025,0.78,0.04,,,earthquake,depth free,high manual,15.467877143826923,-276.6621964351996,13.87873341136677,,False,14.446434919961705
2013-12-24 18:00:00.190000,35.064499999999995,132.51833333333337,7.96,1.0,V,0.0018333333333333,0.002,0.35,0.03,,,earthquake,depth free,high manual,9.995966382678484,-295.5009767906514,12.113831501565953,,False,15.29273830849958
2013-12-24 19:18:21.600000,35.124833333333335,132.60816666666665,8.58,0.8,V,0.0018333333333333,0.0018333333333333,0.45,0.03,,,earthquake,depth free,high manual,16.431221763237335,-287.1095468148129,12.381672091905395,,False,7.780196740727619
2013-12-26 01:21:48.350000,35.05833333333333,132.5055,8.09,1.1,V,0.0016666666666666,0.0021666666666666,0.36,0.03,,,earthquake,depth free,high manual,9.35097187706367,-296.6836236062518,12.293123110580035,,False,16.350969412469222
2013-12-27 00:44:16.310000,35.121833333333335,132.72366666666667,10.72,0.9,V,0.0021666666666666,0.0021666666666666,0.69,0.04,,,earthquake,depth free,high manual,15.781673513174388,-276.56728956756183,14.153648959605473,,False,14.325027015485572
2013-12-31 02:14:17.460000,35.12533333333334,132.722,11.32,0.5,V,0.0016666666666666,0.0015,0.5,0.03,,,earthquake,depth free,high manual,16.17839978487674,-276.6857858935129,14.755648252152788,,False,13.95863933032398
2013-12-31 18:32:54.630000,35.12283333333333,132.721,10.89,0.8,V,0.0016666666666666,0.0016666666666666,0.48,0.03,,,earthquake,depth free,high manual,15.901165060937368,-276.79986682221096,14.331058070270014,,False,14.044709344657543
2014-01-02 11:26:42.720000,35.119,132.76833333333337,7.25,0.9,V,0.002,0.0018333333333333,0.79,0.03,,,earthquake,depth free,high manual,15.321059439085564,-272.6432359865122,10.5499236686175,,False,18.679722468976454
2014-01-06 15:26:07.840000,35.08133333333333,132.56383333333335,10.37,0.7,V,0.0021666666666666,0.0025,0.42,0.04,,,earthquake,depth free,high manual,11.74566458108681,-291.22097832332463,14.353882924962877,,False,11.787761046743428
2014-01-07 02:10:20.580000,35.10516666666667,132.543,8.93,0.9,V,0.002,0.0023333333333333,0.36,0.03,,,earthquake,depth free,high manual,14.442397719016505,-293.0790433586177,12.963669095752914,,False,10.190141571100254
2014-01-09 07:57:37.470000,35.111000000000004,132.56766666666667,11.2,1.2,V,0.0018333333333333,0.0026666666666666,0.39,0.04,,,earthquake,depth free,high manual,15.031257548933858,-290.7366006654502,15.14478683194143,,False,8.40779947167314
2014-01-10 11:25:33.990000,35.10166666666667,132.66916666666663,10.0,1.4,V,0.0021666666666666,0.0023333333333333,0.71,0.03,,,earthquake,depth free,high manual,13.693551556245554,-281.6055754077272,13.6229246171338,,False,12.062108998502895
2014-01-10 11:25:47.150000,35.09766666666667,132.6705,10.06,0.7,V,0.0058333333333333,0.0043333333333333,1.66,0.12,,,earthquake,depth free,high manual,13.24629364763052,-281.4963190406434,13.682061929063558,,False,12.467943879157326
2014-01-10 19:59:41.930000,35.10916666666667,132.66266666666667,10.67,0.7,V,0.0028333333333333,0.0021666666666666,0.71,0.05,,,earthquake,depth free,high manual,14.548669047775553,-282.14554367456714,14.306912545812564,,False,10.951588158611063
2014-01-11 00:38:48.150000,35.181666666666665,132.61533333333333,8.47,0.7,V,0.0026666666666666,0.0023333333333333,0.56,0.04,,,earthquake,depth free,high manual,22.717562235399672,-286.26303411822937,12.20535599587912,,False,4.502440934152398
2014-01-17 21:59:34.510000,35.211333333333336,132.78433333333334,7.11,0.5,v,0.0013333333333333,0.0013333333333333,0.28,0.03,,,earthquake,depth free,high manual,25.526760963362857,-270.88764092287397,10.294020562414437,,False,18.8569999267146
2014-01-20 03:56:41.920000,35.167833333333334,132.56150000000002,8.45,0.6,V,0.0028333333333333,0.0025,0.53,0.04,,,earthquake,depth free,high manual,21.3396631516316,-291.1936483359083,12.372592017864962,,False,4.7169732070464025
2014-01-25 21:09:24.590000,35.20416666666667,132.78533333333334,7.27,0.5,V,0.0018333333333333,0.0018333333333333,0.49,0.03,,,earthquake,depth free,high manual,24.72915746226868,-270.81553513596066,10.455505603386747,,False,18.79387948673405
2014-01-26 21:32:15.780000,35.12166666666667,132.72333333333333,10.93,0.7,V,0.0018333333333333,0.0018333333333333,0.6,0.03,,,earthquake,depth free,high manual,15.765430937675175,-276.59082736560845,14.364694958810656,,False,14.288422108854144
2014-01-27 02:22:41.470000,35.11483333333334,132.60266666666666,7.15,0.6,V,0.002,0.0021666666666666,0.55,0.03,,,earthquake,depth free,high manual,15.328334202445909,-287.6957822884772,10.978865739078556,,False,9.328706353658369
2014-01-28 20:00:41.960000,35.120666666666665,132.76266666666666,5.37,0.8,V,0.0018333333333333,0.0016666666666666,0.95,0.02,,,earthquake,depth free,high manual,15.509919319582586,-273.21587960332164,8.687077982460137,,False,18.749253187216635
2014-01-30 13:15:53.550000,35.1235,132.723,10.94,1.0,V,0.0031666666666666,0.0023333333333333,0.84,0.05,,,earthquake,depth free,high manual,15.969834312416223,-276.6144775579114,14.374241946882204,,False,14.162538273439468
2014-02-08 17:45:36.790000,35.124833333333335,132.75,8.15,1.2,V,0.002,0.002,0.71,0.03,,,earthquake,depth free,high manual,16.02505836167231,-274.2566180121661,11.501047821507656,,False,16.725993822004114
2014-02-09 08:52:15.820000,35.11066666666667,132.5375,6.97,1.1,V,0.002,0.0023333333333333,0.34,0.03,,,earthquake,depth free,high manual,15.056638373555357,-293.63120106554305,11.018880526006196,,False,10.67956968758185
2014-02-12 22:45:57.230000,35.08083333333334,132.51683333333335,13.55,0.6,V,0.0025,0.0025,0.4,0.04,,,earthquake,depth free,high manual,11.851808349574744,-295.3679747197189,17.68987203753539,,False,13.226856601383139
2014-02-14 12:50:56.430000,35.121,132.72050000000002,10.85,1.3,V,0.0016666666666666,0.002,0.6,0.03,,,earthquake,depth free,high manual,15.698909182564464,-276.8528410607087,14.294134699980573,,False,14.10990885994929
2014-02-19 00:24:32.500000,35.0565,132.47166666666666,10.65,0.5,V,0.0023333333333333,0.0021666666666666,0.38,0.05,,,earthquake,depth free,high manual,9.268406621511396,-299.6642826370073,14.968889918612335,,False,17.708107505245984
2014-02-22 12:19:23.890000,35.101,132.66483333333335,9.16,1.9,V,0.0016666666666666,0.0021666666666666,0.69,0.03,,,earthquake,depth free,high manual,13.626410998947163,-282.0308011548847,12.797883940227852,,False,12.059432777211146
2014-02-24 16:30:49.100000,35.19866666666666,132.77983333333336,9.83,0.9,V,0.0015,0.0016666666666666,0.43,0.03,,,earthquake,depth free,high manual,24.146339369007823,-271.2462072605098,13.034367039966616,,False,17.741612200195508
2014-02-25 09:03:37.100000,35.119166666666665,132.72433333333333,8.84,0.8,V,0.0018333333333333,0.0018333333333333,0.62,0.03,,,earthquake,depth free,high manual,15.47207434142637,-276.5808807467616,12.274903869925517,,False,14.82678398221155
2014-03-01 03:51:44.780000,35.08916666666667,132.67216666666667,9.04,1.2,V,0.0018333333333333,0.0021666666666666,0.76,0.03,,,earthquake,depth free,high manual,12.291418929507412,-281.41051673919327,12.664799852412449,,False,13.4976085107473
2014-03-03 13:58:51.310000,35.1055,132.6665,10.63,0.9,V,0.0016666666666666,0.0016666666666666,0.49,0.03,,,earthquake,depth free,high manual,14.130631546865438,-281.8119370822473,14.257773262096364,,False,11.487658768447895
2014-03-06 18:11:00.480000,35.16016666666667,132.66666666666666,7.29,0.6,V,0.0036666666666666,0.0025,0.95,0.06,,,earthquake,depth free,high manual,20.176966552156763,-281.7255226709599,10.876000071939744,,False,9.139895665365035
2014-03-08 04:23:14.860000,35.07266666666667,132.56300000000002,11.57,0.5,V,0.0016666666666666,0.0018333333333333,0.36,0.03,,,earthquake,depth free,high manual,10.794989214627396,-291.2833163610937,15.563660981442869,,False,12.62735950693797
2014-03-08 10:29:09.900000,35.240500000000004,132.70216666666664,7.27,1.9,V,0.0018333333333333,0.0021666666666666,0.48,0.03,,,earthquake,depth free,high manual,28.994107592908065,-278.2305564740746,10.690260694580475,,False,13.107776468751918
2014-03-10 16:42:45.590000,35.101,132.66683333333333,7.91,1.5,V,0.0021666666666666,0.0026666666666666,0.97,0.03,,,earthquake,depth free,high manual,13.612448227805784,-281.8935686000949,11.54230122197758,,False,12.5321226385499
2014-03-12 19:10:52.600000,35.1055,132.6635,8.93,0.9,V,0.0016666666666666,0.0016666666666666,0.57,0.03,,,earthquake,depth free,high manual,14.128123332394637,-282.14433751751704,12.56846816647374,,False,11.666973089880331
2014-03-14 15:53:08.580000,35.064499999999995,132.49666666666664,8.62,1.0,V,0.0018333333333333,0.002,0.32,0.03,,,earthquake,depth free,high manual,10.065800106085671,-297.4430392022525,12.847073054661749,,False,16.03306978359702
2014-03-20 08:59:23.280000,35.098333333333336,132.67533333333333,9.4,1.2,V,0.0016666666666666,0.002,0.67,0.03,,,earthquake,depth free,high manual,13.302101813336934,-281.0787616893015,13.00650854130812,,False,12.809330118287573
2014-03-31 11:47:56.400000,35.177,132.6765,9.75,0.9,V,0.0026666666666666,0.0026666666666666,0.65,0.05,,,earthquake,depth free,high manual,22.03060488145096,-280.688758870458,13.290898556130228,,False,8.533302824319975
2014-03-31 15:44:15.100000,35.18366666666666,132.67216666666667,10.58,0.7,V,0.0026666666666666,0.0021666666666666,0.53,0.05,,,earthquake,depth free,high manual,22.787012814147136,-281.0292026903707,14.129484952945246,,False,7.910531753847026
2014-04-02 21:03:37.590000,35.096333333333334,132.67566666666664,10.17,0.6,V,0.0016666666666666,0.0018333333333333,0.59,0.03,,,earthquake,depth free,high manual,13.084350931662245,-281.0282588971435,13.776674945579176,,False,12.854663291301323
2014-04-03 04:17:39.320000,35.10183333333333,132.66816666666665,9.56,1.0,V,0.0018333333333333,0.0021666666666666,0.68,0.03,,,earthquake,depth free,high manual,13.712002945301238,-281.7112940735907,13.186259927034394,,False,12.078090871011245
2014-04-11 12:20:52.450000,35.10183333333333,132.6665,8.57,1.0,V,0.002,0.002,0.75,0.03,,,earthquake,depth free,high manual,13.710245338701348,-281.8975678214877,12.20222624888551,,False,12.237435756421005
2014-04-14 15:39:54.240000,35.107,132.73833333333332,7.2,1.5,V,0.0018333333333333,0.0021666666666666,0.93,0.03,,,earthquake,depth free,high manual,14.071888400279006,-275.4082209474187,10.602433828623592,,False,16.977877249114037
2014-04-15 12:47:18.130000,35.139833333333335,132.7585,9.08,0.9,V,0.0018333333333333,0.0021666666666666,0.65,0.03,,,earthquake,depth free,high manual,17.671990759701078,-273.40321917622344,12.392422099511636,,False,16.6510839786282
2014-04-16 04:48:48.500000,35.08883333333333,132.67399999999998,10.36,1.3,V,0.0016666666666666,0.002,0.65,0.03,,,earthquake,depth free,high manual,12.258192002589697,-281.1986806336759,13.978394701822491,,False,13.383993159708993
2014-04-19 04:21:36.690000,35.12983333333333,132.71716666666666,11.91,0.9,V,0.0018333333333333,0.0023333333333333,0.64,0.04,,,earthquake,depth free,high manual,16.694812659834223,-277.0883164632747,15.356781047547084,,False,13.315496713891969
2014-04-19 09:41:43.390000,35.103,132.5488333333333,8.96,0.5,V,0.0023333333333333,0.0025,0.38,0.04,,,earthquake,depth free,high manual,14.184829340019522,-292.5564597126113,12.975949664165372,,False,10.199690181388394
2014-04-22 15:23:29.830000,35.1595,132.56433333333334,8.76,3.5,V,0.0016666666666666,0.0021666666666666,0.46,0.03,,,earthquake,depth free,high manual,20.40812578201085,-290.95519132911176,12.67910234194125,,False,4.823851208813875
2014-04-22 15:24:23.620000,35.16283333333333,132.5608333333333,9.0,2.3,V,0.0021666666666666,0.0023333333333333,0.39,0.04,,,earthquake,depth free,high manual,20.78970469388998,-291.25174502480377,12.928104936496409,,False,4.600692293122213
2014-04-22 15:25:08.780000,35.158,132.56916666666666,8.66,1.4,V,0.002,0.0028333333333333,0.54,0.03,,,earthquake,depth free,high manual,20.22685427933504,-290.5259748185733,12.56423516964225,,False,4.829757284849688
2014-04-22 15:26:48.640000,35.1615,132.56333333333333,8.91,1.1,V,0.0018333333333333,0.0023333333333333,0.44,0.03,,,earthquake,depth free,high manual,20.633862976552027,-291.0331722665109,12.8308355220976,,False,4.6330781736265365
2014-04-22 15:30:53.920000,35.16083333333333,132.56466666666668,9.13,1.7,V,0.0016666666666666,0.0021666666666666,0.44,0.03,,,earthquake,depth free,high manual,20.55715637544924,-290.9065665292796,13.046744127412843,,False,4.470468932200088
2014-04-22 15:35:53.330000,35.16,132.56150000000002,8.54,1.8,V,0.0018333333333333,0.0023333333333333,0.48,0.03,,,earthquake,depth free,high manual,20.470761184405298,-291.2184185315206,12.46830938323654,,False,5.059873181898168
2014-04-22 15:36:52.210000,35.16016666666667,132.56216666666668,8.54,1.7,V,0.0016666666666666,0.0023333333333333,0.47,0.03,,,earthquake,depth free,high manual,20.48729118545109,-291.1573703026612,12.465966049252044,,False,5.022813214421273
2014-04-22 15:44:03.800000,35.15866666666667,132.56433333333334,8.65,1.1,V,0.0021666666666666,0.0026666666666666,0.53,0.03,,,earthquake,depth free,high manual,20.31503101395289,-290.96222757106153,12.56980122002887,,False,4.954671617596874
2014-04-22 15:48:28.100000,35.160333333333334,132.56433333333334,8.65,1.4,V,0.002,0.0026666666666666,0.54,0.03,,,earthquake,depth free,high manual,20.500003769240916,-290.9562573005957,12.568557423652912,,False,4.849210115522132
2014-04-22 17:03:45.290000,35.16416666666667,132.56433333333334,9.29,0.5,V,0.005,0.0053333333333333,1.06,0.1,,,earthquake,depth free,high manual,20.928928867674863,-290.9189563881209,13.205273486194718,,False,4.16544020528473
2014-04-22 18:18:01.500000,35.166666666666664,132.55916666666667,8.84,0.5,V,0.0023333333333333,0.0026666666666666,0.49,0.04,,,earthquake,depth free,high manual,21.21917480793553,-291.3950048611851,12.770944974485934,,False,4.587344831608513
2014-04-23 01:45:16.800000,35.161,132.56400000000002,8.96,1.1,V,0.0018333333333333,0.0023333333333333,0.48,0.03,,,earthquake,depth free,high manual,20.576682332868685,-290.9726756577824,12.878954891687382,,False,4.602381189563
2014-04-23 09:32:09.480000,35.16133333333333,132.56650000000002,8.29,0.8,V,0.0025,0.0025,0.5,0.04,,,earthquake,depth free,high manual,20.602620188858815,-290.7694627803598,12.200861063602186,,False,4.980446715161025
2014-04-26 11:12:39.660000,35.094833333333334,132.64516666666665,10.28,0.5,V,0.002,0.0021666666666666,0.56,0.03,,,earthquake,depth free,high manual,13.005947624710377,-283.79686608086354,13.985604529707617,,False,11.447644711456672
2014-04-30 01:14:23.690000,35.166666666666664,132.559,8.3,0.6,V,0.0033333333333333,0.0034999999999999,0.65,0.06,,,earthquake,depth free,high manual,21.21674924256528,-291.43004180546797,12.231875931793429,,False,4.996509898279335
2014-05-14 15:10:08.300000,35.09766666666667,132.71133333333333,7.34,1.1,V,0.0016666666666666,0.0018333333333333,0.85,0.02,,,earthquake,depth free,high manual,13.112404201528951,-277.8859259473752,10.834568733780038,,False,15.631681092397969
2014-05-15 03:47:19.540000,35.18133333333333,132.68733333333333,7.77,0.8,V,0.0023333333333333,0.0025,0.64,0.03,,,earthquake,depth free,high manual,22.470397867329368,-279.7612216724607,11.274724994169205,,False,10.128399171678378
2014-05-15 04:16:44.640000,35.18183333333333,132.68733333333333,7.23,0.5,V,0.0023333333333333,0.0026666666666666,0.7,0.03,,,earthquake,depth free,high manual,22.52309319409657,-279.7784323445349,10.734714994429202,,False,10.370797524612529
2014-05-15 20:31:05.600000,35.15183333333333,132.66733333333332,7.56,0.5,V,0.0023333333333333,0.0023333333333333,0.77,0.04,,,earthquake,depth free,high manual,19.25151338715645,-281.684405061551,11.149939984980714,,False,9.368631434068893
2014-05-15 20:31:19.780000,35.1505,132.665,8.32,0.7,V,0.0023333333333333,0.0025,0.78,0.04,,,earthquake,depth free,high manual,19.114527307594308,-281.8737787450387,11.917917696463295,,False,8.91295524762394
2014-05-27 04:35:08.580000,35.138333333333335,132.71283333333332,10.21,0.6,V,0.0021666666666666,0.0021666666666666,0.68,0.04,,,earthquake,depth free,high manual,17.639765378191036,-277.511251624511,13.664695223811623,,False,12.697212510721457
2014-05-27 15:05:29.200000,35.19033333333333,132.68433333333334,8.78,0.6,V,0.0031666666666666,0.0023333333333333,0.61,0.05,,,earthquake,depth free,high manual,23.483038816090108,-279.96673143782215,12.287379934909389,,False,9.493996410970912
2014-05-28 21:10:35.200000,35.10633333333333,132.71116666666666,9.89,0.9,V,0.0015,0.0016666666666666,0.57,0.03,,,earthquake,depth free,high manual,14.091607535994743,-277.7828068106171,13.376112315919553,,False,14.433398669104573
2014-06-07 08:32:26.370000,35.166,132.77766666666668,6.23,0.8,V,0.0016666666666666,0.002,0.63,0.02,,,earthquake,depth free,high manual,20.507405338448702,-271.67347454135887,9.46573530293148,,False,18.428418074006622
2014-06-08 02:27:22.880000,35.10116666666667,132.66733333333332,8.75,1.6,V,0.0015,0.0018333333333333,0.62,0.02,,,earthquake,depth free,high manual,13.635059811347096,-281.81788240309976,12.380016257758548,,False,12.287022616907734
2014-06-08 14:36:34.540000,35.100500000000004,132.66766666666666,8.24,0.9,V,0.0018333333333333,0.0021666666666666,0.78,0.03,,,earthquake,depth free,high manual,13.556748133371816,-281.80798989077505,11.86985241930085,,False,12.510475558355413
2014-06-08 17:19:26.410000,35.10116666666667,132.66899999999998,8.68,1.0,V,0.0023333333333333,0.0026666666666666,0.87,0.04,,,earthquake,depth free,high manual,13.629838738753586,-281.66911357223387,12.304738433307808,,False,12.397146864124378
2014-06-08 17:19:38.780000,35.09916666666667,132.6675,8.13,1.0,V,0.0018333333333333,0.0021666666666666,0.77,0.03,,,earthquake,depth free,high manual,13.408503150072905,-281.8316264037971,11.761599921344343,,False,12.647099624422028
2014-06-09 02:43:24.720000,35.098,132.6688333333333,9.08,0.5,V,0.0023333333333333,0.0025,0.87,0.04,,,earthquake,depth free,high manual,13.281518959733654,-281.6810507523283,12.707728850210843,,False,12.549783410143492
2014-06-09 18:31:52.900000,35.11516666666667,132.56916666666666,11.92,1.3,V,0.0015,0.0018333333333333,0.34,0.03,,,earthquake,depth free,high manual,15.493624439791152,-290.5591923456925,15.855822156159892,,False,7.878041192334576
2014-06-10 00:28:47.140000,35.1135,132.57066666666665,11.5,0.7,V,0.0016666666666666,0.0021666666666666,0.38,0.03,,,earthquake,depth free,high manual,15.301670028868587,-290.4445655028332,15.432525461200209,,False,8.055720939126074
2014-06-12 10:19:56.700000,35.16583333333333,132.707,5.74,1.1,V,0.0021666666666666,0.0026666666666666,0.9,0.03,,,earthquake,depth free,high manual,20.683108590714298,-278.1016826885684,9.195016498435496,,False,12.825373224371603
2014-06-15 10:17:24.660000,35.07566666666667,132.49599999999998,14.37,1.0,V,0.0016666666666666,0.0018333333333333,0.28,0.03,,,earthquake,depth free,high manual,11.347120121626848,-297.2451380669084,18.58479247189983,,False,14.798964358828457
2014-06-19 22:17:29.860000,35.16466666666666,132.56366666666668,9.0,0.6,V,0.0023333333333333,0.0028333333333333,0.55,0.04,,,earthquake,depth free,high manual,20.984803326531377,-290.98828777872524,12.917323122249057,,False,4.368281644386068
2014-06-21 04:17:58.800000,35.06883333333334,132.44633333333334,11.6,0.6,V,0.0026666666666666,0.0025,0.43,0.05,,,earthquake,depth free,high manual,10.720645032313175,-301.8810301832093,15.994350777460122,,False,18.10621721138884
2014-06-21 19:59:39.500000,35.071333333333335,132.447,12.42,1.2,V,0.0015,0.0018333333333333,0.28,0.03,,,earthquake,depth free,high manual,11.001673503283484,-301.77967285384375,16.80909168474059,,False,17.8604801745097
2014-06-27 12:50:39.640000,35.093833333333336,132.67316666666665,9.99,0.5,V,0.0018333333333333,0.0021666666666666,0.71,0.03,,,earthquake,depth free,high manual,12.812863105794907,-281.2700851630468,13.606920750121525,,False,12.957267069917636
2014-06-28 08:52:10.350000,35.089666666666666,132.531,13.95,1.2,V,0.0018333333333333,0.0023333333333333,0.37,0.04,,,earthquake,depth free,high manual,12.791771158611525,-294.03636496950213,18.03385828503774,,False,11.83055936014116
2014-07-04 02:43:40.930000,35.097833333333334,132.63133333333334,8.0,0.6,V,0.0016666666666666,0.0016666666666666,0.53,0.03,,,earthquake,depth free,high manual,13.363561887791455,-285.123323783788,11.749236454154472,,False,11.244247298795816
2014-07-04 03:10:59.530000,35.09466666666667,132.635,7.46,1.2,V,0.0018333333333333,0.002,0.66,0.02,,,earthquake,depth free,high manual,12.99786694715042,-284.82098643309666,11.200459942904011,,False,11.870476536453207
2014-07-08 04:12:45.850000,35.1565,132.6675,7.1,1.5,V,0.002,0.0023333333333333,0.75,0.03,,,earthquake,depth free,high manual,19.76647698583068,-281.66937153296095,10.686190549126296,,False,9.428766510160306
2014-07-08 04:18:29.680000,35.157,132.66816666666665,6.92,0.5,V,0.0023333333333333,0.0026666666666666,0.84,0.04,,,earthquake,depth free,high manual,19.81906910068156,-281.6135285695876,10.503803433063371,,False,9.55476927891986
2014-07-11 19:23:26.190000,35.10316666666667,132.6688333333333,9.67,1.3,V,0.002,0.0021666666666666,0.71,0.03,,,earthquake,depth free,high manual,13.85878251622519,-281.6422987071663,13.29292355421887,,False,11.980098385921828
2014-07-12 09:55:41.880000,35.102000000000004,132.6675,9.32,1.0,V,0.0018333333333333,0.002,0.64,0.03,,,earthquake,depth free,high manual,13.730822328791737,-281.7797000476081,12.948402460836297,,False,12.080770065254477
2014-07-13 04:33:07.900000,35.134,132.54666666666665,9.48,0.5,V,0.0015,0.0016666666666666,0.29,0.02,,,earthquake,depth free,high manual,17.634650357895588,-292.62219703920135,13.477221187310825,,False,7.199544862124212
2014-07-13 23:33:01.680000,35.102833333333336,132.66933333333333,8.91,1.1,V,0.0016666666666666,0.0021666666666666,0.69,0.03,,,earthquake,depth free,high manual,13.8153746267081,-281.6249622514516,12.532103009469996,,False,12.215002160886867
2014-07-16 05:55:43.770000,35.131166666666665,132.54816666666667,9.76,1.3,V,0.0018333333333333,0.0023333333333333,0.4,0.03,,,earthquake,depth free,high manual,17.31747743500236,-292.4859738332869,13.75426559366606,,False,7.28650720293416
2014-07-18 00:57:09.670000,35.129666666666665,132.5485,9.7,0.7,V,0.0016666666666666,0.002,0.33,0.03,,,earthquake,depth free,high manual,17.149681628782208,-292.4633637806712,13.69439706020487,,False,7.428107223845516
2014-07-18 16:05:09.780000,35.13433333333333,132.54666666666665,9.41,1.1,V,0.002,0.0021666666666666,0.36,0.03,,,earthquake,depth free,high manual,17.671222459705906,-292.623593798756,13.40700528802143,,False,7.196869211477566
2014-07-24 16:53:54.980000,35.172333333333334,132.661,9.3,0.8,V,0.0026666666666666,0.0018333333333333,0.51,0.04,,,earthquake,depth free,high manual,21.554551256443936,-282.1259695829525,12.893954351504936,,False,7.441234594961514
2014-07-25 16:38:39.590000,35.16616666666666,132.66383333333334,9.0,0.7,V,0.0023333333333333,0.0018333333333333,0.51,0.04,,,earthquake,depth free,high manual,20.86046337341109,-281.90113175443827,12.589545825500034,,False,7.939966569011863
2014-07-26 14:57:05.600000,35.091833333333334,132.67616666666666,11.22,0.7,V,0.0013333333333333,0.0013333333333333,0.44,0.02,,,earthquake,depth free,high manual,12.590705691750534,-280.9613926863697,14.828313246489587,,False,13.15234502533911
2014-07-27 17:12:15.720000,35.115833333333335,132.7711666666667,11.84,0.5,V,0.0015,0.0015,0.47,0.03,,,earthquake,depth free,high manual,14.990995153261675,-272.24108489159414,15.13110914031872,,False,18.405644291829976
2014-07-28 02:56:07.800000,35.084833333333336,132.42083333333332,11.1,0.5,V,0.0018333333333333,0.002,0.31,0.03,,,earthquake,depth free,high manual,12.57039219095352,-304.15420166378146,15.56930108552399,,False,18.719614621011523
2014-08-03 04:05:26.420000,35.056,132.53366666666668,6.66,0.9,V,0.0015,0.002,0.36,0.02,,,earthquake,depth free,high manual,8.997187163772848,-294.18809710654426,10.770947817821895,,False,16.03677135840489
2014-08-03 08:14:32.890000,35.044666666666664,132.5655,6.85,1.6,V,0.0015,0.0021666666666666,0.52,0.02,,,earthquake,depth free,high manual,7.645966853582084,-291.33056362958024,10.86503691091296,,False,16.528549589836842
2014-08-06 18:03:09.210000,35.26716666666667,132.685,12.43,1.0,V,0.0018333333333333,0.002,0.42,0.03,,,earthquake,depth free,high manual,32.022130094392544,-279.51311530923374,15.886336941787317,,False,12.782520703829588
2014-08-10 11:12:02.200000,35.10733333333334,132.73816666666664,6.76,1.2,V,0.0016666666666666,0.0021666666666666,0.96,0.03,,,earthquake,depth free,high manual,14.106490007682453,-275.43734690296156,10.16294029702871,,False,17.080526577060226
2014-08-13 19:22:36.800000,35.147,132.6723333333333,7.14,2.2,V,0.002,0.0023333333333333,0.79,0.03,,,earthquake,depth free,high manual,18.6982830594527,-281.2624236706218,10.717938144543924,,False,10.14128562995473
2014-08-14 19:56:10.680000,35.1475,132.67416666666665,7.66,1.0,V,0.002,0.0023333333333333,0.74,0.03,,,earthquake,depth free,high manual,18.751575779587476,-281.07603536701,11.231381367099182,,False,10.003680533660393
2014-08-19 06:19:26.100000,35.090333333333334,132.6015,7.83,0.7,V,0.0018333333333333,0.0023333333333333,0.56,0.03,,,earthquake,depth free,high manual,12.61657298537029,-287.86361747838237,11.683179591358298,,False,11.40115894311618
2014-08-22 00:53:18.710000,35.092666666666666,132.67149999999998,9.73,1.2,V,0.0018333333333333,0.0021666666666666,0.69,0.03,,,earthquake,depth free,high manual,12.686404521347283,-281.4345358287121,13.353417827701234,,False,13.013610616352956
2014-08-23 20:46:05.500000,35.086000000000006,132.701,8.4,0.6,V,0.0016666666666666,0.0018333333333333,0.77,0.03,,,earthquake,depth free,high manual,11.853723149419856,-278.82687354561534,11.936577228572492,,False,15.544766667697456
2014-08-24 02:25:04.540000,35.099833333333336,132.66733333333332,8.24,0.7,V,0.0018333333333333,0.0021666666666666,0.76,0.03,,,earthquake,depth free,high manual,13.483704437657398,-281.84055046889074,11.87148884552345,,False,12.548184014030431
2014-08-26 02:35:56.910000,35.166999999999994,132.76783333333336,15.95,0.9,V,0.0016666666666666,0.002,0.46,0.03,,,earthquake,depth free,high manual,20.69893761824092,-272.23243720275013,19.209337442646778,,False,16.981574821327488
2014-08-26 02:46:19.320000,35.1665,132.76950000000002,15.97,0.7,V,0.0015,0.0016666666666666,0.4,0.03,,,earthquake,depth free,high manual,20.63901951109475,-272.08247067229917,19.224590055592923,,False,17.138785728204535
2014-08-29 14:36:49.490000,35.09166666666667,132.67466666666667,10.43,0.9,V,0.0016666666666666,0.002,0.65,0.03,,,earthquake,depth free,high manual,12.571143703997434,-281.1259332169027,14.043744445595188,,False,13.162655086208703
2014-09-03 05:08:58.700000,35.10566666666667,132.66383333333334,9.45,0.5,V,0.0018333333333333,0.002,0.63,0.03,,,earthquake,depth free,high manual,14.14905509032038,-282.0950846241288,13.086922877813162,,False,11.538993935013332
2014-09-04 14:48:56.410000,35.18566666666666,132.76333333333332,11.13,1.0,V,0.0018333333333333,0.0018333333333333,0.47,0.03,,,earthquake,depth free,high manual,22.75592264895972,-272.741138565671,14.392804647677814,,False,16.05752055891264
2014-09-05 01:08:33.130000,35.06183333333333,132.49499999999998,10.1,0.5,V,0.0018333333333333,0.0021666666666666,0.34,0.04,,,earthquake,depth free,high manual,9.785537075657595,-297.5480210224169,14.33416423447993,,False,16.102335941720582
2014-09-08 18:39:03.660000,35.09366666666667,132.673,8.43,0.5,V,0.0021666666666666,0.0021666666666666,0.84,0.03,,,earthquake,depth free,high manual,12.784347426287196,-281.340876219898,12.04860524583694,,False,13.31080164320615
2014-09-09 05:06:43.440000,35.0965,132.67333333333332,8.95,1.9,V,0.0016666666666666,0.002,0.71,0.03,,,earthquake,depth free,high manual,13.101343695301052,-281.28246905100593,12.56475107417371,,False,12.953906984959758
2014-09-09 05:06:54.510000,35.099333333333334,132.673,10.21,1.2,V,0.0036666666666666,0.0031666666666666,1.58,0.12,,,earthquake,depth free,high manual,13.425095541287291,-281.2584314118191,13.822560069625798,,False,12.442364285607695
2014-09-09 05:07:07.610000,35.0965,132.67266666666666,8.6,3.3,V,0.0016666666666666,0.002,0.71,0.03,,,earthquake,depth free,high manual,13.100906790828075,-281.3553302454854,12.217102409141798,,False,13.008160251652104
2014-09-09 05:39:14.270000,35.095666666666666,132.67616666666666,8.66,0.5,V,0.0015,0.0018333333333333,0.64,0.03,,,earthquake,depth free,high manual,12.99884341353098,-281.03845074653805,12.266632968113354,,False,13.254169537361978
2014-09-09 08:31:16.500000,35.0965,132.67116666666666,9.1,1.8,V,0.002,0.0023333333333333,0.79,0.03,,,earthquake,depth free,high manual,13.10852464168764,-281.4737917777002,12.721562887037294,,False,12.798922041096045
2014-09-09 18:34:01.970000,35.15783333333333,132.5635,8.82,2.2,V,0.0018333333333333,0.0023333333333333,0.48,0.03,,,earthquake,depth free,high manual,20.225947674801027,-291.0345139315156,12.7430787949255,,False,4.924326976919874
2014-09-10 20:11:39.330000,35.0665,132.45183333333333,12.12,1.6,V,0.0016666666666666,0.0021666666666666,0.33,0.03,,,earthquake,depth free,high manual,10.448694328375476,-301.37066026448605,16.496999765946377,,False,17.93843414854766
2014-09-14 22:54:23.500000,35.06383333333333,132.49483333333333,9.53,1.0,V,0.0016666666666666,0.002,0.31,0.03,,,earthquake,depth free,high manual,10.003863743144422,-297.5774320658683,13.763285233520854,,False,16.006015391174085
2014-09-15 16:23:04.230000,35.102833333333336,132.59033333333335,6.79,3.1,V,0.0016666666666666,0.0021666666666666,0.52,0.02,,,earthquake,depth free,high manual,14.029896026652526,-288.87076112580843,10.669770044106654,,False,10.544225929356653
2014-09-15 16:34:29.830000,35.105000000000004,132.59,6.91,1.3,V,0.0016666666666666,0.0021666666666666,0.54,0.03,,,earthquake,depth free,high manual,14.27218677999966,-288.88894452412467,10.788937590478442,,False,10.275171529857456
2014-09-16 08:25:24.260000,35.10633333333333,132.71366666666663,7.83,1.0,V,0.0015,0.0018333333333333,0.72,0.02,,,earthquake,depth free,high manual,14.07112856599528,-277.62752763550264,11.309558664730288,,False,15.067941486136236
2014-09-18 09:41:38.200000,35.014833333333335,132.58683333333337,10.18,0.7,V,0.0015,0.0016666666666666,0.49,0.03,,,earthquake,depth free,high manual,4.29811238356258,-289.37689708442656,14.151703933039446,,False,18.952124382592437
2014-09-21 17:52:45.200000,35.08983333333334,132.6951666666667,8.49,0.7,V,0.0016666666666666,0.0016666666666666,0.71,0.03,,,earthquake,depth free,high manual,12.296305354382838,-279.3400656576449,12.041558062593552,,False,14.869875906738448
2014-09-22 19:38:55.470000,35.111000000000004,132.58566666666667,6.85,0.7,V,0.002,0.0021666666666666,0.48,0.03,,,earthquake,depth free,high manual,14.950586200018405,-289.26310835917127,10.738199076724037,,False,9.735771553861028
2014-09-23 10:11:44.420000,35.102333333333334,132.45066666666665,10.7,0.8,V,0.0021666666666666,0.0023333333333333,0.31,0.04,,,earthquake,depth free,high manual,14.41762762833065,-301.3985168716592,15.050028678726909,,False,15.42487797526519
2014-09-23 19:09:20.670000,35.1045,132.58916666666667,6.38,2.6,V,0.0016666666666666,0.0021666666666666,0.56,0.02,,,earthquake,depth free,high manual,14.215674223438224,-288.98570378314105,10.262474505522384,,False,10.59928997618061
2014-09-23 19:26:20.500000,35.104,132.58883333333335,6.5600000000000005,2.1,V,0.0021666666666666,0.0026666666666666,0.61,0.03,,,earthquake,depth free,high manual,14.162310797578272,-289.0111650012604,10.44387599101311,,False,10.5491073118953
2014-09-23 19:26:23.940000,35.10366666666667,132.58950000000002,6.6,2.3,V,0.0016666666666666,0.0021666666666666,0.47,0.02,,,earthquake,depth free,high manual,14.123611881448898,-288.95037614505475,10.481935092244028,,False,10.56082282906071
2014-09-23 19:35:33.460000,35.1085,132.58433333333335,7.19,0.8,V,0.0023333333333333,0.0023333333333333,0.52,0.04,,,earthquake,depth free,high manual,14.679144476980769,-289.3805761293093,11.08447200045239,,False,9.79596511277262
2014-09-23 21:13:35.260000,35.103,132.44716666666667,10.45,0.5,V,0.0023333333333333,0.0023333333333333,0.35,0.04,,,earthquake,depth free,high manual,14.500671265680127,-301.7231305915127,14.81180962446687,,False,15.662340971624978
2014-09-23 21:31:12.880000,35.10116666666667,132.44983333333334,10.81,0.7,V,0.0016666666666666,0.0018333333333333,0.27,0.03,,,earthquake,depth free,high manual,14.291454382181168,-301.47418819172776,15.163845992402411,,False,15.552458470771926
2014-09-24 05:56:41.510000,35.103500000000004,132.45,11.09,1.2,V,0.0015,0.0016666666666666,0.26,0.03,,,earthquake,depth free,high manual,14.551614757496974,-301.4396512397208,15.441043541104367,,False,15.3653621911834
2014-09-26 04:08:57.170000,35.103833333333334,132.45016666666666,10.96,1.0,V,0.002,0.0021666666666666,0.29,0.04,,,earthquake,depth free,high manual,14.58724610056638,-301.4283043997228,15.310277338913044,,False,15.340976065777747
2014-09-26 16:12:52.800000,35.10583333333334,132.66716666666665,10.16,0.8,V,0.0023333333333333,0.0021666666666666,0.67,0.04,,,earthquake,depth free,high manual,14.16265015701712,-281.7669404114731,13.78566597812904,,False,11.568847607077617
2014-09-27 07:30:18,35.10316666666667,132.44833333333332,11.18,1.8,V,0.0016666666666666,0.0018333333333333,0.28,0.03,,,earthquake,depth free,high manual,14.520310350301935,-301.5885766694264,15.53705283872102,,False,15.503415126037627
2014-09-28 01:08:20.840000,35.100500000000004,132.66816666666665,9.21,0.8,V,0.0018333333333333,0.002,0.64,0.03,,,earthquake,depth free,high manual,13.561729288867577,-281.72829321490457,12.837626675514368,,False,12.270054686904771
2014-09-28 08:41:05.390000,35.10266666666667,132.66816666666665,9.77,1.2,V,0.0016666666666666,0.0016666666666666,0.57,0.03,,,earthquake,depth free,high manual,13.805858240007105,-281.700979377214,13.395413188046254,,False,11.964417247539481
2014-09-30 21:14:33.720000,35.1075,132.6665,10.18,0.5,V,0.0018333333333333,0.0016666666666666,0.57,0.03,,,earthquake,depth free,high manual,14.349617769508804,-281.8209402695395,13.806375643278006,,False,11.387462933484588
2014-09-30 21:15:09.310000,35.10183333333333,132.66766666666666,9.39,2.2,V,0.0016666666666666,0.002,0.62,0.03,,,earthquake,depth free,high manual,13.712311399631794,-281.76267711355354,13.017966976523647,,False,12.08789618916998
2014-10-03 11:14:52.310000,35.10116666666667,132.66816666666665,8.92,1.3,V,0.0018333333333333,0.0021666666666666,0.73,0.03,,,earthquake,depth free,high manual,13.633801106117602,-281.7362454580439,12.547244103915927,,False,12.286597437076534
2014-10-16 02:10:14.250000,35.181666666666665,132.5761666666667,10.03,1.2,V,0.0023333333333333,0.0026666666666666,0.54,0.04,,,earthquake,depth free,high manual,22.839940972094936,-289.7565423172278,13.892916640867677,,False,2.329876697172366
2014-10-17 10:14:56.800000,35.03216666666667,132.6725,8.85,1.2,V,0.001,0.0011666666666666,0.51,0.02,,,earthquake,depth free,high manual,5.963156374374104,-281.5838948002375,12.52706043585243,,False,18.924075865362443
2014-10-25 11:33:04.700000,35.24,132.488,15.72,0.8,V,0.002,0.0023333333333333,0.41,0.04,,,earthquake,depth free,high manual,29.598217861493993,-297.3173761279763,19.837587377298668,,False,11.427030810957463
2014-10-27 18:49:05.300000,35.10466666666667,132.6665,10.18,0.8,V,0.002,0.0016666666666666,0.59,0.03,,,earthquake,depth free,high manual,14.035231151758428,-281.83075429592424,13.808771055545582,,False,11.625952365584201
2014-10-28 23:15:26.300000,35.091833333333334,132.71599999999998,16.25,2.0,V,0.0018333333333333,0.0021666666666666,0.58,0.04,,,earthquake,depth free,high manual,12.512114149163422,-277.17299729800453,19.729412939691535,,False,16.147724783686897
2014-10-29 11:48:01.790000,35.06633333333333,132.49966666666666,10.0,0.6,V,0.0016666666666666,0.0018333333333333,0.3,0.03,,,earthquake,depth free,high manual,10.27005799474122,-297.1118543279445,14.214100409389587,,False,15.474408151161954
2014-11-04 17:26:12.740000,35.15716666666667,132.6665,9.24,0.5,V,0.0028333333333333,0.0025,0.71,0.05,,,earthquake,depth free,high manual,19.85536486705502,-281.6820679487263,12.827513147312995,,False,8.37560355079784
2014-11-08 19:19:08.980000,35.059,132.49133333333333,10.13,0.7,V,0.0015,0.0018333333333333,0.3,0.03,,,earthquake,depth free,high manual,9.482447304836132,-297.89001899916303,14.379349565161265,,False,16.537610261686154
2014-11-09 03:38:37.420000,35.09166666666667,132.6738333333333,10.26,0.8,V,0.0016666666666666,0.002,0.63,0.03,,,earthquake,depth free,high manual,12.572368471746298,-281.20754654161067,13.87650895981199,,False,13.140175247846509
2014-11-09 05:24:06.520000,35.107,132.66433333333333,10.36,0.7,V,0.0021666666666666,0.002,0.64,0.04,,,earthquake,depth free,high manual,14.30149717600306,-282.01285377180994,13.993606132226478,,False,11.275821312500412
2014-11-10 07:34:55.120000,35.07316666666667,132.69866666666667,9.66,0.6,V,0.0015,0.0015,0.61,0.03,,,earthquake,depth free,high manual,10.444868279608285,-279.0386039716728,13.214629614134392,,False,16.207440985557408
2014-11-13 12:39:54.340000,35.1305,132.78183333333334,12.88,1.6,V,0.002,0.0021666666666666,0.6,0.04,,,earthquake,depth free,high manual,16.595047078041432,-271.18966331705775,16.12609413936224,,False,18.715260464499252
2014-11-21 17:55:21.580000,35.06733333333334,132.73233333333334,9.4,0.6,V,0.0018333333333333,0.0016666666666666,0.75,0.03,,,earthquake,depth free,high manual,9.70097068467617,-276.0114644926902,12.854619173989937,,False,18.761839577804224
2014-11-22 07:04:22.300000,35.1315,132.781,12.99,0.5,V,0.0025,0.002,0.63,0.05,,,earthquake,depth free,high manual,16.708927546093932,-271.25816661216135,16.23777424814764,,False,18.612747122968514
2014-11-23 09:18:38.240000,35.1025,132.72766666666666,7.41,1.5,V,0.0018333333333333,0.002,0.89,0.03,,,earthquake,depth free,high manual,13.603539632277943,-276.3844397193666,10.849293375309326,,False,16.41217227536411
2014-11-23 10:33:00.300000,35.10116666666667,132.72966666666667,6.79,0.5,V,0.0018333333333333,0.0016666666666666,0.82,0.02,,,earthquake,depth free,high manual,13.445818381306164,-276.22882017270297,10.224578630754682,,False,16.82344852949255
2014-11-25 00:51:16.120000,35.1535,132.73533333333333,5.45,1.8,V,0.0018333333333333,0.002,0.81,0.02,,,earthquake,depth free,high manual,19.232451061448614,-275.5830619714673,8.825784969961536,,False,15.450121977927619
2014-11-30 12:42:39.370000,35.166,132.56166666666667,8.91,0.7,V,0.0021666666666666,0.0023333333333333,0.42,0.04,,,earthquake,depth free,high manual,21.138186332487138,-291.1681539180346,12.833059914840652,,False,4.450678197397679
2014-12-08 00:43:15.200000,35.13133333333333,132.58883333333335,10.73,1.2,V,0.0021666666666666,0.0025,0.5,0.03,,,earthquake,depth free,high manual,17.2220312805933,-288.7618637744218,14.588429121451693,,False,6.086228137974773
2014-12-12 10:03:24.340000,35.02183333333333,132.625,8.92,0.6,V,0.0018333333333333,0.0021666666666666,0.81,0.04,,,earthquake,depth free,high manual,4.95351670561132,-285.93157250990623,12.7603760866174,,False,18.686302734826423
2014-12-13 18:19:51.990000,35.16733333333333,132.55700000000002,9.04,1.0,V,0.0021666666666666,0.0025,0.44,0.04,,,earthquake,depth free,high manual,21.30064102137266,-291.581664352477,12.97753932168669,,False,4.527347967366271
2014-12-15 02:28:10.350000,35.1635,132.56183333333334,8.78,1.1,V,0.0021666666666666,0.0025,0.5,0.03,,,earthquake,depth free,high manual,20.859536992018864,-291.16679820098716,12.704435934781374,,False,4.671385213043416
2014-12-19 02:50:44.520000,35.09916666666667,132.6725,9.54,0.8,V,0.0018333333333333,0.0018333333333333,0.61,0.03,,,earthquake,depth free,high manual,13.403583818512752,-281.3280358292876,13.154729581757978,,False,12.549570435787198
2014-12-21 08:03:14.960000,35.19283333333333,132.6725,8.88,0.8,V,0.0023333333333333,0.002,0.47,0.04,,,earthquake,depth free,high manual,23.794645321920036,-281.0272101994536,12.423213529706112,,False,8.48678275595472
2014-12-23 15:54:25.200000,35.157333333333334,132.78016666666667,8.25,1.9,V,0.0018333333333333,0.0021666666666666,0.64,0.03,,,earthquake,depth free,high manual,19.54967779733706,-271.4074688999114,11.483287721693728,,False,18.2377649057392
2014-12-25 08:18:19.920000,35.153666666666666,132.56716666666665,7.92,2.1,V,0.002,0.0025,0.55,0.03,,,earthquake,depth free,high manual,19.747647632480327,-290.75006265267865,11.834653157423515,,False,5.718450221368732
2014-12-28 06:48:58.600000,35.158,132.7835,8.1,1.4,V,0.0016666666666666,0.0021666666666666,0.6,0.03,,,earthquake,depth free,high manual,19.613663838266795,-271.10796744098184,11.32272961941804,,False,18.549372270929243
2014-12-29 10:35:24.800000,35.10866666666667,132.66383333333334,10.6,0.5,V,0.0025,0.002,0.64,0.04,,,earthquake,depth free,high manual,14.489405467662811,-282.0439292019225,14.233645870054437,,False,11.070383691636488
2014-12-30 18:39:32.800000,35.10583333333334,132.71266666666665,8.94,0.7,V,0.0018333333333333,0.0018333333333333,0.71,0.03,,,earthquake,depth free,high manual,14.025694691715612,-277.68142706070296,12.422422917657892,,False,14.750496698738212
2015-01-03 12:48:46.290000,35.108000000000004,132.58983333333333,6.5600000000000005,0.7,V,0.002,0.0023333333333333,0.53,0.03,,,earthquake,depth free,high manual,14.603463409952102,-288.9061916115139,10.437182898485778,,False,10.17689366979863
2015-01-04 20:48:46.260000,35.236666666666665,132.78666666666666,14.23,0.6,V,0.0016666666666666,0.0018333333333333,0.37,0.03,,,earthquake,depth free,high manual,28.363339596221618,-270.35214706007446,17.387314662833994,,False,19.14397868235956
2015-01-11 20:02:49.430000,35.08266666666667,132.7,11.87,0.9,V,0.0015,0.0013333333333333,0.49,0.03,,,earthquake,depth free,high manual,11.51063320086026,-278.8078356787397,15.410483456184526,,False,15.298310587417298
2015-01-12 15:50:08.390000,35.145833333333336,132.67416666666665,6.68,1.1,V,0.0021666666666666,0.0023333333333333,0.86,0.03,,,earthquake,depth free,high manual,18.560865039303657,-281.1163660951832,10.253285822554188,,False,10.553216384114318
2015-01-14 00:59:14.240000,35.10366666666667,132.67016666666666,9.53,0.6,V,0.0018333333333333,0.0018333333333333,0.6,0.03,,,earthquake,depth free,high manual,13.909544378398138,-281.52454251192114,13.148333297971948,,False,12.043778774000653
2015-01-14 19:38:27.310000,35.10183333333333,132.70566666666664,7.22,1.0,V,0.0016666666666666,0.002,0.81,0.02,,,earthquake,depth free,high manual,13.590132875623649,-278.39023666678094,10.728883915761218,,False,15.013568937551256
2015-01-20 20:02:54.770000,35.08116666666667,132.6995,10.9,0.5,V,0.0016666666666666,0.0015,0.57,0.03,,,earthquake,depth free,high manual,11.338899186480116,-278.8922308873376,14.444011606024528,,False,15.439786242310939
2015-01-30 03:16:09.350000,35.12683333333334,132.7785,16.17,0.5,V,0.0018333333333333,0.002,0.51,0.04,,,earthquake,depth free,high manual,16.21790444138226,-271.39293889786717,19.42722912154525,,False,18.98140785506232
2015-01-30 11:24:11.350000,35.14966666666667,132.784,6.8,0.6,V,0.002,0.002,0.68,0.03,,,earthquake,depth free,high manual,18.679741760103663,-271.13424029959197,10.028207848680252,,False,19.08678830462314
2015-02-07 02:32:27.550000,35.162,132.59266666666667,8.62,0.5,V,0.0025,0.0023333333333333,0.45,0.04,,,earthquake,depth free,high manual,20.601626811574747,-288.3822925574291,12.443638854532203,,False,4.352973379539936
2015-02-07 15:24:49.280000,35.1625,132.58866666666668,7.87,0.7,V,0.0026666666666666,0.0026666666666666,0.61,0.04,,,earthquake,depth free,high manual,20.664701087134855,-288.7705749999813,11.706945063808792,,False,4.923091100799065
2015-02-13 05:43:04.930000,35.07266666666667,132.70049999999998,10.28,0.6,V,0.0016666666666666,0.0013333333333333,0.57,0.03,,,earthquake,depth free,high manual,10.388606632086384,-278.852249898474,13.82890735446873,,False,16.27167432980966
2015-02-17 05:24:48.910000,35.143166666666666,132.65683333333334,8.72,0.7,V,0.0031666666666666,0.002,0.75,0.05,,,earthquake,depth free,high manual,18.32628762660462,-282.6257746100705,12.34942977553578,,False,8.567559770543198
2015-02-17 11:06:37.760000,35.10716666666667,132.66383333333334,10.62,0.6,V,0.0021666666666666,0.0018333333333333,0.59,0.04,,,earthquake,depth free,high manual,14.32310637269027,-282.04842038295266,14.254895793543998,,False,11.195081284976347
2015-02-17 11:08:12.680000,35.101333333333336,132.66533333333334,9.55,1.8,V,0.0016666666666666,0.002,0.63,0.03,,,earthquake,depth free,high manual,13.664545154113217,-281.9704615554056,13.185746854771056,,False,11.967330858950978
2015-02-17 18:11:00.450000,35.10266666666667,132.46533333333332,10.96,0.6,V,0.0033333333333333,0.0026666666666666,0.4,0.05,,,earthquake,depth free,high manual,14.41158957033409,-300.05704931184965,15.258744429386413,,False,14.334424322768704
2015-03-02 12:38:38.230000,35.1075,132.66333333333333,9.89,0.9,V,0.0021666666666666,0.002,0.68,0.04,,,earthquake,depth free,high manual,14.35678713545292,-282.11849666951633,13.52668815930159,,False,11.261099044335598
2015-03-02 14:35:37.700000,35.136,132.75833333333333,7.73,1.4,V,0.002,0.0021666666666666,0.74,0.03,,,earthquake,depth free,high manual,17.238880999122035,-273.4772353670816,11.04673482599973,,False,17.0684076937513
2015-03-04 06:26:29.490000,35.08833333333334,132.67816666666667,10.27,0.9,V,0.0016666666666666,0.002,0.63,0.03,,,earthquake,depth free,high manual,12.19023251540765,-280.82550189750367,13.875628158214443,,False,13.666912050959057
2015-03-05 11:16:01.120000,35.062999999999995,132.60216666666665,9.02,1.2,V,0.0018333333333333,0.0018333333333333,0.51,0.03,,,earthquake,depth free,high manual,9.589279785091726,-287.8564709001553,12.894919969414522,,False,13.930962136980563
2015-03-05 15:30:19.240000,35.05783333333333,132.494,10.23,0.9,V,0.0015,0.0016666666666666,0.29,0.03,,,earthquake,depth free,high manual,9.34568028408022,-297.64846302797633,14.471254153136712,,False,16.51049570251886
2015-03-06 05:52:16.370000,35.1055,132.57483333333332,6.63,0.5,V,0.002,0.0021666666666666,0.42,0.03,,,earthquake,depth free,high manual,14.370396924479904,-290.27400042696706,10.55883619558001,,False,10.42438425047062
2015-03-11 14:58:35.280000,35.10583333333334,132.66516666666666,9.6,1.0,V,0.0016666666666666,0.0016666666666666,0.55,0.03,,,earthquake,depth free,high manual,14.16471615048116,-281.96821858534287,13.232420414798485,,False,11.565020598811468
2015-03-25 02:41:34.470000,35.10033333333333,132.66899999999998,6.99,0.8,V,0.0025,0.0026666666666666,1.11,0.04,,,earthquake,depth free,high manual,13.526178176652085,-281.73177157484724,10.61654600227126,,False,13.037203820733783
2015-03-26 17:52:54.470000,35.16583333333333,132.55883333333335,8.66,0.8,V,0.002,0.0021666666666666,0.39,0.04,,,earthquake,depth free,high manual,21.126700622086133,-291.43485942470966,12.592792036143273,,False,4.773995861991275
2015-03-26 18:16:11.840000,35.0455,132.706,8.18,0.7,V,0.0011666666666666,0.0011666666666666,0.6,0.02,,,earthquake,depth free,high manual,7.342765097548224,-278.519119413858,11.738323559821987,,False,19.28062407226124
2015-03-28 05:18:27.510000,35.10633333333333,132.665,10.43,0.6,V,0.0015,0.0013333333333333,0.45,0.03,,,earthquake,depth free,high manual,14.226076010500044,-281.952206401548,14.06199204243987,,False,11.35950512367521
2015-03-28 17:00:35.130000,35.1605,132.56050000000002,8.41,2.4,V,0.0016666666666666,0.0021666666666666,0.46,0.03,,,earthquake,depth free,high manual,20.528489531725047,-291.3120960944401,12.3413570749074,,False,5.164750515172293
2015-03-28 21:06:00.400000,35.21866666666667,132.79283333333333,8.65,1.3,V,0.0015,0.0018333333333333,0.44,0.02,,,earthquake,depth free,high manual,26.324680495452473,-270.0409782190835,11.802717826317542,,False,19.393710065954192
2015-04-04 06:00:39.840000,35.2175,132.63833333333332,6.71,0.7,V,0.002,0.0025,0.64,0.03,,,earthquake,depth free,high manual,26.620194714732648,-284.11529854801734,10.348030635419532,,False,8.039851739448004
2015-04-07 01:36:55.360000,35.07916666666667,132.6748333333333,17.2,0.7,V,0.0016666666666666,0.0016666666666666,0.45,0.04,,,earthquake,depth free,high manual,11.230995187977708,-280.91501070631773,20.819893530915223,,False,15.05584185214992
2015-04-10 15:23:12.510000,35.08983333333334,132.68566666666666,15.88,0.6,V,0.002,0.002,0.54,0.04,,,earthquake,depth free,high manual,12.373505819575836,-279.9426692521929,19.45689856517087,,False,14.333756316174593
2015-04-11 13:27:02.890000,35.0395,132.6935,12.18,0.6,V,0.0016666666666666,0.0018333333333333,0.65,0.04,,,earthquake,depth free,high manual,6.742886040207556,-279.53473283471186,15.780999202240444,,False,18.805283937472957
2015-04-11 15:47:51.200000,35.038,132.69333333333333,12.16,0.7,V,0.002,0.0018333333333333,0.76,0.05,,,earthquake,depth free,high manual,6.576816371973271,-279.5557043753956,15.763000796334262,,False,18.94039348296952
2015-04-11 17:09:46.100000,35.03883333333333,132.695,12.39,0.7,V,0.0015,0.0016666666666666,0.53,0.03,,,earthquake,depth free,high manual,6.66630357348933,-279.39350806185405,15.986771743985448,,False,18.940498130615364
2015-04-13 17:35:16.700000,35.03966666666666,132.69433333333333,12.23,0.9,V,0.0013333333333333,0.0015,0.52,0.03,,,earthquake,depth free,high manual,6.759397138352887,-279.4567693593637,15.828170411342796,,False,18.8287242022808
2015-04-18 05:06:28.270000,35.093333333333334,132.6688333333333,9.48,0.6,V,0.0018333333333333,0.0021666666666666,0.73,0.03,,,earthquake,depth free,high manual,12.766309495304396,-281.6830523315777,13.111509206017852,,False,12.862610131393357
2015-04-19 23:52:14.540000,35.090500000000006,132.6951666666667,8.11,1.3,V,0.0018333333333333,0.0021666666666666,0.87,0.03,,,earthquake,depth free,high manual,12.367717165883391,-279.3510782346868,11.661216088689326,,False,14.915853105234964
2015-04-20 15:53:13.560000,35.186166666666665,132.57233333333332,10.19,1.0,V,0.0023333333333333,0.0021666666666666,0.43,0.04,,,earthquake,depth free,high manual,23.3513368329285,-290.08200814517954,14.0623557935499,,False,2.341396008041158
2015-04-23 01:35:11.100000,35.07933333333334,132.6755,12.33,0.6,V,0.002,0.0021666666666666,0.6,0.04,,,earthquake,depth free,high manual,11.21357832810696,-281.0258524955567,15.95077494572322,,False,14.202347420602518
2015-04-27 06:49:07.400000,35.064499999999995,132.5016666666667,8.11,0.6,V,0.002,0.0023333333333333,0.34,0.03,,,earthquake,depth free,high manual,10.04708689861494,-297.00842265625323,12.32038325339932,,False,15.928115132670882
2015-05-03 22:20:56.330000,35.10016666666667,132.66733333333332,8.64,0.6,V,0.002,0.0021666666666666,0.74,0.03,,,earthquake,depth free,high manual,13.52334750804966,-281.825238862213,12.27094366971439,,False,12.401618135507563
2015-05-05 03:38:36.890000,35.10666666666667,132.58983333333333,7.05,0.6,V,0.0018333333333333,0.0021666666666666,0.48,0.03,,,earthquake,depth free,high manual,14.45860365800166,-288.8930442414948,10.927974978524292,,False,10.044262299979506
2015-05-06 06:26:24.750000,35.118,132.72083333333333,8.8,0.6,V,0.0018333333333333,0.002,0.72,0.03,,,earthquake,depth free,high manual,15.352155463107096,-276.90379095878933,12.246814956554765,,False,14.63433195885955
2015-05-07 13:26:58.370000,35.10866666666667,132.6675,9.33,0.7,V,0.002,0.0018333333333333,0.65,0.04,,,earthquake,depth free,high manual,14.470720377701538,-281.7562590053407,12.952749541029451,,False,11.52604063309183
2015-05-07 15:08:00.280000,35.0965,132.67333333333332,8.67,1.2,V,0.0018333333333333,0.0023333333333333,0.79,0.03,,,earthquake,depth free,high manual,13.099473430856367,-281.29235562415806,12.284931922251811,,False,13.025737841770905
2015-05-07 15:12:11.430000,35.1,132.67116666666666,9.46,0.6,V,0.0021666666666666,0.0023333333333333,0.76,0.04,,,earthquake,depth free,high manual,13.499333039371288,-281.44896482157964,13.078318148603278,,False,12.42155703106978
2015-05-07 18:02:34.520000,35.103,132.66916666666663,8.27,0.7,V,0.002,0.0023333333333333,0.84,0.03,,,earthquake,depth free,high manual,13.830146278615084,-281.66214281383185,11.892907270612858,,False,12.376939261866593
2015-05-07 21:34:28.570000,35.090333333333334,132.53216666666668,13.41,0.6,V,0.0026666666666666,0.0031666666666666,0.48,0.05,,,earthquake,depth free,high manual,12.85859145810771,-293.948326972655,17.48973016900692,,False,11.648460723105167
2015-05-14 09:43:53.490000,35.10266666666667,132.66733333333332,9.16,0.7,V,0.0016666666666666,0.0018333333333333,0.58,0.03,,,earthquake,depth free,high manual,13.804230561105811,-281.7981769129431,12.788470051105824,,False,12.05397257641405
2015-05-17 05:15:51.440000,35.22,132.78283333333334,14.78,0.9,V,0.0015,0.0018333333333333,0.4,0.03,,,earthquake,depth free,high manual,26.52811981284791,-270.73630745945826,17.958698791172104,,False,18.404766657463743
2015-05-17 05:16:00,35.22116666666667,132.78283333333334,14.19,0.7,V,0.0016666666666666,0.0021666666666666,0.51,0.04,,,earthquake,depth free,high manual,26.654799396268768,-270.7522838058104,17.36831772497827,,False,18.357960124545414
2015-05-17 05:16:24.430000,35.2215,132.78366666666668,14.64,0.5,V,0.0013333333333333,0.0016666666666666,0.36,0.03,,,earthquake,depth free,high manual,26.691524731764932,-270.6605662809669,17.8153201263409,,False,18.494343087256738
2015-05-17 05:17:38.170000,35.21933333333334,132.78250000000003,14.63,0.9,V,0.0015,0.002,0.41,0.03,,,earthquake,depth free,high manual,26.454423354165176,-270.7737659271202,17.81021221003435,,False,18.33915438910246
2015-05-17 19:13:54.580000,35.1545,132.67733333333334,7.91,0.8,V,0.002,0.0023333333333333,0.65,0.03,,,earthquake,depth free,high manual,19.521010070625724,-280.7557848011108,11.46583484887948,,False,9.835139264343029
2015-05-17 19:32:42.830000,35.15483333333333,132.67666666666665,7.88,0.8,V,0.002,0.0023333333333333,0.7,0.03,,,earthquake,depth free,high manual,19.559737665481386,-280.81615602617745,11.43772409764393,,False,9.784970430704325
2015-05-18 12:45:39.780000,35.160333333333334,132.60899999999998,9.07,0.5,V,0.0018333333333333,0.0016666666666666,0.38,0.03,,,earthquake,depth free,high manual,20.37152355837766,-286.8908559748518,12.841026671561234,,False,4.557113768530788
2015-05-19 17:40:39.790000,35.089000000000006,132.67499999999998,10.17,0.7,V,0.0016666666666666,0.0018333333333333,0.62,0.03,,,earthquake,depth free,high manual,12.272541225587302,-281.114072125676,13.78518567327351,,False,13.449882009696468
2015-05-23 16:35:40.650000,35.14383333333333,132.71733333333333,10.15,0.7,V,0.002,0.0018333333333333,0.55,0.03,,,earthquake,depth free,high manual,18.237054702041323,-277.0864825041375,13.586375410925877,,False,12.847402298237716
2015-05-24 17:59:06.400000,35.06216666666666,132.598,7.41,0.6,V,0.0013333333333333,0.0015,0.44,0.02,,,earthquake,depth free,high manual,9.49729998466212,-288.2962785274174,11.300485929456572,,False,14.432976337863572
2015-05-27 12:54:13.500000,35.17483333333333,132.54516666666666,10.83,0.7,V,0.0028333333333333,0.0028333333333333,0.51,0.05,,,earthquake,depth free,high manual,22.17740418175761,-292.56104742331416,14.80039505459748,,False,4.129886915760507
2015-05-30 07:53:49.590000,35.137,132.7605,7.98,0.9,V,0.0018333333333333,0.002,0.64,0.03,,,earthquake,depth free,high manual,17.345386543356824,-273.2687819163792,11.28913878275479,,False,17.15105691001766
2015-06-11 04:31:22.560000,35.100833333333334,132.66933333333333,7.8,0.5,V,0.0016666666666666,0.0021666666666666,0.76,0.03,,,earthquake,depth free,high manual,13.586081897380527,-281.67113820858265,11.424528976179426,,False,12.715985374772663
2015-06-13 21:57:40.850000,35.094166666666666,132.67266666666666,11.03,0.9,V,0.0016666666666666,0.0018333333333333,0.54,0.03,,,earthquake,depth free,high manual,12.858265077152554,-281.2775691356637,14.64755252403538,,False,12.768673761916673
2015-06-18 14:36:32.820000,35.093500000000006,132.67266666666666,10.87,1.8,V,0.0015,0.002,0.58,0.03,,,earthquake,depth free,high manual,12.783224553232206,-281.2855241283445,14.488235186336263,,False,12.841855503839422
2015-06-19 14:23:07.300000,35.257,132.728,11.73,1.3,V,0.0016666666666666,0.0021666666666666,0.44,0.03,,,earthquake,depth free,high manual,30.770708344715892,-275.6798208001422,15.05739776240385,,False,15.1268566432278
2015-06-24 19:04:39.170000,35.102833333333336,132.66716666666665,8.66,1.7,V,0.0013333333333333,0.0018333333333333,0.57,0.02,,,earthquake,depth free,high manual,13.819919754479594,-281.83041973676745,12.289184580220349,,False,12.164333553364541
2015-06-24 19:47:56.330000,35.1075,132.66716666666665,9.8,0.5,V,0.002,0.002,0.65,0.04,,,earthquake,depth free,high manual,14.345249543707675,-281.7739094256863,13.42449193508313,,False,11.497340320292931
2015-06-24 19:49:45.630000,35.10266666666667,132.66799999999998,8.01,0.6,V,0.0015,0.0018333333333333,0.68,0.03,,,earthquake,depth free,high manual,13.794771692433626,-281.7783732959508,11.637085428353318,,False,12.424430971607654
2015-06-24 21:07:47.480000,35.10433333333334,132.66799999999998,8.93,0.5,V,0.0018333333333333,0.0021666666666666,0.66,0.03,,,earthquake,depth free,high manual,13.985785359098031,-281.7400509266103,12.555071933942738,,False,12.011532893077321
2015-06-24 22:01:33.800000,35.1025,132.66633333333334,8.38,1.7,V,0.0016666666666666,0.002,0.68,0.03,,,earthquake,depth free,high manual,13.78346493414457,-281.9171099512911,12.012313351134011,,False,12.229988979651113
2015-06-25 18:51:10.700000,35.102333333333334,132.66799999999998,8.94,0.8,V,0.0018333333333333,0.0018333333333333,0.66,0.03,,,earthquake,depth free,high manual,13.76388750106337,-281.7466222981285,12.566767202229617,,False,12.17470238396503
2015-06-29 12:18:20.230000,35.07616666666667,132.437,11.01,0.7,V,0.0021666666666666,0.0021666666666666,0.37,0.04,,,earthquake,depth free,high manual,11.55861542825965,-302.7233711954088,15.430595914429896,,False,18.189577065410347
2015-06-29 22:15:27.830000,35.144666666666666,132.78116666666668,8.74,2.4,V,0.0018333333333333,0.0021666666666666,0.62,0.03,,,earthquake,depth free,high manual,18.143835515800603,-271.34254176489833,11.979507616644144,,False,18.514420934317524
2015-07-02 11:09:56.450000,35.146,132.78333333333333,8.73,1.4,V,0.0015,0.0016666666666666,0.52,0.02,,,earthquake,depth free,high manual,18.285806404118333,-271.1418981956037,11.961895442744606,,False,18.669083321867063
2015-07-04 11:53:27.270000,35.0635,132.50133333333332,8.08,1.4,V,0.0015,0.0018333333333333,0.29,0.02,,,earthquake,depth free,high manual,9.936885544996048,-297.0434631151621,12.292476242051082,,False,16.043422431553882
2015-07-07 09:11:30.160000,35.0445,132.69683333333333,10.04,0.9,V,0.0015,0.0018333333333333,0.69,0.03,,,earthquake,depth free,high manual,7.271816641138143,-279.2899528172694,13.626999560861105,,False,18.61458308537944
2015-07-08 23:59:56.170000,35.15533333333333,132.70899999999995,5.67,0.6,V,0.0021666666666666,0.002,0.85,0.03,,,earthquake,depth free,high manual,19.511160309466568,-277.9586119167171,9.12653398743953,,False,13.252958329228091
2015-07-10 18:59:04.530000,35.09466666666667,132.692,11.46,1.1,V,0.002,0.0021666666666666,0.7,0.04,,,earthquake,depth free,high manual,12.861686111999878,-279.5068034076839,15.015466635816384,,False,13.84293256079015
2015-07-11 13:38:04.620000,35.07516666666667,132.42516666666666,11.93,0.5,V,0.0033333333333333,0.0034999999999999,0.5,0.07,,,earthquake,depth free,high manual,11.490430037151068,-303.7649152252988,16.39220223909099,,False,19.0426689049536
2015-07-12 01:40:18.210000,35.06233333333333,132.48933333333332,8.79,1.4,V,0.0018333333333333,0.0023333333333333,0.36,0.03,,,earthquake,depth free,high manual,9.848698287541648,-298.110204872208,13.0440628140098,,False,16.54361118551361
2015-07-12 08:52:52.180000,35.086666666666666,132.57,10.69,0.8,V,0.0015,0.0015,0.3,0.03,,,earthquake,depth free,high manual,12.321407264455956,-290.6306172183916,14.64840098795927,,False,11.076289993546292
2015-07-15 23:38:11.820000,35.0775,132.43766666666667,11.65,0.9,V,0.0016666666666666,0.002,0.31,0.03,,,earthquake,depth free,high manual,11.708902844681624,-302.6331776566025,16.06655901588255,,False,18.017154730888684
2015-07-16 19:51:19.920000,35.1535,132.70833333333331,5.3,0.7,V,0.0021666666666666,0.0021666666666666,0.95,0.03,,,earthquake,depth free,high manual,19.307354993004747,-278.0382444465124,8.760234291390043,,False,13.43860513585917
2015-07-18 00:29:02.870000,35.07416666666667,132.4255,12.63,0.7,V,0.002,0.0026666666666666,0.34,0.04,,,earthquake,depth free,high manual,11.383351132541064,-303.71120672933233,17.091403793925714,,False,19.09501199487662
2015-07-22 08:10:48.780000,35.138,132.73416666666665,10.61,0.6,V,0.0021666666666666,0.0018333333333333,0.6,0.04,,,earthquake,depth free,high manual,17.54537829918401,-275.56392323849684,13.998142765172409,,False,14.432245856399748
2015-07-22 20:41:22.460000,35.07066666666667,132.43283333333332,11.9,0.6,V,0.0016666666666666,0.002,0.31,0.03,,,earthquake,depth free,high manual,10.967501977050167,-303.08736238682667,16.3395153947952,,False,18.844597077511825
2015-07-24 20:28:15.840000,35.24016666666667,132.45083333333332,15.97,1.5,V,0.0015,0.002,0.32,0.03,,,earthquake,depth free,high manual,29.730322783023663,-300.66990276409643,20.215172705299725,,False,14.292435602244417
2015-07-24 20:30:07.100000,35.23983333333334,132.44983333333334,14.96,0.8,V,0.0026666666666666,0.0028333333333333,0.48,0.05,,,earthquake,depth free,high manual,29.69230290582353,-300.80040958657116,19.209589565054284,,False,14.119294553313535
2015-07-25 02:21:04.580000,35.24283333333334,132.4485,14.44,0.7,V,0.0025,0.003,0.54,0.04,,,earthquake,depth free,high manual,30.02688647469204,-300.92990152244613,18.69282432686047,,False,14.279059639465116
2015-07-25 05:26:07.270000,35.1335,132.6845,8.57,0.7,V,0.0016666666666666,0.002,0.64,0.03,,,earthquake,depth free,high manual,17.173611438196776,-280.1549789370568,12.118859027264085,,False,11.125746561829418
2015-07-25 14:37:16.940000,35.12416666666667,132.7483333333333,8.55,0.5,V,0.0015,0.0013333333333333,0.5,0.02,,,earthquake,depth free,high manual,15.958185673792032,-274.39640297366157,11.906491703213987,,False,16.530162708339876
2015-07-29 03:57:27.690000,35.11816666666667,132.7505,7.4,0.6,V,0.0018333333333333,0.0018333333333333,0.76,0.03,,,earthquake,depth free,high manual,15.278926873204885,-274.25938070849855,10.75537521602746,,False,17.26470606790654
2015-08-08 22:31:59.290000,35.10116666666667,132.66966666666664,9.42,0.7,V,0.0016666666666666,0.0018333333333333,0.62,0.03,,,earthquake,depth free,high manual,13.632817081044518,-281.58244937392305,13.042131305522636,,False,12.24836920998268
2015-08-11 19:00:02.600000,35.083666666666666,132.503,10.76,0.5,V,0.0023333333333333,0.0023333333333333,0.36,0.04,,,earthquake,depth free,high manual,12.188464321812196,-296.71749562598626,14.946362523185318,,False,13.609957499371152
2015-08-19 02:38:43.840000,35.09433333333334,132.67133333333334,9.45,0.9,V,0.0016666666666666,0.0016666666666666,0.58,0.03,,,earthquake,depth free,high manual,12.8699457380477,-281.4537915069897,13.072681165642908,,False,12.915301136194003
2015-08-19 07:03:45.770000,35.1025,132.6685,7.97,1.3,V,0.002,0.0021666666666666,0.82,0.03,,,earthquake,depth free,high manual,13.77458123761263,-281.7349875396647,11.59565635395091,,False,12.47831128897895
2015-08-19 14:06:18.660000,35.10883333333334,132.667,9.41,0.7,V,0.0021666666666666,0.0018333333333333,0.66,0.04,,,earthquake,depth free,high manual,14.491161072522958,-281.79821531171734,13.034154928391471,,False,11.464318002501255
2015-08-19 18:53:22.100000,35.101333333333336,132.6685,8.17,1.7,V,0.0018333333333333,0.0021666666666666,0.79,0.03,,,earthquake,depth free,high manual,13.6464015339789,-281.7319519813441,11.7965228361722,,False,12.50841448627109
2015-08-19 22:08:48.860000,35.10183333333333,132.6685,8.25,1.9,V,0.0016666666666666,0.0018333333333333,0.68,0.02,,,earthquake,depth free,high manual,13.702425808312508,-281.72739079624694,11.87604385660708,,False,12.44215174872733
2015-08-19 22:29:03.550000,35.102333333333334,132.66799999999998,8.61,2.2,V,0.0016666666666666,0.002,0.67,0.03,,,earthquake,depth free,high manual,13.761717630431445,-281.75829838808244,12.23698096754851,,False,12.265595731529363
2015-08-19 22:30:20.460000,35.1075,132.66533333333334,9.29,0.5,V,0.0021666666666666,0.002,0.67,0.04,,,earthquake,depth free,high manual,14.34717991944277,-281.9583006976982,12.920681198873524,,False,11.507887219225308
2015-08-19 22:43:29.620000,35.104,132.66799999999998,8.84,0.8,V,0.0018333333333333,0.0018333333333333,0.66,0.03,,,earthquake,depth free,high manual,13.948202254031626,-281.74438945092595,12.46541329985985,,False,12.063354025726193
2015-08-19 22:53:43.140000,35.10766666666667,132.66566666666668,9.92,0.7,V,0.002,0.0018333333333333,0.58,0.03,,,earthquake,depth free,high manual,14.36880651224278,-281.9051693545563,13.549066761480091,,False,11.373386558965397
2015-08-20 09:24:16.690000,35.103833333333334,132.6695,8.56,1.0,V,0.0021666666666666,0.0021666666666666,0.8,0.03,,,earthquake,depth free,high manual,13.923588657926896,-281.6187534839797,12.180946558029545,,False,12.239783090713903
2015-08-21 05:50:13.180000,35.12566666666667,132.71349999999998,11.96,1.9,V,0.0018333333333333,0.0021666666666666,0.62,0.03,,,earthquake,depth free,high manual,16.243209373455905,-277.4332656984181,15.421567459023494,,False,13.242429768453192
2015-08-21 06:30:32.120000,35.1295,132.7145,12.58,0.7,V,0.0021666666666666,0.0023333333333333,0.67,0.04,,,earthquake,depth free,high manual,16.669428920833916,-277.3079970762707,16.034976838677647,,False,13.123210936292454
2015-08-22 23:44:04.230000,35.102333333333334,132.6675,8.43,0.6,V,0.002,0.0021666666666666,0.79,0.03,,,earthquake,depth free,high manual,13.761962109942496,-281.8100421686366,12.05869483623968,,False,12.29146672254599
2015-08-30 08:01:14.350000,35.089333333333336,132.67283333333333,9.01,1.3,V,0.0016666666666666,0.002,0.72,0.03,,,earthquake,depth free,high manual,12.30781017364382,-281.3504961036425,12.63254719300979,,False,13.524927094269726
2015-09-01 02:14:23.200000,35.10166666666667,132.66433333333333,7.99,1.1,V,0.0016666666666666,0.0018333333333333,0.68,0.02,,,earthquake,depth free,high manual,13.69412059568424,-282.1153192937004,11.629673342842036,,False,12.319160282275751
2015-09-01 10:56:23.390000,35.156,132.679,8.85,1.6,V,0.0018333333333333,0.0021666666666666,0.6,0.03,,,earthquake,depth free,high manual,19.688074902713257,-280.56635201933904,12.398813564648554,,False,9.544166508937032
2015-09-06 11:42:37.750000,35.1015,132.6675,8.83,2.6,V,0.0016666666666666,0.002,0.67,0.03,,,earthquake,depth free,high manual,13.672105904117007,-281.7987724047832,12.459147001128164,,False,12.246293548482381
2015-09-06 11:44:52.150000,35.10266666666667,132.66816666666665,9.39,0.9,V,0.002,0.0021666666666666,0.71,0.03,,,earthquake,depth free,high manual,13.803361782281227,-281.7144235994419,13.01565929328325,,False,12.045476268453157
2015-09-06 12:21:56.130000,35.099833333333336,132.66983333333332,8.24,1.3,V,0.0016666666666666,0.002,0.73,0.03,,,earthquake,depth free,high manual,13.47656569541696,-281.6136615600555,11.863504701434252,,False,12.681972003158172
2015-09-06 13:41:10.560000,35.10033333333333,132.66983333333332,7.89,0.6,V,0.0018333333333333,0.0021666666666666,0.81,0.03,,,earthquake,depth free,high manual,13.529748751101442,-281.62430616643366,11.513302599957996,,False,12.753158370693741
2015-09-06 14:41:11.990000,35.098,132.6688333333333,7.91,0.9,V,0.002,0.0023333333333333,0.84,0.03,,,earthquake,depth free,high manual,13.273736901914694,-281.7224366504596,11.538486938965448,,False,12.885271344498822
2015-09-07 23:10:52.160000,35.15933333333333,132.66683333333333,7.42,1.9,V,0.0021666666666666,0.0025,0.76,0.03,,,earthquake,depth free,high manual,20.08470690600848,-281.70869846176083,11.006002563199894,,False,9.11192936815708
2015-09-09 00:33:37.610000,35.102000000000004,132.66799999999998,9.16,1.0,V,0.0018333333333333,0.002,0.64,0.03,,,earthquake,depth free,high manual,13.728341488548594,-281.73999236850557,12.786909059250991,,False,12.146661831147723
2015-09-09 13:22:36.670000,35.05916666666666,132.4838333333333,7.46,0.8,V,0.0023333333333333,0.0021666666666666,0.37,0.04,,,earthquake,depth free,high manual,9.504269723416284,-298.6716588578632,11.736902221422367,,False,17.411336553431163
2015-09-12 10:07:52.390000,35.073,132.502,6.46,0.9,V,0.0018333333333333,0.002,0.32,0.03,,,earthquake,depth free,high manual,10.977928412817224,-297.00949074049794,10.662604366891538,,False,15.652109414763443
2015-09-13 06:59:52.950000,35.141,132.67916666666665,7.45,0.9,V,0.002,0.0023333333333333,0.78,0.03,,,earthquake,depth free,high manual,18.014570802082837,-280.65231977999844,11.010620616295578,,False,10.765388749476706
2015-09-13 18:37:51.980000,35.147,132.67783333333333,8.21,0.9,V,0.0021666666666666,0.002,0.61,0.03,,,earthquake,depth free,high manual,18.688823709778006,-280.7257853106801,11.769744474586732,,False,10.06526699427774
2015-09-17 17:07:05.770000,35.106,132.48966666666666,15.01,0.6,V,0.0013333333333333,0.0015,0.22,0.02,,,earthquake,depth free,high manual,14.733700566958928,-297.6842526993829,19.219225320822087,,False,12.725505989372039
2015-09-19 02:17:16.560000,35.10966666666667,132.66466666666668,11.78,0.6,V,0.0021666666666666,0.0018333333333333,0.54,0.04,,,earthquake,depth free,high manual,14.605582551285345,-281.9230680271743,15.409376425698404,,False,10.932383229309565
2015-09-19 08:10:43.150000,35.10616666666667,132.6645,9.08,0.7,V,0.0018333333333333,0.0015,0.52,0.03,,,earthquake,depth free,high manual,14.200227976543088,-282.04597284695365,12.714607702688255,,False,11.625681775887147
2015-09-21 07:17:03.850000,35.120666666666665,132.71416666666664,9.15,0.9,V,0.0016666666666666,0.002,0.69,0.03,,,earthquake,depth free,high manual,15.669045262790425,-277.4874145496076,12.61527952374407,,False,13.90232098532253
2015-09-23 14:59:21.100000,35.1705,132.70216666666664,7.21,0.9,V,0.0021666666666666,0.0023333333333333,0.66,0.03,,,earthquake,depth free,high manual,21.22286843182335,-278.4729131339206,10.675926720454829,,False,11.685182321328965
2015-09-23 17:09:58.830000,35.293166666666664,132.61566666666667,14.83,0.5,V,0.003,0.0025,0.46,0.05,,,earthquake,depth free,high manual,35.11240523744183,-285.61006150156504,18.49395504974076,,False,12.61497954039497
2015-09-26 01:35:20.740000,35.159,132.797,13.61,0.9,V,0.0013333333333333,0.0016666666666666,0.42,0.03,,,earthquake,depth free,high manual,19.718748445802508,-269.69551922219006,16.787839746426442,,False,19.347494082516384
2015-09-26 06:18:12.960000,35.0745,132.49633333333333,13.98,0.6,V,0.002,0.0023333333333333,0.35,0.04,,,earthquake,depth free,high manual,11.214032808783443,-297.23392747200114,18.195007214262397,,False,14.835091977706286
2015-10-05 09:14:46.700000,35.24733333333334,132.69933333333333,6.34,2.4,V,0.002,0.0021666666666666,0.51,0.03,,,earthquake,depth free,high manual,29.756916972493723,-278.4962217709878,9.76580419669314,,False,13.652619308648244
2015-10-05 09:16:41.200000,35.24883333333334,132.699,5.23,0.6,v,0.0021666666666666,0.0025,0.47,0.03,,,earthquake,depth free,high manual,29.919925063421463,-278.5599652202051,8.656683410816699,,False,14.220875131449622
2015-10-05 09:17:01.630000,35.2475,132.69983333333334,5.52,0.7,V,0.0021666666666666,0.0021666666666666,0.42,0.03,,,earthquake,depth free,high manual,29.770683643838662,-278.4789153021459,8.944639459993034,,False,14.063025449630274
2015-10-05 10:27:29.290000,35.247,132.69666666666666,5.39,0.5,v,0.0034999999999999,0.0038333333333333,0.67,0.04,,,earthquake,depth free,high manual,29.723576921767147,-278.7721734699421,8.824983608463624,,False,13.88957056622276
2015-10-05 12:27:36.160000,35.2485,132.6985,5.93,0.8,V,0.0016666666666666,0.0018333333333333,0.41,0.02,,,earthquake,depth free,high manual,29.88714813215571,-278.58202155446514,9.3580167884536,,False,13.841904022075537
2015-10-06 23:19:30.400000,35.246,132.70283333333333,6.07,0.8,V,0.0018333333333333,0.002,0.46,0.03,,,earthquake,depth free,high manual,29.59789991132459,-278.19302796252583,9.485718509610564,,False,13.93392585503611
2015-10-09 11:19:43.900000,35.213,132.45633333333333,14.42,0.8,V,0.003,0.0025,0.43,0.05,,,earthquake,depth free,high manual,26.6950354850948,-300.3323312809614,18.66414195922052,,False,12.441503337628992
2015-10-11 09:22:25.120000,35.07216666666667,132.4295,12.45,1.0,V,0.0023333333333333,0.0028333333333333,0.38,0.05,,,earthquake,depth free,high manual,11.1479720850577,-303.36282710407266,16.899368088918717,,False,18.96022583131066
2015-10-11 09:41:21.160000,35.07366666666667,132.42733333333334,12.41,0.6,V,0.0028333333333333,0.003,0.43,0.06,,,earthquake,depth free,high manual,11.320723835620829,-303.55532438028604,16.865608581796703,,False,18.99960694853823
2015-10-11 09:41:45.580000,35.07316666666667,132.43116666666666,12.52,1.0,V,0.002,0.0021666666666666,0.33,0.04,,,earthquake,depth free,high manual,11.254248889381785,-303.2052112149622,16.962561393958186,,False,18.77448748944441
2015-10-11 09:55:10.960000,35.07416666666667,132.427,12.25,0.5,v,0.0026666666666666,0.0028333333333333,0.44,0.06,,,earthquake,depth free,high manual,11.376092632256352,-303.58991026784804,16.706442457238857,,False,18.985278454910905
2015-10-11 09:57:29.280000,35.07183333333334,132.42766666666665,12.1,0.6,V,0.0021666666666666,0.0023333333333333,0.34,0.05,,,earthquake,depth free,high manual,11.11419128228214,-303.5439560012346,16.556367848761685,,False,19.10785569657747
2015-10-11 10:00:01.690000,35.07216666666667,132.429,11.76,0.5,v,0.0021666666666666,0.0021666666666666,0.33,0.04,,,earthquake,depth free,high manual,11.144686202352924,-303.4349586886443,16.211655313672367,,False,18.99633382537535
2015-10-11 10:00:44.120000,35.07033333333334,132.4295,12.06,0.9,V,0.0018333333333333,0.0021666666666666,0.3,0.04,,,earthquake,depth free,high manual,10.941895952268789,-303.38478657408564,16.511362276540975,,False,19.092972714391472
2015-10-11 11:09:43.800000,35.07183333333334,132.42916666666665,12.09,0.7,V,0.0023333333333333,0.0025,0.35,0.05,,,earthquake,depth free,high manual,11.109507927610167,-303.40827455456935,16.541122026143228,,False,19.005259885366947
2015-10-11 11:44:55.330000,35.07316666666667,132.429,12.45,1.1,V,0.002,0.0023333333333333,0.32,0.04,,,earthquake,depth free,high manual,11.260420722105778,-303.4044566995226,16.90019908216935,,False,18.9215649576381
2015-10-12 22:40:11.560000,35.14083333333333,132.67683333333332,9.41,1.0,V,0.0021666666666666,0.0025,0.74,0.04,,,earthquake,depth free,high manual,18.014288609805952,-280.7955187181759,12.976919683424011,,False,9.901024643054418
2015-10-15 07:24:26.600000,35.089666666666666,132.56150000000002,12.66,0.9,V,0.0016666666666666,0.0016666666666666,0.29,0.03,,,earthquake,depth free,high manual,12.69261173891037,-291.3183544795865,16.642627932920313,,False,10.800543849512078
2015-10-15 12:48:02.130000,35.150666666666666,132.6705,8.75,0.9,V,0.0023333333333333,0.0026666666666666,0.75,0.04,,,earthquake,depth free,high manual,19.11979201251443,-281.3591752862486,12.329955890547229,,False,9.14056506476085
2015-10-15 18:34:03.520000,35.088,132.56366666666668,12.61,0.5,V,0.002,0.0021666666666666,0.36,0.04,,,earthquake,depth free,high manual,12.501023591891142,-291.1296501639242,16.58692249061608,,False,10.93970071003631
2015-10-16 04:42:34.150000,35.084833333333336,132.5631666666667,12.41,1.2,V,0.002,0.0025,0.45,0.04,,,earthquake,depth free,high manual,12.14990576381124,-291.1937008464638,16.391536837447713,,False,11.286477768033937
2015-10-16 14:48:31.850000,35.06966666666667,132.433,11.81,1.1,V,0.0021666666666666,0.0023333333333333,0.38,0.04,,,earthquake,depth free,high manual,10.85543580803208,-303.0794504909115,16.249926749056925,,False,18.909634181260476
2015-10-16 17:29:34.680000,35.07216666666667,132.42933333333332,12.38,0.8,V,0.002,0.0021666666666666,0.33,0.04,,,earthquake,depth free,high manual,11.147995178754895,-303.38066130630204,16.830006004386917,,False,18.970663286538596
2015-10-16 20:08:46.800000,35.07533333333334,132.429,13.0,0.9,V,0.0016666666666666,0.0018333333333333,0.28,0.03,,,earthquake,depth free,high manual,11.504542818662838,-303.37504366621965,17.447785802945425,,False,18.78166818535325
2015-10-16 21:46:58.300000,35.0735,132.4285,12.25,0.6,V,0.002,0.0025,0.34,0.04,,,earthquake,depth free,high manual,11.297535360403176,-303.4563312876603,16.701799414918504,,False,18.929735301714498
2015-10-21 09:27:28.200000,35.098,132.51166666666666,11.73,2.0,V,0.0018333333333333,0.0021666666666666,0.32,0.03,,,earthquake,depth free,high manual,13.75901688884892,-295.8426274141518,15.873550831553947,,False,11.79046468350172
2015-10-25 17:04:32.240000,35.10016666666667,132.66866666666667,7.86,1.3,V,0.0025,0.003,1.07,0.04,,,earthquake,depth free,high manual,13.514381218960276,-281.731831137477,11.487189971311274,,False,12.71447350161011
2015-10-25 17:05:00.640000,35.10183333333333,132.66866666666667,8.12,0.8,V,0.0023333333333333,0.0023333333333333,0.87,0.04,,,earthquake,depth free,high manual,13.701093934289483,-281.7168637348804,11.745595770023153,,False,12.492426785752349
2015-10-25 17:08:06.290000,35.1055,132.66383333333334,9.93,1.0,V,0.0018333333333333,0.0016666666666666,0.54,0.03,,,earthquake,depth free,high manual,14.133688415973989,-282.07865137373074,13.566752246178128,,False,11.450824689845579
2015-10-26 17:34:30.390000,35.106833333333334,132.6645,10.14,0.6,V,0.0018333333333333,0.0016666666666666,0.56,0.03,,,earthquake,depth free,high manual,14.28109905971258,-282.00610642833715,13.773356596736829,,False,11.336161789478771
2015-10-28 17:08:23.810000,35.161,132.66866666666667,7.51,1.1,V,0.0023333333333333,0.0016666666666666,0.56,0.03,,,earthquake,depth free,high manual,20.2649880068484,-281.53345519742396,11.08885655087796,,False,9.144812209934853
2015-11-06 23:46:10.700000,35.10566666666667,132.66116666666667,9.79,0.7,V,0.002,0.002,0.62,0.04,,,earthquake,depth free,high manual,14.158897485297718,-282.3249724842889,13.435236722650966,,False,11.318248897312646
2015-11-17 06:08:16.880000,35.1045,132.66933333333333,11.06,0.5,V,0.0016666666666666,0.0016666666666666,0.5,0.03,,,earthquake,depth free,high manual,14.01440203049557,-281.5431656020497,14.679295394531309,,False,11.687963268659807
2015-11-18 22:32:36.600000,35.1015,132.67,8.42,1.7,V,0.0018333333333333,0.002,0.71,0.03,,,earthquake,depth free,high manual,13.66226612507025,-281.5864042891593,12.041429519383437,,False,12.49947852161742
2015-11-19 04:31:12.580000,35.10316666666667,132.66799999999998,8.31,1.9,V,0.0018333333333333,0.002,0.72,0.03,,,earthquake,depth free,high manual,13.85223886567512,-281.76602727060543,11.936465228151128,,False,12.286990319113759
2015-11-19 04:35:00.730000,35.108333333333334,132.66633333333334,9.03,0.7,v,0.0021666666666666,0.0023333333333333,0.78,0.05,,,earthquake,depth free,high manual,14.435120050237009,-281.87388638262763,12.656951576159084,,False,11.56324560607855
2015-11-20 08:18:23.750000,35.107,132.66583333333335,9.0,0.5,V,0.0023333333333333,0.0023333333333333,0.82,0.05,,,earthquake,depth free,high manual,14.288380445636646,-281.9249363545562,12.629692501797054,,False,11.652168099669707
2015-11-24 20:42:39.970000,35.0305,132.6748333333333,14.76,1.0,V,0.0016666666666666,0.0018333333333333,0.56,0.04,,,earthquake,depth free,high manual,5.817813064808527,-281.1689632948123,18.427398887615688,,False,19.068192528724083
2015-11-24 21:38:46.230000,35.029,132.67499999999998,14.63,1.0,V,0.0013333333333333,0.0015,0.46,0.03,,,earthquake,depth free,high manual,5.649997709649006,-281.1636017269367,18.2984415052881,,False,19.206825099562355
2015-12-01 19:41:23.280000,35.162166666666664,132.5606666666667,14.13,0.8,V,0.0018333333333333,0.0016666666666666,0.27,0.03,,,earthquake,depth free,high manual,20.74433767345821,-291.0800565240134,18.055586669277695,,False,3.9743365992766506
2015-12-05 07:14:40.330000,35.0995,132.6625,10.48,0.6,v,0.0023333333333333,0.0023333333333333,0.69,0.04,,,earthquake,depth free,high manual,13.47535843846876,-282.2009222576039,14.125775745888872,,False,11.809484387172922
2015-12-06 01:13:11.440000,35.136,132.71816666666666,7.38,0.8,V,0.0018333333333333,0.002,0.68,0.03,,,earthquake,depth free,high manual,17.3488580751162,-277.13359008417984,10.821576072448252,,False,13.936404561632488
2015-12-07 11:02:36.320000,35.152166666666666,132.66766666666666,7.04,0.5,V,0.0036666666666666,0.0025,1.11,0.07,,,earthquake,depth free,high manual,19.284596747780483,-281.6714006758627,10.628956920419784,,False,9.642362547197184
2015-12-09 06:23:05.290000,35.140166666666666,132.66783333333333,8.81,1.1,V,0.002,0.0023333333333333,0.68,0.03,,,earthquake,depth free,high manual,17.962407628912317,-281.6352885481184,12.406504393872517,,False,9.470400528068238
2015-12-09 10:55:46.600000,35.14933333333333,132.66416666666666,10.39,0.7,V,0.0023333333333333,0.002,0.59,0.04,,,earthquake,depth free,high manual,18.99932704961157,-281.8801078777389,13.990136843263228,,False,8.23781899468903
2015-12-09 10:55:56.830000,35.14333333333333,132.66633333333334,9.79,1.4,V,0.0021666666666666,0.0023333333333333,0.65,0.03,,,earthquake,depth free,high manual,18.323882947331295,-281.72568698037156,13.38820540298128,,False,8.876466582523735
2015-12-10 17:07:36.720000,35.11866666666667,132.53233333333336,9.36,0.8,V,0.0016666666666666,0.0018333333333333,0.28,0.03,,,earthquake,depth free,high manual,15.975003771948025,-293.9819936169024,13.417885352711547,,False,9.255787329589433
2015-12-11 11:04:00.750000,35.155166666666666,132.56683333333334,8.8,1.1,V,0.0025,0.003,0.54,0.04,,,earthquake,depth free,high manual,19.920059338647334,-290.7425444967461,12.714016774478258,,False,5.005290749882925
2015-12-12 22:22:01.290000,35.162,132.5606666666667,8.11,0.8,V,0.002,0.0025,0.49,0.04,,,earthquake,depth free,high manual,20.69283336199368,-291.3026672289621,12.039896016070292,,False,5.2971420042675375
2015-12-13 05:59:44.720000,35.132,132.5488333333333,11.07,0.5,V,0.0021666666666666,0.0021666666666666,0.35,0.04,,,earthquake,depth free,high manual,17.41583527070746,-292.37396152418194,15.060443509496032,,False,6.861561726401083
2015-12-13 06:05:19.210000,35.136833333333335,132.548,11.09,0.6,V,0.002,0.0021666666666666,0.33,0.03,,,earthquake,depth free,high manual,17.954636003937186,-292.4313921400557,15.079373986797378,,False,6.448177981475244
2015-12-18 03:47:51.110000,35.102333333333334,132.67116666666666,9.1,0.8,V,0.0021666666666666,0.0023333333333333,0.79,0.04,,,earthquake,depth free,high manual,13.755901564781908,-281.45361596709876,12.716556069015784,,False,12.310637939024728
2015-12-18 08:48:20.850000,35.095,132.672,10.77,0.7,V,0.0016666666666666,0.0015,0.51,0.03,,,earthquake,depth free,high manual,12.9508767518871,-281.3443559138656,14.38912296425218,,False,12.684396196894888
2015-12-20 12:56:08.670000,35.04383333333333,132.56150000000002,7.67,0.5,V,0.0015,0.0016666666666666,0.41,0.02,,,earthquake,depth free,high manual,7.571463523381733,-291.6665747491922,11.698590835456136,,False,16.419127709785485
2015-12-31 05:40:29.350000,35.24433333333334,132.76433333333333,8.04,0.6,V,0.0018333333333333,0.0023333333333333,0.55,0.03,,,earthquake,depth free,high manual,29.24931113058762,-272.5581554379963,11.264545014987082,,False,17.89673228365923
2016-01-03 11:44:34.360000,35.103500000000004,132.5655,8.14,0.5,V,0.0045,0.004,0.47,0.08,,,earthquake,depth free,high manual,14.18568911016724,-291.07266095697213,12.100482616710517,,False,10.040406764241887
2016-01-03 20:56:23.550000,35.096833333333336,132.67149999999998,10.27,1.0,V,0.0018333333333333,0.002,0.64,0.03,,,earthquake,depth free,high manual,13.15237397024408,-281.4010478534838,13.889455033260203,,False,12.56203191336029
2016-01-04 18:46:32.200000,35.05,132.471,12.38,0.5,V,0.0021666666666666,0.0023333333333333,0.39,0.04,,,earthquake,depth free,high manual,8.562092263674527,-299.68256309068494,16.706088995878886,,False,18.2669815686504
2016-01-06 03:12:21.150000,35.11183333333334,132.72216666666668,8.97,0.8,V,0.002,0.002,0.77,0.03,,,earthquake,depth free,high manual,14.665093657146503,-276.79791926419347,12.417639552308074,,False,15.054228292085496
2016-01-10 03:02:53.830000,35.19,132.78300000000002,8.23,0.5,V,0.0018333333333333,0.002,0.53,0.03,,,earthquake,depth free,high manual,23.16773433145982,-271.04206953765834,11.431465781730976,,False,18.245108876133465
2016-01-12 17:52:53.200000,35.07683333333334,132.58733333333333,6.08,0.6,V,0.0033333333333333,0.0028333333333333,0.73,0.05,,,earthquake,depth free,high manual,11.1473074354593,-289.26137845532463,9.9930467380433,,False,13.415215394659706
2016-01-12 19:27:34.380000,35.1045,132.54466666666667,9.38,1.0,V,0.0025,0.0028333333333333,0.43,0.04,,,earthquake,depth free,high manual,14.366379716937498,-292.91351323687104,13.40832790024381,,False,10.064306796257641
2016-01-16 19:53:22.680000,35.09583333333334,132.6455,7.6,0.9,V,0.0015,0.0018333333333333,0.61,0.02,,,earthquake,depth free,high manual,13.098047581295468,-283.85882990897716,11.305431992197295,,False,12.096301817515192
2016-01-19 15:41:39.110000,35.141333333333336,132.6635,8.6,0.8,V,0.003,0.0023333333333333,0.73,0.05,,,earthquake,depth free,high manual,18.10302986119004,-282.03172247568307,12.20957886971212,,False,9.17750442640801
2016-01-24 06:03:17.630000,35.10916666666667,132.73216666666667,8.12,0.8,V,0.0018333333333333,0.0015,0.66,0.03,,,earthquake,depth free,high manual,14.33561720471362,-275.92889634134093,11.53921474968437,,False,16.148968866343377
2016-01-29 07:22:05.720000,35.19016666666666,132.7845,8.65,0.6,V,0.0015,0.0015,0.39,0.02,,,earthquake,depth free,high manual,23.184254064222024,-270.8913744636402,11.846546385944311,,False,18.29349503781671
2016-02-01 12:21:26.700000,35.104,132.66516666666666,9.61,1.5,V,0.0018333333333333,0.0018333333333333,0.6,0.03,,,earthquake,depth free,high manual,13.961336529263514,-281.974217775064,13.243968276930593,,False,11.717651037913763
2016-02-01 23:48:08.770000,35.189499999999995,132.66783333333333,8.03,0.7,V,0.0028333333333333,0.0021666666666666,0.56,0.04,,,earthquake,depth free,high manual,23.433705585771428,-281.49180965399876,11.5909002053758,,False,8.445930571469184
2016-02-05 19:12:20.350000,35.1255,132.39083333333332,12.98,1.4,V,0.0016666666666666,0.0023333333333333,0.35,0.03,,,earthquake,depth free,high manual,17.185949673583007,-306.64829566473577,17.51884557843235,,False,18.962054966467452
2016-02-05 19:36:46.150000,35.1245,132.39183333333332,12.6,0.7,V,0.002,0.0021666666666666,0.32,0.04,,,earthquake,depth free,high manual,17.069638623822264,-306.57636400320297,17.136418687021116,,False,18.9033487828371
2016-02-08 05:44:59.450000,35.258833333333335,132.56016666666667,9.18,0.8,V,0.0018333333333333,0.0025,0.62,0.03,,,earthquake,depth free,high manual,31.446233555634443,-290.96089290362505,13.048090177857548,,False,9.069882388405306
2016-02-08 15:22:31.680000,35.25633333333333,132.5595,9.87,3.2,V,0.0016666666666666,0.0021666666666666,0.52,0.03,,,earthquake,depth free,high manual,31.173411200291632,-291.0048281569523,13.741225718144488,,False,8.629137315035454
2016-02-08 15:35:52.430000,35.25533333333333,132.5606666666667,9.69,1.7,V,0.002,0.0026666666666666,0.67,0.04,,,earthquake,depth free,high manual,31.058313403856367,-290.9094082073431,13.55802822401104,,False,8.546702392234236
2016-02-08 15:37:39.840000,35.261,132.56050000000002,9.45,0.5,v,0.0031666666666666,0.0021666666666666,0.53,0.06,,,earthquake,depth free,high manual,31.686711614263302,-290.91297888238006,13.31560058434295,,False,9.198541924250726
2016-02-08 16:31:35.800000,35.2555,132.5565,9.74,2.2,V,0.0016666666666666,0.0021666666666666,0.55,0.03,,,earthquake,depth free,high manual,31.08929355297251,-291.2842691941498,13.62176855076138,,False,8.661363655502058
2016-02-08 16:32:19.530000,35.2565,132.55766666666668,9.57,1.2,V,0.0015,0.0016666666666666,0.41,0.03,,,earthquake,depth free,high manual,31.196163096877672,-291.18129683154774,13.447440519117018,,False,8.77797175972499
2016-02-09 04:56:19.770000,35.25683333333333,132.56033333333335,9.7,2.8,V,0.0018333333333333,0.0023333333333333,0.59,0.03,,,earthquake,depth free,high manual,31.225783947723436,-290.9338349361606,13.56829105902278,,False,8.705208304919651
2016-02-09 05:00:10.590000,35.254333333333335,132.5608333333333,9.59,2.3,V,0.0016666666666666,0.0021666666666666,0.55,0.03,,,earthquake,depth free,high manual,30.946468258799275,-290.9015907571852,13.458104232015248,,False,8.470241174196413
2016-02-09 06:13:11.900000,35.25233333333333,132.5608333333333,9.73,0.7,V,0.002,0.0023333333333333,0.58,0.03,,,earthquake,depth free,high manual,30.72507966803307,-290.90361958989206,13.599137411085108,,False,8.22603568771467
2016-02-10 06:53:14.690000,35.25566666666667,132.556,9.84,2.3,V,0.0018333333333333,0.0023333333333333,0.59,0.03,,,earthquake,depth free,high manual,31.109648938298808,-291.32525632406737,13.723271992336032,,False,8.665536125608783
2016-02-10 20:16:28.550000,35.25566666666667,132.55866666666668,9.94,1.9,V,0.0016666666666666,0.0021666666666666,0.52,0.03,,,earthquake,depth free,high manual,31.102163539712674,-291.080102697311,13.814323634518765,,False,8.564807540046612
2016-02-11 10:32:09.980000,35.16733333333333,132.56666666666666,8.63,0.5,V,0.0028333333333333,0.003,0.55,0.05,,,earthquake,depth free,high manual,21.269903822850875,-290.72036015257527,12.5356509742769,,False,4.387057554307168
2016-02-11 13:55:43.730000,35.25566666666667,132.55916666666667,9.77,1.3,V,0.0015,0.002,0.49,0.03,,,earthquake,depth free,high manual,31.100033916449885,-291.0410922022821,13.642776449853717,,False,8.59668876372704
2016-02-12 06:32:51.500000,35.20516666666667,132.44116666666667,13.68,1.3,V,0.0015,0.002,0.33,0.03,,,earthquake,depth free,high manual,25.869289238739952,-301.76295535265524,17.982441383763746,,False,13.478607127957924
2016-02-12 11:23:44.970000,35.07566666666667,132.48316666666668,5.55,0.7,V,0.0016666666666666,0.0015,0.23,0.03,,,earthquake,depth free,high manual,11.32450898765734,-298.74433686449527,9.81530548711311,,False,16.677395050077852
2016-02-12 11:57:04.790000,35.097500000000004,132.6685,9.98,1.7,V,0.0018333333333333,0.0021666666666666,0.69,0.03,,,earthquake,depth free,high manual,13.232975008225198,-281.6811902526524,13.608640716907733,,False,12.386160223698152
2016-02-14 19:57:19.670000,35.25966666666667,132.71733333333333,10.76,1.4,V,0.002,0.0021666666666666,0.43,0.04,,,earthquake,depth free,high manual,31.09265494391299,-276.66996794321904,14.119762024006365,,False,14.54490490192975
2016-02-19 04:31:35.940000,35.25533333333333,132.55633333333336,9.39,1.1,V,0.002,0.0026666666666666,0.69,0.04,,,earthquake,depth free,high manual,31.069941998261193,-291.3128716823329,13.272658009683605,,False,8.752763415457949
2016-02-20 14:09:29.960000,35.087833333333336,132.42616666666666,12.3,0.5,V,0.0028333333333333,0.003,0.42,0.06,,,earthquake,depth free,high manual,12.894828357586134,-303.6126069728254,16.746975052771354,,False,18.10288071371113
2016-02-28 12:07:01.350000,35.09816666666667,132.67166666666665,9.26,1.0,V,0.002,0.0023333333333333,0.77,0.03,,,earthquake,depth free,high manual,13.293127101834475,-281.4170016877546,12.87842738467354,,False,12.648096781199603
2016-03-04 14:03:12.320000,35.096000000000004,132.6725,8.75,1.5,V,0.0018333333333333,0.0021666666666666,0.75,0.03,,,earthquake,depth free,high manual,13.046891451364544,-281.366886423201,12.367969091834368,,False,13.001001069561065
2016-03-04 15:29:16.600000,35.09883333333334,132.6723333333333,9.48,0.6,V,0.0015,0.0016666666666666,0.56,0.03,,,earthquake,depth free,high manual,13.36667033146922,-281.3464305497666,13.095586032062394,,False,12.580779559943267
2016-03-06 19:39:52.330000,35.12683333333334,132.7458333333333,13.33,2.0,V,0.0018333333333333,0.0021666666666666,0.6,0.04,,,earthquake,depth free,high manual,16.29067072378131,-274.45046288877876,16.689176151935527,,False,15.848609255258525
2016-03-16 02:57:06.640000,35.25966666666667,132.71499999999995,10.99,0.7,V,0.002,0.0023333333333333,0.47,0.04,,,earthquake,depth free,high manual,31.100086033417213,-276.8732751141058,14.356913833824382,,False,14.352728990540983
2016-03-17 02:16:39.210000,35.245,132.4675,13.23,0.5,V,0.003,0.0034999999999999,0.69,0.05,,,earthquake,depth free,high manual,30.204516971448193,-299.24873203992547,17.416786214855204,,False,12.758135780889395
2016-03-21 22:05:50.790000,35.084833333333336,132.7305,17.01,0.6,V,0.0018333333333333,0.002,0.56,0.04,,,earthquake,depth free,high manual,11.70074369027254,-275.8560078923859,20.449844545272622,,False,17.79816944946138
2016-03-21 23:45:08.930000,35.092000000000006,132.7085,10.17,0.5,V,0.0016666666666666,0.0013333333333333,0.51,0.03,,,earthquake,depth free,high manual,12.51049647018132,-278.0639738080225,13.676595029513576,,False,15.229804737851595
2016-03-26 08:52:59.500000,35.091166666666666,132.635,8.73,0.9,V,0.0018333333333333,0.0016666666666666,0.52,0.03,,,earthquake,depth free,high manual,12.617924602537483,-284.78769357650555,12.47266808791941,,False,11.770784445198577
2016-04-03 08:42:11.580000,35.055166666666665,132.4815,10.26,0.9,V,0.0018333333333333,0.0021666666666666,0.35,0.03,,,earthquake,depth free,middle auto,9.087808815899583,-298.79159694360567,14.546606127745491,,False,17.357739168851992
2016-04-03 17:21:00.880000,35.100500000000004,132.67333333333332,6.87,1.3,V,0.0031666666666666,0.0036666666666666,1.48,0.04,,,earthquake,depth free,middle auto,13.531521766052116,-281.34208237586904,10.482653302335418,,False,13.300740412962758
2016-04-05 04:36:53.490000,35.10166666666667,132.66566666666668,8.68,1.4,V,0.0015,0.002,0.65,0.02,,,earthquake,depth free,middle auto,13.6948531109215,-281.9698733411201,12.31496106586869,,False,12.175030444158054
2016-04-07 08:41:23.900000,35.100500000000004,132.57666666666665,11.85,0.5,v,0.0033333333333333,0.0031666666666666,0.55,0.06,,,earthquake,depth free,middle auto,13.84418412210087,-289.93392551949967,15.773411515330585,,False,9.38945136401786
2016-04-07 15:06:27.600000,35.10566666666667,132.67333333333332,13.45,0.7,v,0.01,0.0098333333333333,2.79,0.22,,,earthquake,depth free,middle auto,14.148013407961772,-281.091915577187,17.054012454438098,,False,11.85093352074775
2016-04-10 12:38:22.910000,35.1465,132.78549999999998,7.61,0.7,V,0.0013333333333333,0.0015,0.53,0.02,,,earthquake,depth free,middle auto,18.32878972548266,-270.9814270190291,10.835576841756318,,False,19.08003261075198
2016-04-12 18:48:53.330000,35.09733333333334,132.6755,13.08,0.9,V,0.0018333333333333,0.002,0.54,0.03,,,earthquake,depth free,middle auto,13.215183917945891,-280.93726935233155,16.68446653704571,,False,12.642038397210815
2016-04-13 20:43:57.580000,35.061499999999995,132.49116666666666,7.85,0.7,V,0.002,0.0021666666666666,0.38,0.03,,,earthquake,depth free,middle auto,9.743905658940886,-297.9824816557127,12.099266525084856,,False,16.748133952093433
2016-04-14 01:04:03.840000,35.13333333333333,132.74883333333332,11.6,0.9,V,0.0015,0.0018333333333333,0.51,0.03,,,earthquake,depth free,middle auto,16.992732372453837,-274.2157564687793,14.945784922809768,,False,15.788188328003034
2016-04-15 02:30:07.790000,35.091,132.67499999999998,10.43,1.2,V,0.0015,0.0016666666666666,0.53,0.02,,,earthquake,depth free,middle auto,12.49622353384012,-281.0979907035622,14.04326526137896,,False,13.239090830056377
2016-04-18 20:04:58.580000,35.092000000000006,132.6725,10.34,0.7,v,0.0028333333333333,0.0026666666666666,0.89,0.05,,,earthquake,depth free,middle auto,12.613696168913007,-281.3245502062872,13.960415683556532,,False,13.027124054042558
2016-04-19 18:34:42.960000,35.11816666666667,132.7235,9.36,0.8,v,0.0021666666666666,0.0023333333333333,0.77,0.04,,,earthquake,depth free,middle auto,15.366713634035891,-276.64190794842494,12.798002529173171,,False,14.71085682357601
2016-04-20 05:54:54.930000,35.255,132.50583333333333,3.0,0.7,v,0.0225,0.0288333333333333,,0.53,,,earthquake,depth slice,low auto,31.158704643637236,-296.12744287760324,7.057290363635614,,False,14.07712849489827
2016-04-23 02:37:56.880000,35.07116666666667,132.5655,12.69,1.2,V,0.0016666666666666,0.002,0.38,0.03,,,earthquake,depth free,middle auto,10.629135336084246,-291.02056497007544,16.67592604404589,,False,12.754012146287591
2016-04-27 22:51:31.330000,35.102333333333334,132.66733333333332,9.72,0.8,V,0.002,0.002,0.67,0.03,,,earthquake,depth free,middle auto,13.770920011655992,-281.77951200255075,13.348391271143184,,False,11.956112626075226
2016-04-28 15:18:31.580000,35.10116666666667,132.6765,13.94,0.8,V,0.0026666666666666,0.0028333333333333,0.78,0.06,,,earthquake,depth free,middle auto,13.643166602205158,-280.8030273047867,17.53744263694488,,False,12.473070091982267
2016-04-29 00:48:47,35.061499999999995,132.5761666666667,8.66,0.6,v,0.002,0.0021666666666666,0.47,0.03,,,earthquake,depth free,middle auto,9.496374042517528,-290.2352960590162,12.622299083217166,,False,14.13878217044165
2016-04-29 19:52:24.910000,35.20033333333333,132.755,10.25,0.5,V,0.0018333333333333,0.002,0.52,0.03,,,earthquake,depth free,middle auto,24.401902571997574,-273.47691418977615,13.529048650858629,,False,15.482970625566221
2016-05-04 14:27:48.600000,35.10316666666667,132.66816666666665,9.41,1.2,V,0.0016666666666666,0.0018333333333333,0.57,0.03,,,earthquake,depth free,middle auto,13.858979891358034,-281.7119849483571,13.035220535775531,,False,11.999006738198931
2016-05-04 19:38:16.950000,35.101333333333336,132.66799999999998,9.13,0.9,V,0.0021666666666666,0.0021666666666666,0.75,0.04,,,earthquake,depth free,middle auto,13.6541585226305,-281.74336208539205,12.757497876513996,,False,12.210051102114123
2016-05-05 07:43:30.590000,35.106833333333334,132.6665,9.99,0.5,V,0.0028333333333333,0.0028333333333333,0.74,0.04,,,earthquake,depth free,middle manual,14.274410161946664,-281.82997569841314,13.617060977303892,,False,11.47731738636651
2016-05-09 13:03:03.330000,35.10733333333334,132.66933333333333,9.9,0.7,V,0.0025,0.0021666666666666,0.72,0.04,,,earthquake,depth free,middle auto,14.321218487861064,-281.57437990956095,13.517649582083092,,False,11.61725982972893
2016-05-15 08:12:15.520000,35.096833333333336,132.67466666666667,9.14,1.6,V,0.0018333333333333,0.0021666666666666,0.75,0.03,,,earthquake,depth free,high manual,13.135805263719782,-281.1536129852272,12.75009205425331,,False,12.954635961745907
2016-05-21 00:40:08.640000,35.112833333333334,132.75866666666667,8.97,0.6,V,0.0033333333333333,0.0034999999999999,1.26,0.05,,,earthquake,depth free,middle auto,14.674291093657894,-273.4826544721106,12.303651796805186,,False,17.813416186005355
2016-05-23 16:00:40.410000,35.097166666666666,132.67016666666666,9.73,1.9,V,0.0018333333333333,0.002,0.64,0.03,,,earthquake,depth free,high manual,13.189563715557773,-281.5399594902745,13.353770136800843,,False,12.551829413434204
2016-05-25 12:15:35.440000,35.10633333333333,132.4405,12.21,0.6,V,0.0031666666666666,0.0028333333333333,0.43,0.06,,,earthquake,depth free,middle auto,14.902165265181983,-302.24745583545615,16.590816230063513,,False,15.859828323454712
2016-05-25 22:59:59.810000,35.155,132.67516666666666,8.03,0.8,V,0.002,0.0023333333333333,0.71,0.03,,,earthquake,depth free,middle auto,19.583357288615947,-280.9463418386461,11.592276677886556,,False,9.600196436460754
2016-05-26 22:00:50.290000,35.066833333333335,132.49516666666665,9.17,0.6,V,0.0025,0.0025,0.43,0.05,,,earthquake,depth free,middle auto,10.333190941333967,-297.54985416366003,13.39961897461265,,False,15.775888490392736
2016-05-27 04:52:51.380000,35.080333333333336,132.66133333333337,7.41,0.5,V,0.0016666666666666,0.0018333333333333,0.74,0.02,,,earthquake,depth free,middle auto,11.330715261840716,-282.4821928814438,11.0783259991091,,False,14.22743655488589
2016-05-31 13:13:58.650000,35.10766666666667,132.66516666666666,10.22,0.5,V,0.0028333333333333,0.002,0.74,0.05,,,earthquake,depth free,middle auto,14.372179519691556,-281.93990479857064,13.850470510359491,,False,11.289965230857032
2016-05-31 21:11:10.530000,35.19016666666666,132.62,7.7,1.3,V,0.002,0.0023333333333333,0.6,0.03,,,earthquake,depth free,middle auto,23.6435726263838,-285.8377633303561,11.414781536939843,,False,5.398644152466422
2016-05-31 21:34:53.380000,35.18883333333333,132.6215,7.49,0.5,V,0.0023333333333333,0.0026666666666666,0.71,0.04,,,earthquake,depth free,middle auto,23.49016484565974,-285.714029044786,11.200956933371073,,False,5.633249574193686
2016-06-08 03:09:01.640000,35.08216666666667,132.70283333333333,7.61,0.7,V,0.0016666666666666,0.0018333333333333,0.85,0.02,,,earthquake,depth free,middle auto,11.417589417076153,-278.7011484514033,11.144700048485976,,False,16.161046165724052
2016-06-08 22:17:17.700000,35.081833333333336,132.70283333333333,7.88,1.2,V,0.0013333333333333,0.0015,0.65,0.02,,,earthquake,depth free,middle auto,11.382463596479054,-278.6928674840725,11.414826086769796,,False,16.113514971035134
2016-06-11 05:17:38.480000,35.10216666666667,132.67416666666665,8.08,0.8,V,0.0016666666666666,0.002,0.71,0.02,,,earthquake,depth free,middle auto,13.72213859593817,-281.217969552513,11.687792194564691,,False,12.782309573240445
2016-06-23 14:49:23.950000,35.12616666666667,132.74133333333333,10.07,0.6,V,0.0018333333333333,0.0021666666666666,0.64,0.04,,,earthquake,depth free,middle auto,16.20907087455071,-274.97257355029177,13.445615110587829,,False,15.602427054954074
2016-07-01 05:14:31.760000,35.190999999999995,132.748,10.27,0.5,V,0.0016666666666666,0.002,0.44,0.03,,,earthquake,depth free,middle auto,23.385777466005976,-274.14211402350725,13.576852630600747,,False,14.770002715019425
2016-07-03 07:18:17.410000,35.1235,132.72116666666668,10.75,0.7,V,0.0026666666666666,0.0023333333333333,0.79,0.05,,,earthquake,depth free,middle auto,15.973791823359472,-276.7873274305382,14.190083946609905,,False,14.035046098668404
2016-07-07 22:35:24.690000,35.116,132.7555,8.3,0.9,V,0.002,0.0021666666666666,0.77,0.03,,,earthquake,depth free,middle auto,15.030251757239556,-273.78219504020143,11.641189098857902,,False,17.539883827679336
2016-07-10 01:50:12.350000,35.07983333333333,132.69483333333335,12.26,0.6,V,0.0025,0.0028333333333333,0.89,0.04,,,earthquake,depth free,middle auto,11.213661467057245,-279.2726444118047,15.8190652928017,,False,15.223903414236489
2016-07-12 10:28:14.170000,35.11683333333333,132.72283333333334,8.17,0.8,V,0.0018333333333333,0.0021666666666666,0.8,0.03,,,earthquake,depth free,middle auto,15.21306185012062,-276.74809119014674,11.61191506719912,,False,15.005582203647739
2016-07-12 21:48:29.600000,35.06466666666666,132.51616666666666,8.28,0.5,V,0.0031666666666666,0.0034999999999999,0.6,0.05,,,earthquake,depth free,middle auto,10.023248821482737,-295.6850556322347,12.440787896303473,,False,15.2734156391281
2016-07-14 11:01:50.520000,35.10583333333334,132.66833333333332,9.8,0.5,V,0.0021666666666666,0.0018333333333333,0.65,0.04,,,earthquake,depth free,middle auto,14.156973894690534,-281.6738338895574,13.422173159559373,,False,11.702661999097293
2016-07-17 18:32:59.770000,35.1365,132.75516666666667,6.53,0.5,V,0.0034999999999999,0.0033333333333333,1.35,0.05,,,earthquake,depth free,middle auto,17.29594494508819,-273.80380451300937,9.856813018168294,,False,17.143733801863636
2016-07-17 23:31:31.810000,35.11233333333333,132.717,12.63,0.6,V,0.0018333333333333,0.002,0.6,0.04,,,earthquake,depth free,middle auto,14.75859954000867,-277.1380944264662,16.09110321626769,,False,14.302623853186859
2016-07-18 01:41:49.580000,35.121,132.7675,12.2,0.5,V,0.0015,0.0016666666666666,0.47,0.03,,,earthquake,depth free,middle auto,15.57654587108029,-272.54409058084985,15.497896012319735,,False,17.865877574337283
2016-07-18 14:37:02.860000,35.09816666666667,132.67516666666666,9.54,0.8,V,0.003,0.0031666666666666,1.1,0.05,,,earthquake,depth free,middle auto,13.28501217424345,-281.08952139014684,13.147092429608051,,False,12.78446213024695
2016-07-22 13:29:10.460000,35.109500000000004,132.72416666666666,12.52,0.8,V,0.0103333333333333,0.0069999999999999,2.91,0.23,,,earthquake,depth free,middle auto,14.423511292155045,-276.501633428864,15.961144530323462,,False,15.01430025759516
2016-07-26 06:56:17.750000,35.15483333333333,132.6221666666667,10.58,0.8,V,0.0021666666666666,0.0025,0.56,0.04,,,earthquake,depth free,middle auto,19.731451145279465,-285.6619783032861,14.311223131993804,,False,4.872693192351345
2016-07-28 13:54:35.580000,35.06133333333333,132.49716666666666,8.5,0.5,V,0.0043333333333333,0.0041666666666666,0.67,0.07,,,earthquake,depth free,middle auto,9.71198908966216,-297.4137503470086,12.72841834512197,,False,16.330536400186144
2016-07-28 21:26:41.320000,35.11383333333333,132.76966666666667,6.51,1.2,V,0.0013333333333333,0.0016666666666666,0.68,0.02,,,earthquake,depth free,middle auto,14.739048677718085,-272.5646479252399,9.810525890677509,,False,19.221316552828767
2016-08-02 13:37:10.540000,35.1565,132.55983333333336,13.09,1.3,V,0.0016666666666666,0.002,0.34,0.03,,,earthquake,depth free,middle auto,20.1126270479638,-291.2142313328592,17.023312166873446,,False,4.076454068356531
2016-08-09 05:05:56.320000,35.090500000000006,132.6725,9.52,0.6,V,0.0016666666666666,0.0018333333333333,0.65,0.03,,,earthquake,depth free,middle auto,12.441697629948392,-281.35870015277834,13.142257183265505,,False,13.296235345091409
2016-08-12 02:39:26.510000,35.101,132.672,8.82,0.5,V,0.002,0.0025,0.8,0.03,,,earthquake,depth free,middle auto,13.60370461528363,-281.3925004824687,12.435217779109268,,False,12.539063911870306
2016-08-17 12:30:24.410000,35.02983333333333,132.68016666666665,13.57,0.7,V,0.002,0.0018333333333333,0.65,0.04,,,earthquake,depth free,middle auto,5.719374316510643,-280.7292540648296,17.22186726039211,,False,19.218267042518516
2016-08-19 01:08:53.600000,35.095333333333336,132.67,9.26,1.8,V,0.0016666666666666,0.002,0.68,0.03,,,earthquake,depth free,high manual,12.98345004968258,-281.5780426771291,12.88619115162513,,False,12.798581628537683
2016-08-24 00:23:49.940000,35.044999999999995,132.46166666666664,10.49,0.5,V,0.0028333333333333,0.0023333333333333,0.51,0.06,,,earthquake,depth free,middle auto,8.0217750224383,-300.62036273345336,14.854607423483028,,False,19.282966640798428
2016-08-29 08:03:18.120000,35.124833333333335,132.71866666666668,9.43,0.8,v,0.0025,0.0021666666666666,0.8,0.05,,,earthquake,depth free,middle auto,16.120552646128573,-277.0552627797009,12.877637437293348,,False,13.961736829227899
2016-08-29 14:25:07.920000,35.0965,132.6738333333333,9.13,0.7,V,0.0016666666666666,0.002,0.68,0.03,,,earthquake,depth free,middle auto,13.101120700645216,-281.23073992168037,12.743041367389392,,False,12.93843415906067
2016-09-01 22:42:33.300000,35.24766666666667,132.518,14.29,0.7,V,0.004,0.005,0.69,0.08,,,earthquake,depth free,middle auto,30.352488143138913,-294.6286349916892,18.302203332542422,,False,9.606630348648752
2016-09-02 02:47:24.400000,35.26466666666666,132.486,14.7,0.7,V,0.0103333333333333,0.0116666666666666,1.84,0.17,,,earthquake,depth free,middle auto,32.33501719044977,-297.44639426919315,18.81112415617062,,False,12.987112467746146
2016-09-02 06:58:10.550000,35.109500000000004,132.66333333333333,10.74,0.5,V,0.0026666666666666,0.0023333333333333,0.76,0.05,,,earthquake,depth free,middle auto,14.584198071546542,-282.0814333904641,14.37445452318936,,False,10.952438383184667
2016-09-03 21:01:57.750000,35.09916666666667,132.6655,8.93,0.6,V,0.0018333333333333,0.002,0.65,0.03,,,earthquake,depth free,middle auto,13.419521708951152,-281.98480626475254,12.567473207944214,,False,12.310141265566841
2016-09-03 22:34:59.730000,35.097833333333334,132.66616666666667,8.29,0.5,V,0.0018333333333333,0.0021666666666666,0.71,0.03,,,earthquake,depth free,middle auto,13.265383029162306,-281.95159067419615,11.926904579361167,,False,12.639703379440032
2016-09-06 03:28:52.730000,35.155,132.70999999999998,7.16,1.3,V,0.0016666666666666,0.002,0.67,0.02,,,earthquake,depth free,middle auto,19.47978591226478,-277.8172343320133,10.612719547328158,,False,12.682482917344565
2016-09-07 17:52:43.520000,35.184,132.65966666666668,9.81,0.5,V,0.0041666666666666,0.0028333333333333,0.77,0.07,,,earthquake,depth free,middle auto,22.855708647565443,-282.1882027384855,13.399655493746408,,False,7.017796243021006
2016-09-08 10:44:29.700000,35.230000000000004,132.49266666666665,14.47,0.6,v,0.005,0.0045,0.82,0.09,,,earthquake,depth free,middle auto,28.470249394491383,-296.9790369251962,18.578586097991597,,False,10.16916842505865
2016-09-10 20:20:04.820000,35.11983333333333,132.7555,8.16,0.7,V,0.0034999999999999,0.0036666666666666,1.42,0.06,,,earthquake,depth free,middle auto,15.454853195368807,-273.7740676493726,11.49813261892365,,False,17.39044625373626
2016-09-11 07:47:27.600000,35.116166666666665,132.76483333333334,8.16,1.2,V,0.0015,0.0018333333333333,0.63,0.02,,,earthquake,depth free,middle auto,15.021998819553357,-272.9394564518083,11.472436534980012,,False,18.30708741467365
2016-09-12 14:49:40.470000,35.1255,132.7636666666667,10.22,0.5,V,0.0025,0.0026666666666666,0.86,0.05,,,earthquake,depth free,middle auto,16.074015165134462,-272.9439371509416,13.52719494284543,,False,17.458792696143245
2016-09-15 21:09:31.330000,35.10016666666667,132.66866666666667,8.27,0.9,V,0.0018333333333333,0.0021666666666666,0.75,0.03,,,earthquake,depth free,middle auto,13.517092737855236,-281.71732789548815,11.896924401933626,,False,12.58234060254904
2016-09-19 02:57:34.690000,35.20783333333333,132.70883333333333,7.68,1.6,V,0.0018333333333333,0.0021666666666666,0.53,0.03,,,earthquake,depth free,middle auto,25.350835561284043,-277.7241320504433,11.099171540314426,,False,12.217364772857177
2016-09-19 05:48:16.970000,35.17033333333333,132.76783333333336,15.76,0.8,V,0.0016666666666666,0.0016666666666666,0.4,0.03,,,earthquake,depth free,middle auto,21.067450466996693,-272.22770892857267,19.017050583412804,,False,16.900958868486782
2016-09-19 19:04:00,35.1025,132.399,11.59,1.0,V,0.0043333333333333,0.0041666666666666,0.61,0.08,,,earthquake,depth free,middle auto,14.600906740710013,-306.0490883874261,16.120349629448917,,False,19.327246008887617
2016-09-20 03:40:17.340000,35.112,132.554,9.52,0.7,V,0.0018333333333333,0.002,0.32,0.03,,,earthquake,depth free,middle auto,15.171875414638668,-292.03464377194945,13.510650006440365,,False,8.98169010443267
2016-09-22 00:16:40.220000,35.04,132.69583333333333,8.63,0.8,V,0.0015,0.0016666666666666,0.71,0.02,,,earthquake,depth free,middle auto,6.764494164050845,-279.4455435761421,12.225420707577005,,False,19.195142446355117
2016-09-27 20:32:23.760000,35.091833333333334,132.698,12.29,1.2,V,0.0015,0.0018333333333333,0.55,0.03,,,earthquake,depth free,middle auto,12.536001168706443,-278.9431929813543,15.82845291235519,,False,14.431567086718953
2016-09-28 13:18:53.100000,35.0835,132.53916666666666,9.35,0.6,V,0.0038333333333333,0.0034999999999999,0.65,0.06,,,earthquake,depth free,middle auto,12.05216276039391,-293.48932141323286,13.41516383729962,,False,12.346736485775613
2016-09-30 07:35:57.900000,35.15866666666667,132.57399999999998,12.25,1.7,V,0.002,0.0025,0.47,0.03,,,earthquake,depth free,high manual,20.30654577047445,-289.95359835130756,16.13523572699436,,False,3.108247281656497
2016-09-30 16:25:12.980000,35.10616666666667,132.70016666666666,15.64,0.6,V,0.0063333333333333,0.0046666666666666,1.6,0.13,,,earthquake,depth free,middle auto,14.141644286087663,-278.5805836839117,19.157215934177884,,False,13.936099337591788
2016-10-04 09:38:59.850000,35.118,132.765,15.0,1.0,V,0.0015,0.0018333333333333,0.46,0.03,,,earthquake,depth free,middle auto,15.268434745215904,-272.68568633831046,18.306330440266983,,False,18.019832382834927
2016-10-05 20:38:51.910000,35.159666666666666,132.67616666666666,8.75,0.7,v,0.003,0.0028333333333333,0.81,0.06,,,earthquake,depth free,middle manual,20.102519606025663,-280.81413953987914,12.305154247114784,,False,9.224302388366366
2016-10-18 21:56:44.350000,35.140166666666666,132.67916666666665,7.13,0.8,V,0.0018333333333333,0.0021666666666666,0.74,0.02,,,earthquake,depth free,middle auto,17.92016922380182,-280.66646243957183,10.691473289429396,,False,10.94999233321053
2016-10-19 15:19:59.940000,35.101333333333336,132.52783333333335,16.37,0.9,V,0.0034999999999999,0.0036666666666666,0.6,0.07,,,earthquake,depth free,middle auto,14.110716934984293,-294.1908607286421,20.45262677725035,,False,11.486786672661976
2016-11-01 19:29:32.590000,35.065,132.469,11.45,1.0,V,0.0026666666666666,0.0026666666666666,0.44,0.05,,,earthquake,depth free,middle auto,10.22524069341534,-299.8444204954957,15.76948369659267,,False,17.057587677335203
2016-11-04 20:33:50.430000,35.10583333333334,132.67583333333332,14.52,0.5,V,0.0075,0.0066666666666666,2.05,0.16,,,earthquake,depth free,middle auto,14.166352754701927,-280.82691504158674,18.115225446481713,,False,12.152606798949021
2016-11-06 05:18:14.180000,35.100500000000004,132.66833333333332,9.37,0.5,v,0.0023333333333333,0.0025,0.83,0.04,,,earthquake,depth free,middle auto,13.56231059748156,-281.7075091879446,12.996990756692608,,False,12.241974736726684
2016-11-15 18:52:35.310000,35.153166666666664,132.73466666666664,8.93,1.6,V,0.0015,0.0018333333333333,0.51,0.02,,,earthquake,depth free,middle auto,19.217197761887988,-275.5249604926927,12.305990066824638,,False,14.242444897091948
2016-11-16 21:26:25.500000,35.11683333333333,132.52333333333334,9.11,0.6,V,0.0026666666666666,0.0028333333333333,0.41,0.05,,,earthquake,depth free,middle auto,15.796849838687612,-294.8143687034037,13.199948780727851,,False,9.94328075781127
2016-11-17 02:50:27.510000,35.11383333333333,132.57716666666667,11.53,1.1,V,0.0015,0.002,0.37,0.03,,,earthquake,depth free,middle auto,15.319724228541082,-289.85281414634966,15.4406890682859,,False,7.931538455304855
2016-11-20 00:54:47.770000,35.10216666666667,132.6665,9.26,0.7,V,0.0018333333333333,0.0018333333333333,0.63,0.03,,,earthquake,depth free,middle auto,13.751779887767098,-281.87198456374085,12.891494229049613,,False,12.025968899703926
2016-11-23 05:12:34.860000,35.16583333333333,132.56150000000002,10.2,0.7,v,0.003,0.0031666666666666,0.58,0.05,,,earthquake,depth free,middle auto,21.1271722807854,-291.1363060119185,14.122841160705514,,False,3.6481458899611523
2016-11-25 15:05:56.330000,35.1,132.67716666666666,9.36,1.1,V,0.002,0.002,0.7,0.03,,,earthquake,depth free,middle auto,13.481572172012648,-280.9080597372468,12.95926745537054,,False,12.786445849646988
2016-11-26 22:24:16.300000,35.09883333333334,132.66983333333332,9.98,0.8,V,0.0016666666666666,0.0018333333333333,0.6,0.03,,,earthquake,depth free,middle auto,13.377120643155669,-281.55559956560893,13.60323699787128,,False,12.344493792077355
2016-12-01 10:58:18.490000,35.04833333333333,132.4968333333333,14.86,0.5,v,0.0063333333333333,0.0058333333333333,1.24,0.16,,,earthquake,depth free,middle manual,8.317529459893139,-297.2507052979506,19.097196047052712,,False,17.40037598024675
2016-12-01 22:51:10.840000,35.067,132.57433333333333,7.81,1.0,V,0.0023333333333333,0.0023333333333333,0.61,0.03,,,earthquake,depth free,middle auto,10.106096682198569,-290.41335939478637,11.77385587074193,,False,13.8047282176966
2016-12-03 03:30:37.490000,35.226,132.7785,14.95,0.5,V,0.0016666666666666,0.002,0.42,0.03,,,earthquake,depth free,middle auto,27.20608536587124,-271.1028306654419,18.13809430690588,,False,18.206489412856445
2016-12-03 05:00:45.410000,35.15483333333333,132.60633333333334,6.8,1.2,V,0.0021666666666666,0.0023333333333333,0.67,0.03,,,earthquake,depth free,middle auto,19.75611913307702,-287.2343374051702,10.585386776285786,,False,6.524332930696095
2016-12-10 09:09:11.210000,35.16083333333333,132.56300000000002,8.74,3.2,V,0.0018333333333333,0.0023333333333333,0.48,0.03,,,earthquake,depth free,high manual,20.559924039216995,-291.07204839984536,12.662557831738972,,False,4.8067244860459
2016-12-10 09:09:47.770000,35.165166666666664,132.56266666666667,8.02,1.5,V,0.005,0.0034999999999999,0.76,0.04,,,earthquake,depth free,middle manual,21.037919254234502,-291.1132722402472,11.94096179124582,,False,5.130507547504035
2016-12-10 10:03:52.510000,35.166,132.5548333333333,8.52,0.5,v,0.0058333333333333,0.006,0.97,0.08,,,earthquake,depth free,middle auto,21.156262798350397,-291.8021052770931,12.466106685677415,,False,5.066623041461653
2016-12-10 11:33:55.400000,35.160666666666664,132.56333333333333,8.5,2.3,V,0.0018333333333333,0.0023333333333333,0.5,0.03,,,earthquake,depth free,high manual,20.53912127766388,-291.0512635486731,12.421739450514195,,False,4.9758504920530315
2016-12-10 14:38:50.840000,35.16383333333333,132.56050000000002,8.75,0.9,V,0.0026666666666666,0.0031666666666666,0.6,0.05,,,earthquake,depth free,middle auto,20.900302814590994,-291.28760080004406,12.67864971246684,,False,4.7340424226751
2016-12-10 21:17:54.950000,35.155833333333334,132.5765,11.51,0.8,v,0.0034999999999999,0.0046666666666666,0.68,0.06,,,earthquake,depth free,middle auto,19.980781065105777,-289.76426494051526,15.389595069540931,,False,3.387669813952588
2016-12-10 22:13:07.460000,35.158166666666666,132.57133333333334,12.12,1.0,V,0.0023333333333333,0.0026666666666666,0.5,0.04,,,earthquake,depth free,middle auto,20.258202097168255,-290.2018276269994,16.01453356075727,,False,3.2534549548910556
2016-12-11 09:34:31.150000,35.164,132.5656666666667,8.26,0.9,V,0.0026666666666666,0.0026666666666666,0.58,0.04,,,earthquake,depth free,middle auto,20.900886251889293,-290.8365828575133,12.171677559771888,,False,4.885947087444011
2016-12-11 11:15:30.130000,35.16683333333333,132.55866666666668,8.39,0.6,v,0.0026666666666666,0.003,0.52,0.05,,,earthquake,depth free,middle auto,21.236718208350013,-291.4563461243873,12.322802025598476,,False,4.935872777175606
2016-12-15 16:39:46.420000,35.16616666666666,132.56266666666667,8.24,1.0,V,0.002,0.0021666666666666,0.42,0.03,,,earthquake,depth free,middle auto,21.150104936040073,-291.10158076232995,12.160074679765485,,False,4.908500847295737
2016-12-16 03:52:59.200000,35.152,132.6665,8.26,0.8,v,0.0028333333333333,0.0026666666666666,0.78,0.04,,,earthquake,depth free,middle auto,19.27638982181958,-281.73465284358065,11.852026004038,,False,8.978846238788021
2016-12-17 04:55:32.390000,35.15716666666667,132.67866666666666,9.65,0.5,v,0.0034999999999999,0.0031666666666666,0.97,0.07,,,earthquake,depth free,middle auto,19.823003306389527,-280.56439008439344,13.198492557480114,,False,9.22814474898178
2016-12-19 19:44:02.240000,35.2525,132.7025,11.92,0.5,V,0.002,0.002,0.42,0.04,,,earthquake,depth free,middle auto,30.34379483356997,-277.9972722537476,15.32948887674324,,False,12.923898654406123
2016-12-25 13:43:58.490000,35.0855,132.509,11.76,0.6,V,0.0026666666666666,0.0026666666666666,0.42,0.05,,,earthquake,depth free,middle auto,12.380630595918976,-296.1288171203515,15.923576495168517,,False,13.075393338758994
2016-12-26 02:04:27.290000,35.07516666666667,132.6748333333333,10.62,0.6,V,0.0016666666666666,0.0018333333333333,0.59,0.03,,,earthquake,depth free,middle auto,10.741241092051204,-281.1610754358199,14.2477584821053,,False,14.630796557645217
2016-12-30 11:35:12.360000,35.10916666666667,132.64283333333333,6.82,1.1,V,0.0015,0.0018333333333333,0.66,0.02,,,earthquake,depth free,middle auto,14.580751130789777,-284.08220074030766,10.523166031930398,,False,11.156514878513407
2017-01-05 07:06:25.520000,35.09866666666667,132.66666666666666,8.84,0.7,V,0.0026666666666666,0.0031666666666666,1.02,0.04,,,earthquake,depth free,middle auto,13.36009961011425,-281.8838537753701,12.474232030886249,,False,12.438238483387092
2017-01-05 07:22:20.190000,35.0995,132.6705,9.08,0.9,V,0.0023333333333333,0.0026666666666666,0.88,0.04,,,earthquake,depth free,middle auto,13.44323080752256,-281.5246187870908,12.70111955114078,,False,12.513973681102373
2017-01-05 10:23:06.620000,35.09066666666667,132.57216666666667,9.53,0.6,V,0.0056666666666666,0.0053333333333333,1.07,0.09,,,earthquake,depth free,middle auto,12.751004655791734,-290.46240748493614,13.478489318987256,,False,10.833858456390985
2017-01-05 10:25:52.600000,35.107,132.666,9.07,0.5,v,0.0041666666666666,0.004,1.33,0.08,,,earthquake,depth free,middle auto,14.288358733660896,-281.90733503143855,12.699114391989555,,False,11.642851669687396
2017-01-06 23:12:46.930000,35.13666666666666,132.70933333333332,8.38,0.5,V,0.0023333333333333,0.0026666666666666,0.88,0.04,,,earthquake,depth free,middle auto,17.453708912965304,-277.89799226640895,11.848117203327387,,False,12.899881340029111
2017-01-10 22:21:55.960000,35.1415,132.55783333333335,8.99,0.5,V,0.0026666666666666,0.0023333333333333,0.32,0.04,,,earthquake,depth free,middle manual,18.430992060138177,-291.6006717626454,12.944334954385695,,False,6.298383603143542
2017-01-14 10:48:38.510000,35.0985,132.6735,9.78,1.0,V,0.0023333333333333,0.0025,0.86,0.04,,,earthquake,depth free,middle auto,13.328346805859312,-281.2311282537278,13.391960177601945,,False,12.61482316468788
2017-01-19 06:14:25.340000,35.18,132.5445,13.27,1.2,V,0.0015,0.0018333333333333,0.33,0.03,,,earthquake,depth free,middle auto,22.765197663635913,-292.51231940007983,17.237235827884554,,False,4.0243051209584735
2017-01-22 06:00:56.460000,35.155,132.68566666666666,8.69,1.8,V,0.0021666666666666,0.0025,0.7,0.03,,,earthquake,depth free,high manual,19.55724670451689,-279.9708460174275,12.21850767091623,,False,10.168207540542346
2017-01-25 06:28:18.730000,35.12433333333333,132.53433333333334,8.54,1.4,V,0.0018333333333333,0.0023333333333333,0.39,0.03,,,earthquake,depth free,middle auto,16.592848072292302,-293.8106727111434,12.587084884856184,,False,8.961743973130616
2017-01-27 06:45:39.630000,35.159166666666664,132.6835,9.32,0.9,V,0.0025,0.0023333333333333,0.65,0.04,,,earthquake,depth free,middle auto,20.02936591328357,-280.1308351654467,12.85186954984128,,False,9.649639895479462
2017-02-07 03:36:34.910000,35.219833333333334,132.68533333333335,8.08,1.5,V,0.0016666666666666,0.002,0.47,0.02,,,earthquake,depth free,middle auto,26.751119610932847,-279.798849081117,11.565381071011334,,False,10.571587199992699
2017-02-07 04:52:15.780000,35.09916666666667,132.6725,8.56,0.9,V,0.0028333333333333,0.003,1.08,0.04,,,earthquake,depth free,middle auto,13.397083846750988,-281.36264906429517,12.17536260542674,,False,12.788735150285897
2017-02-08 06:23:29.590000,35.24483333333333,132.70299999999995,7.83,1.1,V,0.0018333333333333,0.0023333333333333,0.54,0.03,,,earthquake,depth free,middle auto,29.47511485725594,-278.12067215670874,11.244783473945636,,False,13.20796737630913
2017-02-11 05:19:15.390000,35.19483333333333,132.77883333333335,10.19,0.8,v,0.0018333333333333,0.0018333333333333,0.44,0.03,,,earthquake,depth free,middle auto,23.725504044702863,-271.3375090573807,13.399755232598537,,False,17.57620588686957
2017-02-13 02:55:07.980000,35.05616666666666,132.66183333333333,13.6,0.6,v,0.0021666666666666,0.0023333333333333,0.71,0.05,,,earthquake,depth free,middle auto,8.692268615837131,-282.30089026219656,17.284870803057274,,False,15.876047386309422
2017-02-16 07:32:17.590000,35.035,132.47833333333332,11.75,0.7,v,0.0063333333333333,0.008,1.31,0.13,,,earthquake,depth free,middle auto,6.871308323749931,-299.0961864243417,16.06595079770689,,False,19.30836916784989
2017-02-18 22:58:59.890000,35.10116666666667,132.5275,14.92,1.3,v,0.0033333333333333,0.0034999999999999,0.55,0.07,,,earthquake,depth free,middle auto,14.083765914261187,-294.2758828057305,19.00493837648018,,False,11.065486049731001
2017-02-22 09:52:30.180000,35.10466666666667,132.66666666666666,9.62,0.7,V,0.002,0.0018333333333333,0.63,0.03,,,earthquake,depth free,middle auto,14.031096026766503,-281.8354578110252,13.2486014969572,,False,11.742717368844328
2017-02-22 15:29:26.670000,35.15833333333333,132.68516666666667,9.83,0.5,v,0.0033333333333333,0.0028333333333333,0.8,0.06,,,earthquake,depth free,middle auto,19.93501408112391,-279.964677786166,13.35688200660026,,False,9.680704395646606
2017-02-23 09:16:29.480000,35.15416666666667,132.6858333333333,8.98,1.6,V,0.0016666666666666,0.002,0.57,0.03,,,earthquake,depth free,middle auto,19.465931373353325,-279.94842425423093,12.508421894884194,,False,10.11770015015425
2017-02-27 06:57:39.610000,35.101,132.66816666666665,9.26,0.7,V,0.0028333333333333,0.0028333333333333,0.96,0.05,,,earthquake,depth free,middle auto,13.617547671007864,-281.724793152358,12.88716636603091,,False,12.215940377002617
2017-02-28 20:07:34.860000,35.03633333333333,132.679,8.51,1.6,V,0.0013333333333333,0.0016666666666666,0.64,0.02,,,earthquake,depth free,middle auto,6.404423779039146,-280.9911792992864,12.162467102060088,,False,18.830429979109205
2017-03-01 04:59:42.430000,35.034166666666664,132.68816666666666,10.87,0.6,V,0.0011666666666666,0.0013333333333333,0.48,0.02,,,earthquake,depth free,middle auto,6.156225264849234,-280.08316522369853,14.493947331016756,,False,19.119859820987024
2017-03-02 21:52:22.500000,35.112833333333334,132.54116666666667,9.88,0.7,v,0.0031666666666666,0.0033333333333333,0.51,0.06,,,earthquake,depth free,middle auto,15.304688885696567,-293.1824240425147,13.912667710617477,,False,9.257259948554058
2017-03-05 07:49:43.530000,35.09816666666667,132.67516666666666,9.34,0.7,V,0.0015,0.0018333333333333,0.62,0.03,,,earthquake,depth free,middle auto,13.283681921581891,-281.0965778169257,12.947221378005006,,False,12.826667516637789
2017-03-05 14:22:49.810000,35.096833333333336,132.676,8.94,1.3,V,0.0016666666666666,0.0018333333333333,0.64,0.02,,,earthquake,depth free,middle auto,13.130671632369976,-281.03967175751853,12.5459747951183,,False,13.077157578974703
2017-03-06 07:29:25.980000,35.08116666666667,132.70983333333334,14.53,0.9,V,0.0016666666666666,0.0018333333333333,0.53,0.03,,,earthquake,depth free,middle auto,11.33501754097896,-277.8282610704274,18.039211088008408,,False,16.204362543171086
2017-03-07 09:42:47.160000,35.08916666666667,132.51433333333333,10.25,1.2,V,0.0034999999999999,0.0038333333333333,0.54,0.05,,,earthquake,depth free,middle auto,12.761199926100424,-295.68846865519373,14.393317561744876,,False,12.610136482411988
2017-03-07 16:13:17.620000,35.2165,132.40016666666668,14.24,1.2,V,0.003,0.0031666666666666,0.61,0.05,,,earthquake,depth free,middle manual,27.25469627663097,-305.41055636999903,18.678339601362246,,False,17.404001201503405
2017-03-07 17:32:25.310000,35.136833333333335,132.66333333333333,9.01,0.6,v,0.0051666666666666,0.004,1.32,0.09,,,earthquake,depth free,middle auto,17.606509349048277,-282.0479304641335,12.623365589348351,,False,9.292097348272943
2017-03-08 01:34:51.250000,35.075,132.57716666666667,9.71,0.7,V,0.0021666666666666,0.0025,0.51,0.04,,,earthquake,depth free,middle auto,10.999062247985032,-290.05790478836934,13.655799173478156,,False,12.441611146448574
2017-03-08 01:46:31.110000,35.069500000000005,132.57999999999998,9.54,1.0,V,0.0018333333333333,0.0021666666666666,0.5,0.03,,,earthquake,depth free,middle auto,10.379222470531662,-289.826564376443,13.481569094868844,,False,13.05792437722873
2017-03-09 09:54:54.480000,35.114666666666665,132.52550000000002,7.97,1.1,V,0.0018333333333333,0.0023333333333333,0.38,0.03,,,earthquake,depth free,middle auto,15.542758718398437,-294.66831556025113,12.055253295220984,,False,10.417727209031014
2017-03-09 18:24:05.940000,35.159666666666666,132.67133333333334,9.06,0.7,v,0.0028333333333333,0.0026666666666666,0.7,0.05,,,earthquake,depth free,middle auto,20.11801576041879,-281.2414919270431,12.630347445322046,,False,8.726574206478327
2017-03-10 07:13:53.390000,35.096833333333336,132.676,9.23,3.1,V,0.0016666666666666,0.002,0.69,0.03,,,earthquake,depth free,high manual,13.132607352081637,-281.0294431759239,12.835787888521446,,False,13.00917441674268
2017-03-10 07:46:33.100000,35.097500000000004,132.6755,9.12,1.6,V,0.0018333333333333,0.0021666666666666,0.72,0.03,,,earthquake,depth free,high manual,13.207283204202913,-281.07639394245234,12.7268758325278,,False,12.95064426119371
2017-03-10 08:00:18.690000,35.10033333333333,132.677,9.47,0.5,v,0.0023333333333333,0.0025,0.84,0.04,,,earthquake,depth free,middle auto,13.519765798492283,-280.91815433812354,13.069441489800203,,False,12.72597464019884
2017-03-10 09:34:39.500000,35.096833333333336,132.6748333333333,9.89,0.7,V,0.0023333333333333,0.0028333333333333,0.89,0.04,,,earthquake,depth free,middle auto,13.140336122594803,-281.11202285529754,13.499077341745664,,False,12.811060907623459
2017-03-15 15:29:19.570000,35.0625,132.487,11.92,1.0,v,0.0058333333333333,0.0053333333333333,0.91,0.11,,,earthquake,depth free,middle auto,9.896741157167073,-298.20250677818456,16.179564273688037,,False,16.30141379730926
2017-03-15 15:49:53.400000,35.0625,132.488,12.43,1.1,V,0.003,0.0031666666666666,0.53,0.05,,,earthquake,depth free,middle auto,9.897384853316966,-298.09241028450106,16.685756545008562,,False,16.251968840529038
2017-03-16 00:00:53.700000,35.10316666666667,132.66983333333332,9.89,1.0,V,0.0021666666666666,0.002,0.64,0.03,,,earthquake,depth free,middle auto,13.85737203086669,-281.5437889874344,13.509589428514822,,False,11.993587980627378
2017-03-16 22:10:24.930000,35.1075,132.56799999999998,12.02,1.0,V,0.0026666666666666,0.0033333333333333,0.59,0.05,,,earthquake,depth free,middle auto,14.647270382990037,-290.68869481488656,15.966057926145966,,False,8.73090024649281
2017-03-21 00:02:09.880000,35.099000000000004,132.6695,9.63,0.7,V,0.0016666666666666,0.0016666666666666,0.55,0.02,,,earthquake,depth free,middle auto,13.394243843748184,-281.5976437478873,13.254384216699846,,False,12.377960701792752
2017-03-24 19:22:52.600000,35.101333333333336,132.67133333333334,6.97,0.5,V,0.0028333333333333,0.0034999999999999,1.32,0.04,,,earthquake,depth free,middle auto,13.630401328272589,-281.5172149485565,10.588254560558523,,False,13.088907994402252
2017-03-24 21:53:40.730000,35.09883333333334,132.67033333333333,7.68,0.6,V,0.0021666666666666,0.0023333333333333,0.93,0.03,,,earthquake,depth free,middle auto,13.36042778208786,-281.591540222043,11.3031298227919,,False,12.973337439186475
2017-03-31 12:41:24.960000,35.11866666666667,132.72266666666667,9.44,1.1,V,0.0015,0.0018333333333333,0.58,0.02,,,earthquake,depth free,middle auto,15.42504387284704,-276.7130418531529,12.880145079057844,,False,14.604095753009775
2017-03-31 20:09:47.550000,35.118833333333335,132.721,9.57,1.2,V,0.0015,0.0018333333333333,0.56,0.02,,,earthquake,depth free,middle auto,15.449035694860136,-276.8591765398829,13.015134221539345,,False,14.443349056682408
2017-04-05 00:31:45.700000,35.077333333333335,132.6185,8.61,1.1,V,0.0013333333333333,0.0018333333333333,0.49,0.02,,,earthquake,depth free,middle auto,11.129569013513244,-286.33812930859807,12.418645383752256,,False,12.756277032720224
2017-04-06 20:24:15.110000,35.03883333333333,132.6655,9.12,0.7,V,0.0016666666666666,0.002,0.72,0.03,,,earthquake,depth free,middle auto,6.725112112851937,-282.18700597780366,12.812701913282211,,False,17.955170595789383
2017-04-09 12:48:47,35.1015,132.66683333333333,9.17,1.0,V,0.0018333333333333,0.002,0.67,0.03,,,earthquake,depth free,middle auto,13.676250610753735,-281.8472334736173,12.80105660272932,,False,12.12235357087224
2017-04-11 11:49:10.610000,35.120666666666665,132.76916666666668,13.29,0.6,V,0.0025,0.0018333333333333,0.62,0.04,,,earthquake,depth free,middle auto,15.5418347928084,-272.35708598300323,16.582413801155102,,False,18.05508389652272
2017-04-14 07:56:22.390000,35.09216666666667,132.67166666666665,10.05,1.0,V,0.0018333333333333,0.0021666666666666,0.67,0.03,,,earthquake,depth free,middle auto,12.632606611159442,-281.40983344124396,13.673115015233543,,False,13.010859493909278
2017-04-16 03:35:31.760000,35.09816666666667,132.66683333333333,8.71,0.6,V,0.0016666666666666,0.002,0.68,0.03,,,earthquake,depth free,middle auto,13.303267636518292,-281.8750630140022,12.344213989511386,,False,12.524706012529984
2017-04-22 10:31:17.770000,35.16766666666666,132.52300000000002,14.4,0.6,V,0.005,0.006,0.91,0.09,,,earthquake,depth free,middle auto,21.4674232245768,-294.462333878332,18.44757783981013,,False,6.485119585056582
2017-04-26 10:11:23.370000,35.165166666666664,132.6738333333333,9.74,0.6,V,0.0034999999999999,0.003,0.85,0.06,,,earthquake,depth free,middle auto,20.72501244833244,-280.9717877257846,13.297900799145983,,False,8.541079097600727
2017-04-29 04:03:28.880000,35.101,132.6705,10.22,0.6,V,0.0025,0.0025,0.83,0.04,,,earthquake,depth free,middle auto,13.617223374396348,-281.4791337463359,13.839097225364505,,False,12.157195068679888
2017-04-30 10:41:18.310000,35.07366666666667,132.48116666666667,8.01,0.6,V,0.0031666666666666,0.0034999999999999,0.56,0.06,,,earthquake,depth free,middle auto,11.125692976980632,-298.8396550799098,12.282164606969438,,False,16.142927493647377
2017-05-01 03:10:05.590000,35.080333333333336,132.41783333333333,10.21,1.0,V,0.0025,0.0026666666666666,0.45,0.05,,,earthquake,depth free,middle auto,12.074348799337168,-304.4778367545223,14.694594748198565,,False,19.305554222872303
2017-05-01 22:42:48.940000,35.13433333333333,132.65316666666666,11.76,0.5,v,0.0053333333333333,0.0045,1.2,0.09,,,earthquake,depth free,middle auto,17.374698233813298,-282.8809424414098,15.406133085994773,,False,8.23123807751302
2017-05-04 00:04:43.390000,35.23016666666667,132.77066666666667,9.72,0.5,V,0.0015,0.0018333333333333,0.4,0.03,,,earthquake,depth free,middle auto,27.66667717222071,-271.97502412435085,12.932506144654148,,False,17.601781805697634
2017-05-06 10:49:55.580000,35.06283333333333,132.67416666666665,13.75,0.7,V,0.0018333333333333,0.0023333333333333,0.62,0.04,,,earthquake,depth free,middle auto,9.397478226403951,-281.1536177328934,17.38915540625341,,False,15.763210142065443
2017-05-07 23:58:22.650000,35.10216666666667,132.5155,9.92,1.3,V,0.0016666666666666,0.002,0.34,0.03,,,earthquake,depth free,middle auto,14.19794828422711,-295.5478108338428,14.048268929325568,,False,11.422567263149453
2017-05-10 05:18:41.380000,35.22016666666667,132.686,7.93,3.2,V,0.0018333333333333,0.0021666666666666,0.49,0.03,,,earthquake,depth free,high manual,26.785549490543552,-279.7425411118079,11.413155382111606,,False,10.694601468927779
2017-05-10 05:19:54.350000,35.22466666666667,132.689,6.55,0.7,v,0.001,0.0008333333333333,0.12,0.01,,,earthquake,depth free,middle manual,27.27041106078747,-279.5034667022527,10.021733347762618,,False,11.707070220118961
2017-05-10 05:25:31.310000,35.221833333333336,132.68633333333332,7.5,0.6,V,0.0021666666666666,0.0028333333333333,0.65,0.03,,,earthquake,depth free,middle auto,26.967671776899355,-279.72165487688653,10.981331281717871,,False,10.964261521062035
2017-05-10 05:26:26.780000,35.223,132.689,7.74,0.7,V,0.0023333333333333,0.0026666666666666,0.59,0.04,,,earthquake,depth free,middle auto,27.090699766539,-279.46754398943017,11.212019753179204,,False,11.1159327113891
2017-05-10 05:43:20.420000,35.22,132.6865,7.89,2.1,V,0.002,0.0023333333333333,0.54,0.03,,,earthquake,depth free,high manual,26.76545046534233,-279.6992048086978,11.371701226995224,,False,10.741829173732462
2017-05-10 06:36:27.630000,35.2215,132.6865,7.91,0.7,V,0.0018333333333333,0.002,0.5,0.03,,,earthquake,depth free,middle auto,26.932043345432746,-279.6933279108996,11.390754467921528,,False,10.795837238310742
2017-05-10 10:01:15.460000,35.221000000000004,132.68783333333334,8.0,1.3,V,0.0016666666666666,0.002,0.46,0.03,,,earthquake,depth free,middle auto,26.873169766203695,-279.5710646537728,11.476789047399055,,False,10.842152443546501
2017-05-10 10:03:20.640000,35.21933333333334,132.68800000000002,7.51,1.7,V,0.0018333333333333,0.0021666666666666,0.49,0.03,,,earthquake,depth free,high manual,26.68547130710776,-279.57887480045576,10.98760738427852,,False,10.984917021719443
2017-05-15 00:57:08.730000,35.10166666666667,132.76216666666667,7.68,0.8,V,0.0016666666666666,0.0018333333333333,0.72,0.02,,,earthquake,depth free,middle auto,13.41671841144912,-273.24648198814083,11.013043572634336,,False,18.93582964006345
2017-05-20 16:08:22.480000,35.12983333333333,132.52833333333334,8.47,0.8,V,0.0065,0.0055,0.95,0.11,,,earthquake,depth free,middle auto,17.22072155594373,-294.3376590343448,12.532893729629688,,False,8.859069755653364
2017-05-25 09:06:07.730000,35.05833333333333,132.48766666666666,9.38,0.7,V,0.0021666666666666,0.0023333333333333,0.42,0.04,,,earthquake,depth free,middle auto,9.414109854252471,-298.25373072609216,13.64309943592922,,False,16.882889014991466
2017-05-25 09:55:27.850000,35.101333333333336,132.66799999999998,9.67,0.8,V,0.003,0.0034999999999999,1.16,0.05,,,earthquake,depth free,middle auto,13.657718639943798,-281.7242554624871,13.29714800625132,,False,12.088219776848453
2017-05-26 10:40:54.500000,35.07166666666667,132.4965,13.59,0.7,V,0.0023333333333333,0.0023333333333333,0.39,0.04,,,earthquake,depth free,middle auto,10.896608378644354,-297.243909577817,17.80732174465964,,False,15.04471220517409
2017-05-28 06:27:04,35.05033333333333,132.4725,9.2,0.8,V,0.0023333333333333,0.0021666666666666,0.42,0.04,,,earthquake,depth free,middle auto,8.57100267691362,-299.66671035389595,13.52300562264062,,False,18.39630339532647
2017-05-29 03:59:17.680000,35.119,132.71466666666666,14.73,0.6,V,0.0034999999999999,0.0028333333333333,0.88,0.07,,,earthquake,depth free,middle auto,15.517857028402236,-277.2540712107865,18.191601789729948,,False,13.953761019611392
2017-06-02 09:03:14.500000,35.142833333333336,132.67166666666665,13.7,0.6,v,0.0153333333333333,0.0136666666666666,3.82,0.33,,,earthquake,depth free,middle auto,18.27613751704235,-281.1057104138554,17.279070129614137,,False,9.136516410336764
2017-06-03 18:35:52.720000,35.08583333333333,132.69266666666667,9.91,0.5,V,0.0023333333333333,0.0025,0.91,0.04,,,earthquake,depth free,middle auto,11.869187262353744,-279.53095982754417,13.472075626756071,,False,14.760640202721634
2017-06-06 03:23:50.380000,35.099000000000004,132.673,8.57,0.9,V,0.0016666666666666,0.0018333333333333,0.64,0.02,,,earthquake,depth free,middle auto,13.377226368939027,-281.31749606979145,12.183905232796995,,False,12.82736615128581
2017-06-06 06:18:21.350000,35.09866666666667,132.67216666666667,8.58,0.6,V,0.0023333333333333,0.0026666666666666,0.94,0.04,,,earthquake,depth free,middle auto,13.342673138222292,-281.3939221727755,12.196842234698162,,False,12.8060684934591
2017-06-08 19:37:20.440000,35.1235,132.72016666666667,9.72,0.5,v,0.0041666666666666,0.0023333333333333,1.08,0.07,,,earthquake,depth free,middle auto,15.970181263466806,-276.9136901671587,13.163845971322576,,False,14.096464208454302
2017-06-10 13:13:11.250000,35.174166666666665,132.74483333333333,8.81,2.1,V,0.0018333333333333,0.002,0.56,0.03,,,earthquake,depth free,high manual,21.518900006092288,-274.5360372405234,12.139198270489905,,False,14.776469682850431
2017-06-10 16:31:19.170000,35.17366666666666,132.74566666666666,9.79,1.3,V,0.002,0.0021666666666666,0.54,0.03,,,earthquake,depth free,middle auto,21.4663459127535,-274.42861748190023,13.116388825152734,,False,14.665427282088242
2017-06-11 15:34:39.200000,35.095333333333336,132.69366666666667,10.51,0.5,V,0.0033333333333333,0.0028333333333333,1.06,0.06,,,earthquake,depth free,middle auto,12.924551692964489,-279.3865888410346,14.060225316999745,,False,13.974002210450838
2017-06-15 13:16:26.160000,35.11,132.76766666666668,6.07,1.4,V,0.0015,0.0016666666666666,0.75,0.02,,,earthquake,depth free,middle auto,14.316116724774965,-272.7739876667441,9.380103191067796,,False,19.378083403413978
2017-06-16 09:17:01.320000,35.10816666666667,132.6695,11.97,0.5,V,0.0041666666666666,0.0031666666666666,1.0,0.07,,,earthquake,depth free,middle auto,14.426615455125113,-281.48318531983244,15.585078170662024,,False,11.341017174108496
2017-06-16 10:28:45.720000,35.09766666666667,132.65433333333334,11.92,0.5,v,0.0125,0.0108333333333333,3.68,0.28,,,earthquake,depth free,middle auto,13.304907383991123,-282.89696786477964,15.592589026463608,,False,11.445121201664733
2017-06-18 11:34:54.600000,35.062,132.58866666666668,8.79,0.8,V,0.0015,0.0015,0.4,0.02,,,earthquake,depth free,middle auto,9.51610786213596,-289.0939508803871,12.710415314055446,,False,14.022312852111916
2017-06-18 20:13:03.320000,35.08866666666667,132.6965,8.2,0.6,V,0.0016666666666666,0.0018333333333333,0.78,0.03,,,earthquake,depth free,middle auto,12.161062773564732,-279.23319236769345,11.748553904190237,,False,15.114987317782692
2017-06-20 14:21:03.340000,35.21633333333334,132.73033333333333,9.62,0.6,V,0.003,0.0036666666666666,0.75,0.06,,,earthquake,depth free,middle auto,26.24303693548095,-275.67951572606154,12.965411506744434,,False,13.728697830214296
2017-06-27 00:16:38.200000,35.14366666666667,132.79116666666667,12.41,0.7,V,0.0016666666666666,0.0016666666666666,0.46,0.03,,,earthquake,depth free,middle auto,18.027073885366583,-270.31547420391564,15.617736796441536,,False,19.10559849474041
2017-06-27 19:59:50.250000,35.163666666666664,132.56666666666666,12.03,0.8,V,0.0026666666666666,0.0028333333333333,0.49,0.04,,,earthquake,depth free,middle auto,20.881523402948957,-290.60839106444513,15.935991581000698,,False,2.955329463067924
2017-06-29 15:16:43.110000,35.22,132.68800000000002,7.57,1.3,V,0.0016666666666666,0.0021666666666666,0.5,0.03,,,earthquake,depth free,middle auto,26.759748892606087,-279.57447347502114,11.047153323287812,,False,10.985954197486432
2017-06-30 07:04:00.370000,35.17616666666667,132.65733333333333,7.6,0.7,V,0.0025,0.0025,0.71,0.04,,,earthquake,depth free,middle auto,21.981468866355712,-282.5053886816294,11.204054820429342,,False,7.90772801426293
2017-06-30 20:12:06.510000,35.209500000000006,132.44616666666667,13.1,0.6,v,0.005,0.005,0.8,0.09,,,earthquake,depth free,middle auto,26.331872611150768,-301.31646306177413,17.38264466042047,,False,13.07200995195682
2017-07-12 07:53:56.290000,35.15566666666667,132.68633333333332,8.81,1.0,V,0.0028333333333333,0.0026666666666666,0.81,0.05,,,earthquake,depth free,middle manual,19.63002502026712,-279.9038784513848,12.3358196430491,,False,10.158126235213487
2017-07-12 10:31:39.390000,35.153666666666666,132.686,8.91,1.3,V,0.0018333333333333,0.0023333333333333,0.61,0.03,,,earthquake,depth free,middle auto,19.40956924819979,-279.93748977483966,12.438314116628948,,False,10.171856238051907
2017-07-12 11:49:41.210000,35.153666666666666,132.68316666666666,8.21,0.7,V,0.0028333333333333,0.0031666666666666,0.97,0.04,,,earthquake,depth free,middle auto,19.413631280260855,-280.2190334877979,11.747741064446132,,False,10.193386891656008
2017-07-17 01:44:31.320000,35.096333333333334,132.6705,9.84,0.9,V,0.0015,0.0016666666666666,0.55,0.02,,,earthquake,depth free,middle auto,13.096874327089386,-281.50870766019744,13.463354858570035,,False,12.621233724412033
2017-07-20 13:14:25.890000,35.100500000000004,132.67066666666665,8.72,1.1,V,0.002,0.0023333333333333,0.79,0.03,,,earthquake,depth free,middle auto,13.551355423332035,-281.51875967133924,12.339963374038314,,False,12.533013472913595
2017-07-25 12:45:09.390000,35.093,132.71783333333337,8.01,0.8,V,0.0018333333333333,0.002,0.81,0.03,,,earthquake,depth free,middle auto,12.58059277808497,-277.288561867285,11.487808877541251,,False,16.19711384832795
2017-07-25 16:13:09.670000,35.050999999999995,132.49983333333333,9.13,0.5,V,0.0086666666666666,0.0086666666666666,1.53,0.16,,,earthquake,depth free,middle auto,8.561791055552405,-297.1855270231398,13.3586527453149,,False,17.068735858269147
2017-07-25 16:49:15.570000,35.074000000000005,132.46099999999998,11.28,0.5,V,0.0026666666666666,0.0025,0.4,0.05,,,earthquake,depth free,middle auto,11.246764592581558,-300.5436013403124,15.618939727533778,,False,16.78451407001384
2017-08-03 02:03:45.280000,35.15083333333333,132.64983333333333,9.13,0.5,V,0.0038333333333333,0.0026666666666666,0.84,0.06,,,earthquake,depth free,middle auto,19.199595482469892,-283.21934222457537,12.775761897371249,,False,7.480904998325046
2017-08-03 18:51:45.720000,35.12133333333333,132.75066666666666,10.24,0.9,V,0.0015,0.0016666666666666,0.51,0.02,,,earthquake,depth free,middle auto,15.647836871366584,-274.13646787377763,13.590559602638349,,False,16.56870725979926
2017-08-04 12:31:09.650000,35.171166666666664,132.66983333333332,7.01,3.2,V,0.002,0.0023333333333333,0.73,0.03,,,earthquake,depth free,high manual,21.387546660082087,-281.4100663845187,10.578037263999162,,False,9.242540755430538
2017-08-04 12:36:11.550000,35.17616666666667,132.66683333333333,7.61,0.5,V,0.0036666666666666,0.0028333333333333,0.81,0.05,,,earthquake,depth free,middle auto,21.954360454786023,-281.64358323990723,11.183654506301425,,False,8.616308263222782
2017-08-04 13:09:42.900000,35.175,132.66716666666665,8.04,1.0,V,0.002,0.0023333333333333,0.65,0.03,,,earthquake,depth free,middle auto,21.826184531617237,-281.60220179322357,11.613144930067085,,False,8.440248218957825
2017-08-04 13:19:29.430000,35.17183333333333,132.66766666666666,7.4,0.7,V,0.0031666666666666,0.0034999999999999,1.06,0.04,,,earthquake,depth free,middle auto,21.46983123652756,-281.590470672192,10.974222928855362,,False,8.856262918927177
2017-08-04 13:22:53.600000,35.17133333333333,132.6685,7.61,1.1,V,0.0018333333333333,0.002,0.56,0.03,,,earthquake,depth free,middle auto,21.413076516498027,-281.5092108686924,11.18178824395678,,False,8.81862040649876
2017-08-04 13:43:24.720000,35.180166666666665,132.665,8.37,0.8,V,0.0026666666666666,0.0023333333333333,0.62,0.04,,,earthquake,depth free,middle auto,22.407582334347847,-281.7690507755881,11.946199897082902,,False,8.056406913513037
2017-08-04 13:55:14.210000,35.177499999999995,132.66383333333334,5.91,0.5,V,0.0033333333333333,0.003,0.82,0.04,,,earthquake,depth free,middle auto,22.10199025352205,-281.9711711931611,9.493384003744431,,False,9.40037928151838
2017-08-04 15:56:06.880000,35.18733333333333,132.66416666666666,9.4,0.5,V,0.0058333333333333,0.0036666666666666,0.98,0.1,,,earthquake,depth free,middle auto,23.210651377841018,-281.78326429986953,12.973221054020737,,False,7.548346698871128
2017-08-06 21:57:48.430000,35.096000000000004,132.546,13.1,1.4,V,0.0016666666666666,0.0021666666666666,0.34,0.03,,,earthquake,depth free,middle auto,13.44384452572901,-292.6850217328165,17.12853677064076,,False,10.55373248172158
2017-08-07 03:02:17.600000,35.100833333333334,132.66733333333332,9.6,0.9,V,0.0016666666666666,0.0018333333333333,0.59,0.02,,,earthquake,depth free,middle auto,13.603675894912042,-281.78895327490017,13.229750341857232,,False,12.108521951177401
2017-08-07 06:35:39.230000,35.10116666666667,132.66683333333333,9.67,0.6,V,0.002,0.002,0.67,0.04,,,earthquake,depth free,middle auto,13.642555689861249,-281.8306883328603,13.301017264651245,,False,12.038079966626691
2017-08-07 11:24:37.280000,35.026833333333336,132.67683333333332,14.15,0.6,V,0.0023333333333333,0.002,0.7,0.05,,,earthquake,depth free,middle auto,5.40074193293628,-281.02164403634924,17.815076025697476,,False,19.437652275414607
2017-08-07 21:03:27.420000,35.17666666666666,132.66633333333334,6.05,0.6,V,0.0028333333333333,0.0028333333333333,0.94,0.04,,,earthquake,depth free,middle auto,22.0030571756954,-281.7423577705203,9.625894113753626,,False,9.488398105206391
2017-08-11 10:11:23.570000,35.06583333333333,132.5,9.03,0.8,v,0.0048333333333333,0.0034999999999999,0.64,0.08,,,earthquake,depth free,middle auto,10.206655422821234,-297.12009094502287,13.24414591085933,,False,15.670058375793996
2017-08-11 11:53:13.350000,35.174,132.67883333333333,6.37,1.0,V,0.002,0.0021666666666666,0.73,0.03,,,earthquake,depth free,middle auto,21.673047768797023,-280.6065479359256,9.90775589870148,,False,10.224690364097183
2017-08-13 10:53:23.680000,35.184999999999995,132.66833333333332,9.33,0.5,V,0.006,0.0041666666666666,1.03,0.09,,,earthquake,depth free,middle auto,22.93945952168458,-281.4161564469725,12.891573866629052,,False,7.920812143749181
2017-08-13 20:10:22.140000,35.08533333333334,132.64716666666666,11.09,0.5,V,0.0036666666666666,0.0036666666666666,1.08,0.07,,,earthquake,depth free,middle auto,11.951660681171855,-283.6195968970222,14.796959083525104,,False,12.361002231194155
2017-08-14 17:30:09.920000,35.08983333333334,132.55816666666666,11.99,0.9,V,0.0016666666666666,0.002,0.35,0.03,,,earthquake,depth free,middle auto,12.7164253725916,-291.6448364053674,15.984060618894718,,False,10.839122288090323
2017-08-14 20:44:13.210000,35.17066666666666,132.67016666666666,7.2,1.0,V,0.002,0.0023333333333333,0.66,0.03,,,earthquake,depth free,middle auto,21.332110851353008,-281.374858414879,10.767212837993137,,False,9.172821899368731
2017-08-15 01:13:20.460000,35.171499999999995,132.66966666666664,7.08,0.9,V,0.002,0.0021666666666666,0.64,0.03,,,earthquake,depth free,middle auto,21.42540332197696,-281.4215540726799,10.648284463534964,,False,9.18553876989222
2017-08-15 08:30:05.790000,35.1705,132.63216666666668,9.36,0.5,v,0.0095,0.0073333333333333,2.13,0.21,,,earthquake,depth free,middle auto,21.43424894665093,-284.74422110001206,13.048039218083025,,False,5.2143745542462305
2017-08-16 05:40:02.980000,35.16,132.66583333333335,7.21,0.5,V,0.003,0.0031666666666666,0.97,0.04,,,earthquake,depth free,middle auto,20.160399204114967,-281.8045162582399,10.798837255914338,,False,9.128410801996433
2017-08-16 06:47:25,35.11233333333333,132.66150000000002,11.13,0.5,V,0.003,0.0026666666666666,0.8,0.05,,,earthquake,depth free,middle auto,14.90629470170736,-282.2240697356586,14.767698507302692,,False,10.563089421115189
2017-08-16 10:10:26.560000,35.1025,132.667,9.56,1.4,V,0.0016666666666666,0.0018333333333333,0.58,0.02,,,earthquake,depth free,middle auto,13.789315169215763,-281.81484205712945,13.1894177758142,,False,11.956954377106527
2017-08-17 10:37:47.500000,35.17983333333333,132.665,7.5,0.5,V,0.0036666666666666,0.0034999999999999,0.77,0.06,,,earthquake,depth free,middle auto,22.366041675261787,-281.80099082910664,11.07699071683434,,False,8.500028805334981
2017-08-19 15:52:03.400000,35.0915,132.55783333333335,11.72,0.7,V,0.003,0.0025,0.49,0.05,,,earthquake,depth free,middle auto,12.900471765686977,-291.6790793964452,15.713897090288372,,False,10.674160061079165
2017-08-23 23:40:15.740000,35.17166666666667,132.67733333333334,6.53,0.6,V,0.0025,0.003,0.99,0.04,,,earthquake,depth free,middle auto,21.419110099599887,-280.74503400324755,10.074094652283987,,False,10.057281345152921
2017-08-27 12:15:24.770000,35.11833333333333,132.75233333333333,10.6,2.0,V,0.002,0.0023333333333333,0.76,0.03,,,earthquake,depth free,high manual,15.312601391729892,-273.9830918027728,13.947647057408554,,False,16.81076053842655
2017-08-28 06:29:06.490000,35.1545,132.6808333333333,8.66,0.5,V,0.0025,0.0025,0.72,0.04,,,earthquake,depth free,middle auto,19.515309129185937,-280.41195621646096,12.204235248244272,,False,9.812270647584132
2017-08-30 09:54:27.410000,35.155833333333334,132.61866666666668,9.56,0.5,V,0.004,0.0036666666666666,0.87,0.07,,,earthquake,depth free,middle auto,19.846809592820755,-286.01253597922465,13.302533870681309,,False,5.027988343164361
2017-08-31 18:25:02.620000,35.0825,132.62683333333334,7.24,0.6,V,0.0016666666666666,0.0018333333333333,0.6,0.02,,,earthquake,depth free,middle auto,11.669384959647704,-285.6128704725685,11.017812866839192,,False,12.879443922286372
2017-09-02 17:55:12.830000,35.166999999999994,132.57716666666667,12.75,0.6,v,0.0071666666666666,0.0069999999999999,1.13,0.1,,,earthquake,depth free,middle auto,21.2242926549841,-289.6185785470012,16.61825651298869,,False,2.2295782894787846
2017-09-04 22:41:52.440000,35.249,132.702,10.29,1.4,V,0.0018333333333333,0.0021666666666666,0.44,0.03,,,earthquake,depth free,middle auto,29.95036827530256,-278.11130922000666,13.704034907521278,,False,12.79712102743396
2017-09-05 14:38:48.980000,35.10316666666667,132.72916666666666,8.08,1.3,V,0.0015,0.002,0.72,0.02,,,earthquake,depth free,middle auto,13.677759468661192,-276.2229017899888,11.513638101841424,,False,16.29772638083633
2017-09-08 15:28:16.200000,35.12733333333333,132.74883333333332,10.88,1.0,V,0.002,0.0023333333333333,0.71,0.05,,,earthquake,depth free,middle manual,16.322656196647415,-274.2606297892854,14.230991018923367,,False,16.081824438983933
2017-09-09 23:42:28.850000,35.172333333333334,132.7458333333333,8.7,1.0,V,0.0016666666666666,0.0018333333333333,0.5,0.02,,,earthquake,depth free,middle auto,21.31204824245671,-274.4553306958673,12.027478955730562,,False,14.907159105588512
2017-09-14 18:25:19.620000,35.11116666666667,132.57483333333332,10.61,1.4,V,0.0018333333333333,0.0023333333333333,0.44,0.03,,,earthquake,depth free,middle auto,15.02489051374925,-290.1076924186489,14.531283538249165,,False,8.367837984833628
2017-09-18 03:00:07.620000,35.11716666666667,132.56866666666667,10.81,0.5,v,0.0028333333333333,0.003,0.56,0.05,,,earthquake,depth free,middle auto,15.709988282876775,-290.63822422742794,14.746596082990608,,False,7.780948296673538
2017-09-18 09:18:19.380000,35.056999999999995,132.67183333333332,10.21,0.8,V,0.0016666666666666,0.0018333333333333,0.66,0.03,,,earthquake,depth free,middle auto,8.731145718251074,-281.5105812934865,13.86434876722224,,False,16.25710107119104
2017-09-21 02:05:23.260000,35.10016666666667,132.66683333333333,9.23,0.6,V,0.0018333333333333,0.0021666666666666,0.71,0.03,,,earthquake,depth free,middle auto,13.52867730706466,-281.84972760269295,12.86215865476242,,False,12.22105842055011
2017-09-22 22:35:58.510000,35.31516666666666,132.67666666666665,12.73,0.5,V,0.002,0.0021666666666666,0.42,0.04,,,earthquake,depth free,middle auto,37.37092401823749,-280.09055865745955,16.189209856736614,,False,16.63240828183639
2017-09-23 11:29:34.490000,35.17316666666667,132.66716666666665,7.13,0.7,V,0.0023333333333333,0.0025,0.79,0.03,,,earthquake,depth free,middle auto,21.61782917596196,-281.6407347723345,10.705035803343987,,False,8.944106643698928
2017-09-25 17:43:20.170000,35.06466666666666,132.48283333333333,7.82,0.8,V,0.002,0.0023333333333333,0.36,0.04,,,earthquake,depth free,middle auto,10.120371551720604,-298.72859470459395,12.094903527852434,,False,16.880800768846964
2017-09-26 09:02:48.900000,35.06366666666666,132.48533333333333,7.5,0.8,V,0.0034999999999999,0.0033333333333333,0.63,0.06,,,earthquake,depth free,middle auto,9.99951776879132,-298.51745519827125,11.767494145898198,,False,16.928611459462015
2017-09-26 17:28:30.470000,35.11033333333334,132.5755,10.54,1.2,V,0.002,0.0025,0.46,0.03,,,earthquake,depth free,middle auto,14.930025252696078,-290.0527641027351,14.4598238228684,,False,8.463490056004298
2017-09-27 15:08:00.500000,35.11516666666667,132.72316666666666,8.08,1.0,V,0.0016666666666666,0.002,0.72,0.02,,,earthquake,depth free,middle auto,15.026557816194966,-276.7266276614903,11.522303628844258,,False,15.148085236906855
2017-09-30 03:43:54.200000,35.062,132.60899999999998,9.66,0.7,V,0.0026666666666666,0.0025,0.81,0.05,,,earthquake,depth free,middle auto,9.463028463028666,-287.2164642032067,13.51302905935939,,False,13.986557164360416
2017-09-30 05:01:39.900000,35.088166666666666,132.4965,10.86,0.7,V,0.0018333333333333,0.0023333333333333,0.32,0.03,,,earthquake,depth free,middle auto,12.707950668135684,-297.28699207346824,15.064447216352578,,False,13.53961516080692
2017-10-13 09:19:46.710000,35.0925,132.673,8.6,0.8,V,0.0031666666666666,0.0034999999999999,1.27,0.05,,,earthquake,depth free,middle auto,12.65600578130054,-281.33890518024816,12.219511020990426,,False,13.363324597081366
2017-10-18 07:09:51.330000,35.2495,132.702,10.42,0.9,V,0.0021666666666666,0.0023333333333333,0.49,0.04,,,earthquake,depth free,middle auto,30.00637168377429,-278.1050659707434,13.833671623409096,,False,12.81001789793027
2017-10-21 01:27:43.410000,35.1,132.66666666666666,8.76,0.7,V,0.0018333333333333,0.002,0.67,0.03,,,earthquake,depth free,middle auto,13.50754807650707,-281.88206749224895,12.393139018931,,False,12.34662604108518
2017-10-22 06:49:02.140000,35.08233333333334,132.4933333333333,11.02,1.5,V,0.0013333333333333,0.0018333333333333,0.27,0.02,,,earthquake,depth free,middle auto,12.071431924546095,-297.58952214483236,15.24035550773867,,False,14.213276145253623
2017-10-23 06:34:54.380000,35.16016666666667,132.68833333333333,6.4,0.6,v,0.0046666666666666,0.0048333333333333,1.25,0.06,,,earthquake,depth free,middle auto,20.110349388143376,-279.7915048728686,9.917655089254676,,False,11.197202711023698
2017-10-25 12:33:55.470000,35.2495,132.70183333333333,10.04,0.9,V,0.002,0.0021666666666666,0.44,0.03,,,earthquake,depth free,middle auto,30.005312644357694,-278.13339098119593,13.454429101927197,,False,12.854347774174226
2017-10-25 18:01:00.340000,35.181666666666665,132.66633333333334,7.04,0.5,V,0.0046666666666666,0.0046666666666666,1.34,0.08,,,earthquake,depth free,middle auto,22.56336023620431,-281.6899926555073,10.61173963523909,,False,8.847708058618823
2017-10-26 00:12:51.200000,35.2485,132.702,10.3,1.1,V,0.0015,0.0018333333333333,0.37,0.02,,,earthquake,depth free,middle auto,29.89492830224723,-278.1126779544388,13.714312655776316,,False,12.764813748573612
2017-10-26 16:07:54.910000,35.08866666666667,132.55800000000002,12.39,1.6,V,0.0016666666666666,0.0023333333333333,0.42,0.03,,,earthquake,depth free,middle auto,12.590211692154751,-291.64934977456863,16.38536309557629,,False,10.970321339872944
2017-10-28 07:30:13.390000,35.214000000000006,132.784,8.3,0.7,V,0.0025,0.0026666666666666,0.69,0.04,,,earthquake,depth free,middle auto,25.82929357226321,-270.8688826828131,11.482653571416671,,False,18.594072264493068
2017-10-29 08:31:43.720000,35.25033333333333,132.70149999999998,10.67,1.2,V,0.0016666666666666,0.0018333333333333,0.42,0.03,,,earthquake,depth free,middle auto,30.101248629225655,-278.1387778736723,14.084618703068095,,False,12.794142882338544
2017-10-29 09:12:35.870000,35.10816666666667,132.665,11.46,0.5,v,0.002,0.0021666666666666,0.61,0.04,,,earthquake,depth free,middle auto,14.4361610086144,-281.9093688380642,15.089778205420693,,False,11.094094344616781
2017-10-29 09:58:19.950000,35.108333333333334,132.6695,11.62,0.5,v,0.0038333333333333,0.0034999999999999,1.07,0.07,,,earthquake,depth free,middle auto,14.44283862292359,-281.49498381946427,15.235164200086135,,False,11.337828685018218
2017-11-01 14:13:25.500000,35.25266666666667,132.56683333333334,12.91,1.2,V,0.0023333333333333,0.0026666666666666,0.58,0.04,,,earthquake,depth free,middle auto,30.756818160739712,-290.2422520191393,16.75684721401077,,False,7.796782832066227
2017-11-02 07:21:50.800000,35.25366666666667,132.56650000000002,13.05,1.2,V,0.0021666666666666,0.0023333333333333,0.48,0.04,,,earthquake,depth free,middle auto,30.869253444767363,-290.2636940661307,16.897292673192894,,False,7.926113343580987
2017-11-02 14:41:03.310000,35.2465,132.698,7.26,1.0,V,0.0018333333333333,0.0023333333333333,0.48,0.03,,,earthquake,depth free,middle auto,29.671905028815655,-278.58782954369497,10.689913515843598,,False,13.146465566746894
2017-11-03 18:47:38.120000,35.2495,132.69333333333333,6.68,0.5,V,0.0055,0.0063333333333333,1.32,0.09,,,earthquake,depth free,middle auto,30.01580129408212,-279.0205971933449,10.12327928263013,,False,13.234001222876262
2017-11-05 08:55:59.860000,35.12433333333333,132.5735,12.23,0.6,V,0.0034999999999999,0.0033333333333333,0.61,0.07,,,earthquake,depth free,middle auto,16.4996049567131,-290.12216896945506,16.143696422893402,,False,6.802421076680886
2017-11-07 09:23:48.980000,35.10016666666667,132.66866666666667,9.06,0.7,V,0.0023333333333333,0.0025,0.85,0.04,,,earthquake,depth free,middle auto,13.522317371823386,-281.6893826243391,12.686412695083524,,False,12.362151449818509
2017-11-09 21:35:23.600000,35.208333333333336,132.77516666666668,9.76,0.8,V,0.0018333333333333,0.0016666666666666,0.42,0.03,,,earthquake,depth free,middle auto,25.231563230200525,-271.6391388512365,12.97232617908117,,False,17.461086333362612
2017-11-10 08:36:40.180000,35.0795,132.6885,14.33,0.5,V,0.0031666666666666,0.0031666666666666,0.95,0.07,,,earthquake,depth free,middle auto,11.209084642278135,-279.77570243648904,17.908067833823864,,False,15.047393586842682
2017-11-10 08:42:16.930000,35.0985,132.55200000000002,10.89,1.6,V,0.0015,0.0021666666666666,0.35,0.03,,,earthquake,depth free,middle auto,13.688764295050792,-292.213816353369,14.897861648993318,,False,10.144340651510175
2017-11-18 13:26:03.180000,35.183,132.64683333333332,7.0,0.7,V,0.0026666666666666,0.0026666666666666,0.78,0.04,,,earthquake,depth free,middle auto,22.767025610389663,-283.455032617685,10.63336067326061,,False,7.494008420276496
2017-11-20 08:38:43.310000,35.233333333333334,132.78300000000002,12.97,1.9,V,0.0016666666666666,0.002,0.45,0.03,,,earthquake,depth free,high manual,27.99827289749211,-270.737638755268,16.14114209481815,,False,18.622361776430516
2017-11-23 06:35:43.760000,35.04516666666667,132.58283333333333,10.8,1.2,V,0.0015,0.0016666666666666,0.4,0.03,,,earthquake,depth free,middle auto,7.680186198526885,-289.6097227032857,14.754271786732048,,False,15.544687027276614
2017-11-26 17:23:29.420000,35.143,132.78133333333335,11.39,1.1,V,0.0013333333333333,0.0015,0.42,0.02,,,earthquake,depth free,middle auto,17.97407172832653,-271.2435671551727,14.628724497855297,,False,18.273433559150067
2017-11-29 08:34:00.170000,35.109,132.66466666666668,11.0,0.8,V,0.0023333333333333,0.002,0.64,0.04,,,earthquake,depth free,middle auto,14.526590945093616,-281.95301041929883,14.630441641643705,,False,11.041914636842579
2017-11-30 08:10:39.250000,35.061,132.483,12.64,1.2,V,0.0026666666666666,0.0031666666666666,0.49,0.05,,,earthquake,depth free,middle auto,9.74764532043521,-298.5435323575511,16.91415184260399,,False,16.64832130835184
2017-11-30 10:38:06.980000,35.095,132.56400000000002,9.56,0.7,V,0.0034999999999999,0.0036666666666666,0.65,0.06,,,earthquake,depth free,middle auto,13.256136210856182,-291.186841210001,13.531812752672751,,False,10.483831532711376
2017-12-05 16:49:34.560000,35.08416666666667,132.51683333333335,10.32,1.4,V,0.0018333333333333,0.0023333333333333,0.34,0.03,,,earthquake,depth free,middle auto,12.199422608946731,-295.4771670905641,14.459236133274864,,False,12.957771364692647
2017-12-07 12:55:18.690000,35.10633333333333,132.7348333333333,9.22,1.5,V,0.0016666666666666,0.002,0.69,0.03,,,earthquake,depth free,middle auto,14.020856095792135,-275.65862453268335,12.632626351742902,,False,16.277725796071426
2017-12-07 14:37:28.950000,35.142,132.60816666666665,9.57,0.7,V,0.0036666666666666,0.0036666666666666,0.82,0.06,,,earthquake,depth free,middle auto,18.34228191884944,-287.0130712621522,13.35735776860714,,False,5.726456767989081
2017-12-16 06:38:49.580000,35.097500000000004,132.6735,11.42,0.5,v,0.0053333333333333,0.0043333333333333,1.56,0.12,,,earthquake,depth free,middle auto,13.22830562330521,-281.17668161905897,15.03176215597824,,False,12.498470077652271
2017-12-16 20:01:19.350000,35.178,132.6165,8.06,0.9,v,0.0025,0.0021666666666666,0.53,0.04,,,earthquake,depth free,middle auto,22.305073425644395,-286.1849850371704,11.794411564403443,,False,4.943766260102491
2017-12-18 21:50:47.760000,35.0705,132.70416666666665,11.86,1.0,V,0.003,0.0028333333333333,1.06,0.06,,,earthquake,depth free,middle auto,10.149130795977298,-278.4717593724645,15.39832805720676,,False,16.564441836924953
2017-12-19 11:05:30.630000,35.176833333333335,132.5836666666667,9.69,1.0,v,0.003,0.003,0.64,0.05,,,earthquake,depth free,middle auto,22.279851609686677,-289.10643834738977,13.531787967056705,,False,2.604568338664
2017-12-21 18:38:35.300000,35.096833333333336,132.4993333333333,11.3,0.7,V,0.0065,0.0056666666666666,0.98,0.12,,,earthquake,depth free,middle auto,13.663815497774156,-296.98170968984414,15.486840769445974,,False,12.591845065850542
2017-12-22 17:40:34.360000,35.1235,132.74633333333333,8.56,0.7,v,0.0026666666666666,0.0026666666666666,0.97,0.05,,,earthquake,depth free,middle auto,15.88981798303406,-274.57977136394845,11.923206502922252,,False,16.397596556184293
2017-12-23 08:41:33.980000,35.23683333333334,132.60783333333333,8.8,0.5,v,0.0051666666666666,0.0038333333333333,0.59,0.1,,,earthquake,depth free,low auto,28.863620447724443,-286.73588672310655,12.52385757453649,,False,6.950682583346158
2018-01-02 00:22:43.570000,35.088166666666666,132.6483333333333,8.71,2.0,V,0.0018333333333333,0.0021666666666666,0.7,0.03,,,earthquake,depth free,high manual,12.2464304857119,-283.5887751470639,12.412269564784182,,False,12.561908532669571
2018-01-05 19:58:39.280000,35.058166666666665,132.48316666666668,8.6,0.6,V,0.0034999999999999,0.0034999999999999,0.78,0.07,,,earthquake,depth free,middle auto,9.403564742908832,-298.6924868064976,12.87928161082328,,False,17.262593352433374
2018-01-07 08:45:18.610000,35.103833333333334,132.43783333333334,12.91,2.9,V,0.0016666666666666,0.0023333333333333,0.33,0.03,,,earthquake,depth free,high manual,14.637555708806763,-302.471480879315,17.301718175867997,,False,16.23245417022457
2018-01-07 08:45:38.150000,35.10216666666667,132.44066666666666,12.27,1.9,V,0.0028333333333333,0.0023333333333333,0.36,0.05,,,earthquake,depth free,high manual,14.43989165210488,-302.2455001769577,16.653764217998944,,False,16.10611799973924
2018-01-07 09:04:16.610000,35.1075,132.4283333333333,12.51,0.5,v,0.0081666666666666,0.0083333333333333,1.58,0.19,,,earthquake,depth free,low auto,15.070815411922045,-303.33466263649956,16.93208842725953,,False,16.731164032237828
2018-01-07 12:54:24.460000,35.103,132.43766666666667,12.84,2.5,V,0.0015,0.002,0.3,0.03,,,earthquake,depth free,high manual,14.545194643254964,-302.49239586619024,17.23306975898956,,False,16.293237282706095
2018-01-07 16:57:34.630000,35.10316666666667,132.43733333333333,12.95,2.4,V,0.0011666666666666,0.0016666666666666,0.24,0.02,,,earthquake,depth free,high manual,14.565410631063676,-302.51774535764173,17.344004788070094,,False,16.313090267657827
2018-01-07 16:58:53.470000,35.09766666666667,132.4375,10.98,0.6,v,0.0031666666666666,0.0028333333333333,0.59,0.07,,,earthquake,depth free,middle auto,13.942029223607513,-302.59925964556436,15.379699068168588,,False,16.669400437321542
2018-01-08 01:34:34.570000,35.10866666666667,132.43066666666667,13.0,0.7,V,0.0028333333333333,0.0026666666666666,0.45,0.05,,,earthquake,depth free,middle auto,15.196154466691304,-303.0997651268795,17.412552582407592,,False,16.5009019843924
2018-01-08 03:39:44.170000,35.10266666666667,132.43766666666667,12.97,1.6,V,0.0013333333333333,0.0018333333333333,0.32,0.03,,,earthquake,depth free,middle auto,14.509066336498924,-302.48860806208637,17.36325674179943,,False,16.319874325235617
2018-01-09 20:50:44.230000,35.104,132.43666666666667,13.15,1.5,V,0.0013333333333333,0.0016666666666666,0.3,0.02,,,earthquake,depth free,middle auto,14.661161828297985,-302.5673556473605,17.54546120856187,,False,16.323408064648216
2018-01-09 23:31:49.940000,35.10166666666667,132.4385,12.83,1.4,V,0.0015,0.0018333333333333,0.33,0.03,,,earthquake,depth free,middle auto,14.394701852917732,-302.4221795325032,17.221319527017695,,False,16.31329437936212
2018-01-11 04:14:43.400000,35.10183333333333,132.43883333333335,12.63,1.3,V,0.002,0.0021666666666666,0.39,0.04,,,earthquake,depth free,middle auto,14.410869040028825,-302.39906704123894,17.0201668645616,,False,16.27078954364033
2018-01-11 08:18:32.200000,35.10633333333333,132.66400000000002,9.88,0.9,V,0.0025,0.0021666666666666,0.74,0.04,,,earthquake,depth free,middle auto,14.225356966175587,-282.062413519984,13.51554669677407,,False,11.399092274975674
2018-01-16 04:44:21.820000,35.06333333333333,132.5896666666667,7.71,0.7,V,0.0015,0.002,0.58,0.03,,,earthquake,depth free,middle auto,9.65335509875068,-289.0378805019497,11.626622971897776,,False,14.179871896137211
2018-01-20 14:26:40.200000,35.08983333333334,132.69933333333333,8.24,0.6,v,0.0033333333333333,0.003,1.33,0.05,,,earthquake,depth free,middle auto,12.282814496119006,-278.97061260330304,11.778562544475898,,False,15.185498898883926
2018-01-22 12:56:21.310000,35.094833333333334,132.67399999999998,10.54,0.6,V,0.0021666666666666,0.0025,0.8,0.04,,,earthquake,depth free,middle auto,12.925141134428632,-281.171600406599,14.153042174153253,,False,12.83713362680215
2018-01-22 14:31:46.380000,35.09866666666667,132.43566666666666,11.9,0.8,V,0.003,0.0021666666666666,0.34,0.06,,,earthquake,depth free,middle manual,14.064599445083838,-302.72622314249264,16.3045210583115,,False,16.70205887361976
2018-01-25 08:51:31.210000,35.134,132.74566666666666,8.75,0.8,V,0.003,0.0028333333333333,0.99,0.05,,,earthquake,depth free,middle auto,17.058232675167385,-274.59828012593755,12.10676702797519,,False,15.852594822772259
2018-01-26 17:48:51.970000,35.107,132.66899999999998,8.22,0.6,v,0.004,0.0041666666666666,1.41,0.07,,,earthquake,depth free,middle auto,14.274270877912375,-281.6651885274629,11.840080973275962,,False,12.062090958406182
2018-01-27 06:46:33.890000,35.099833333333336,132.67033333333333,7.58,0.6,v,0.002,0.0025,0.9,0.03,,,earthquake,depth free,middle auto,13.470769421580574,-281.59161483456705,11.202335819392994,,False,12.926927661512526
2018-01-31 15:46:42.130000,35.1195,132.5565,10.18,0.6,V,0.0098333333333333,0.0085,1.72,0.16,,,earthquake,depth free,middle auto,16.00084480160586,-291.75655596702836,14.155605512102955,,False,7.976336214249375
2018-02-01 20:44:48.700000,35.0995,132.66833333333332,8.86,0.8,V,0.002,0.0021666666666666,0.71,0.03,,,earthquake,depth free,middle auto,13.4479577782647,-281.72901417300807,12.488178486720663,,False,12.4515107672089
2018-02-03 04:28:45.160000,35.05933333333333,132.473,7.75,0.5,v,0.0063333333333333,0.0053333333333333,1.07,0.12,,,earthquake,depth free,middle auto,9.557717831600709,-299.6436088819518,12.063803141991064,,False,17.870147702949673
2018-02-05 04:19:52.860000,35.127833333333335,132.75566666666666,6.98,1.0,v,0.002,0.0021666666666666,0.79,0.03,,,earthquake,depth free,middle auto,16.33509910027779,-273.7722694928378,10.3118654857733,,False,17.36907463192259
2018-02-05 05:50:12.130000,35.127,132.75483333333332,6.88,1.0,v,0.0018333333333333,0.002,0.78,0.03,,,earthquake,depth free,middle auto,16.244277619309823,-273.85411357331924,10.215161142809103,,False,17.366416935979935
2018-02-06 21:09:30.940000,35.0415,132.62166666666667,10.25,0.5,v,0.0028333333333333,0.0028333333333333,0.9,0.05,,,earthquake,depth free,middle auto,7.155904589365857,-286.1173410800439,14.080821369547564,,False,16.314776328922274
2018-02-10 05:30:11.370000,35.07633333333334,132.57516666666666,8.73,0.5,v,0.0031666666666666,0.0033333333333333,0.68,0.05,,,earthquake,depth free,middle auto,11.146049535509492,-290.27065018079304,12.68189945696816,,False,12.5413035326183
2018-02-14 18:31:07.580000,35.08266666666667,132.638,10.95,0.7,v,0.0051666666666666,0.005,1.6,0.12,,,earthquake,depth free,middle auto,11.681233981004995,-284.4656111534728,14.688997992210052,,False,12.299475331824327
2018-02-14 18:37:12.830000,35.043166666666664,132.68766666666667,7.88,1.1,V,0.0015,0.0016666666666666,0.8,0.02,,,earthquake,depth free,middle auto,7.1334017868593325,-280.2026935297356,11.498689576886996,,False,18.680986048610226
2018-02-15 06:38:41.300000,35.0865,132.699,9.97,0.9,V,0.0018333333333333,0.0018333333333333,0.66,0.03,,,earthquake,depth free,middle auto,11.925651812287496,-278.9518328572805,13.511446906693877,,False,15.079368016529177
2018-02-17 11:46:05.210000,35.10783333333333,132.75483333333332,8.37,0.7,V,0.002,0.0015,0.78,0.04,,,earthquake,depth free,middle manual,14.126091636176008,-273.86779633519063,11.719987449940303,,False,17.886583597527302
2018-02-22 06:30:51.530000,35.100833333333334,132.7535,7.85,1.2,V,0.0016666666666666,0.002,0.8,0.02,,,earthquake,depth free,middle auto,13.349379278785792,-274.0301371226466,11.210333061558297,,False,18.28487202096449
2018-02-23 16:21:26.270000,35.0865,132.61583333333334,9.08,0.7,V,0.0021666666666666,0.0023333333333333,0.62,0.04,,,earthquake,depth free,middle auto,12.157885561072414,-286.530942492016,12.888823362576131,,False,11.621886792312376
2018-02-23 20:36:05.890000,35.1325,132.65583333333333,7.41,1.7,V,0.002,0.0023333333333333,0.78,0.03,,,earthquake,depth free,high manual,17.13739055290564,-282.8001358264892,11.051857400728652,,False,9.759041904685892
2018-02-24 10:10:06.510000,35.09766666666667,132.64933333333332,10.53,0.9,V,0.005,0.004,1.25,0.08,,,earthquake,depth free,middle auto,13.31001275935335,-283.40004378018915,14.21957079392017,,False,11.321066335068803
2018-03-02 19:15:04.100000,35.093333333333334,132.5536666666667,12.7,0.6,V,0.0033333333333333,0.0033333333333333,0.58,0.06,,,earthquake,depth free,middle auto,13.12271283308059,-292.0141691413334,16.70550406668204,,False,10.584555724685181
2018-03-03 15:47:34.890000,35.07266666666667,132.47466666666668,11.02,0.5,v,0.0058333333333333,0.0048333333333333,0.79,0.12,,,earthquake,depth free,middle auto,11.055490386287726,-299.3185063435582,15.313180828052944,,False,16.09766494958599
2018-03-04 23:59:51.550000,35.04233333333333,132.68616666666668,7.87,0.6,V,0.0016666666666666,0.002,0.92,0.03,,,earthquake,depth free,middle auto,7.0450866945109984,-280.3421484124842,11.494261028627966,,False,18.694934822830856
2018-03-05 05:46:32.150000,35.05866666666667,132.55816666666666,7.7,1.1,V,0.0016666666666666,0.002,0.46,0.03,,,earthquake,depth free,middle auto,9.228029183266443,-291.9150607937713,11.725505578522066,,False,14.899934136158363
2018-03-06 05:59:57.730000,35.06166666666666,132.49566666666666,9.24,0.9,V,0.0026666666666666,0.003,0.48,0.04,,,earthquake,depth free,middle auto,9.758837885103718,-297.52068654648065,13.4726811973733,,False,16.218879153142296
2018-03-09 18:20:14.350000,35.083000000000006,132.53716666666668,14.41,1.1,V,0.002,0.002,0.34,0.04,,,earthquake,depth free,middle auto,12.037303453703288,-293.48408989258803,18.47870279119148,,False,12.354886837194774
2018-03-11 22:16:35.370000,35.117666666666665,132.72216666666668,9.83,1.5,V,0.0016666666666666,0.0018333333333333,0.6,0.03,,,earthquake,depth free,middle auto,15.317940768137534,-276.74831108871007,13.272285165025076,,False,14.554838091172783
2018-03-13 04:51:07.550000,35.24066666666667,132.76983333333334,14.34,1.0,V,0.0015,0.0018333333333333,0.37,0.03,,,earthquake,depth free,middle auto,28.853627159258433,-271.8588499035978,17.546157848409347,,False,17.867558654078902
2018-03-16 02:42:26.850000,35.0985,132.67,10.29,0.6,V,0.0018333333333333,0.002,0.63,0.03,,,earthquake,depth free,middle auto,13.341716593620207,-281.53067048114553,13.912791052067474,,False,12.331977899796438
2018-03-19 13:21:34.520000,35.23216666666667,132.595,12.07,0.6,V,0.0045,0.0036666666666666,0.72,0.08,,,earthquake,depth free,middle auto,28.397059724200226,-287.7961696724762,15.836487532839076,,False,5.325950499586627
2018-03-24 21:05:15.430000,35.12383333333334,132.72016666666667,10.37,0.6,v,0.0023333333333333,0.0021666666666666,0.75,0.05,,,earthquake,depth free,middle auto,16.011216584548084,-276.8900477817617,13.813173795881974,,False,13.981360825916484
2018-03-26 12:17:56.850000,35.10716666666667,132.66533333333334,8.94,0.6,V,0.0021666666666666,0.0021666666666666,0.76,0.04,,,earthquake,depth free,middle manual,14.307916642848353,-281.9718520345791,12.57118922389778,,False,11.626880979258386
2018-03-27 08:21:11.390000,35.0915,132.67166666666665,9.13,1.4,V,0.0016666666666666,0.002,0.65,0.03,,,earthquake,depth free,middle auto,12.552407067972696,-281.44464701331276,12.754292525845486,,False,13.247857677196576
2018-03-28 06:08:03.140000,35.12733333333333,132.75566666666666,6.87,0.6,V,0.0016666666666666,0.002,0.71,0.02,,,earthquake,depth free,middle auto,16.27890994035408,-273.77770633762157,10.202332016592797,,False,17.42239211962926
2018-04-04 18:45:45.850000,35.16016666666667,132.6738333333333,9.77,0.6,V,0.003,0.0026666666666666,0.74,0.06,,,earthquake,depth free,middle auto,20.17033664747675,-280.98802829692744,13.331559855423269,,False,8.690331789966173
2018-04-07 02:47:53.160000,35.12616666666667,132.71916666666667,8.83,0.5,v,0.0025,0.002,0.78,0.04,,,earthquake,depth free,middle auto,16.263406162815873,-277.0261467862413,12.275370859961972,,False,14.06024531635798
2018-04-07 16:56:18,35.1815,132.59483333333336,11.94,1.4,V,0.002,0.0021666666666666,0.45,0.03,,,earthquake,depth free,middle auto,22.776646416409225,-287.9958365460721,15.740208214249858,,False,0.8416626626984178
2018-04-08 00:54:05.360000,35.18116666666666,132.59683333333334,11.53,0.8,V,0.0021666666666666,0.0025,0.5,0.03,,,earthquake,depth free,middle auto,22.73171611238821,-287.8307105093261,15.32415428444021,,False,1.166806975553191
2018-04-08 01:29:33.600000,35.18183333333333,132.59116666666668,12.16,2.1,V,0.0018333333333333,0.0023333333333333,0.46,0.03,,,earthquake,depth free,high manual,22.825464150015463,-288.3188597096109,15.971873590500252,,False,0.5161348234164693
2018-04-08 07:48:44.680000,35.13316666666667,132.76716666666667,6.42,0.7,v,0.005,0.0046666666666666,2.1,0.08,,,earthquake,depth free,middle auto,16.89194655773747,-272.7297738804373,9.71261512080923,,False,18.269421714045762
2018-04-09 01:17:54.250000,35.07383333333334,132.59966666666668,11.68,2.0,V,0.0018333333333333,0.0025,0.54,0.03,,,earthquake,depth free,high manual,10.817561611511117,-287.94836239122367,15.55131920532388,,False,12.365733829073214
2018-04-09 01:33:25.500000,35.16316666666666,132.59933333333333,9.85,3.9,V,0.0025,0.0031666666666666,0.49,0.04,,,earthquake,depth free,high manual,20.71838824442061,-287.72897282702553,13.65004946088419,,False,3.494997524840436
2018-04-09 01:34:46.100000,35.18283333333333,132.5925,12.08,3.1,V,0.0023333333333333,0.0026666666666666,0.55,0.04,,,earthquake,depth free,high manual,22.932081746244755,-288.19741901136774,15.886844137735189,,False,0.5691026217551198
2018-04-09 01:35:04.650000,35.18733333333333,132.58616666666668,11.52,3.2,v,0.0021666666666666,0.0028333333333333,0.49,0.04,,,earthquake,depth free,high manual,23.44692907922092,-288.7756653759737,15.344934736950805,,False,0.679525538927941
2018-04-09 01:35:21.950000,35.178,132.57933333333332,9.65,2.9,V,0.003,0.0038333333333333,0.79,0.05,,,earthquake,depth free,high manual,22.421809648083716,-289.4965263349592,13.505294961028056,,False,2.672213025057704
2018-04-09 01:35:42.580000,35.186499999999995,132.57566666666665,11.04,2.7,V,0.0028333333333333,0.0033333333333333,0.48,0.05,,,earthquake,depth free,high manual,23.382833063866546,-289.7475825187314,14.900505578469842,,False,1.4917113365674828
2018-04-09 01:35:52.490000,35.16566666666667,132.59400000000002,9.47,2.5,V,0.0025,0.0028333333333333,0.58,0.04,,,earthquake,depth free,high manual,21.009297896586546,-288.2174358573892,13.285977773326303,,False,3.4592991166083698
2018-04-09 01:35:58.920000,35.189499999999995,132.57833333333332,8.67,2.8,V,0.0034999999999999,0.0046666666666666,0.83,0.07,,,earthquake,depth free,high manual,23.69595060841831,-289.5820190666799,12.521235549412232,,False,3.5820586876856524
2018-04-09 01:36:57.400000,35.18283333333333,132.60383333333334,11.45,1.8,V,0.0031666666666666,0.0041666666666666,0.69,0.07,,,earthquake,depth free,high manual,22.895799529310224,-287.19342342544724,15.220103124343511,,False,1.7113637449101373
2018-04-09 01:37:09.820000,35.16766666666666,132.58766666666668,9.55,2.7,V,0.0016666666666666,0.0021666666666666,0.47,0.03,,,earthquake,depth free,high manual,21.250189587792583,-288.78157673447527,13.385301176724765,,False,3.197775692311805
2018-04-09 01:37:17.910000,35.184666666666665,132.586,12.46,2.4,V,0.0051666666666666,0.0036666666666666,0.68,0.09,,,earthquake,depth free,high manual,23.1563868955752,-288.76593970910335,16.286695091452696,,False,0.3354944874322163
2018-04-09 01:37:59.980000,35.171,132.58533333333335,9.46,1.9,V,0.002,0.0023333333333333,0.52,0.03,,,earthquake,depth free,high manual,21.626436955252156,-288.9845292624908,13.300632429030316,,False,3.0732872860233953
2018-04-09 01:38:13.100000,35.1815,132.59,11.7,1.9,V,0.0018333333333333,0.0023333333333333,0.56,0.03,,,earthquake,depth free,high manual,22.78952609442182,-288.4425141342366,15.516256413702356,,False,0.6323381310102346
2018-04-09 01:38:20.200000,35.16833333333333,132.59733333333335,12.18,2.4,V,0.0021666666666666,0.003,0.51,0.05,,,earthquake,depth free,high manual,21.3100996713719,-287.80726675641097,15.98125157450972,,False,2.055421057004605
2018-04-09 01:38:46.200000,35.181,132.59866666666667,10.31,1.7,V,0.002,0.0031666666666666,0.66,0.05,,,earthquake,depth free,high manual,22.70157114488718,-287.7094969637041,14.099079633042155,,False,2.1594496798418925
2018-04-09 01:39:19.700000,35.172999999999995,132.58450000000002,9.59,2.3,V,0.0021666666666666,0.0026666666666666,0.58,0.03,,,earthquake,depth free,high manual,21.851508445911655,-289.0482034913676,13.431849858146771,,False,2.8578720955023766
2018-04-09 01:39:29.770000,35.161833333333334,132.596,11.05,2.4,V,0.0031666666666666,0.0031666666666666,0.51,0.05,,,earthquake,depth free,high manual,20.586767840135742,-287.9922394179665,14.86116152952248,,False,2.8820622680569103
2018-04-09 01:39:37.840000,35.192166666666665,132.57733333333334,10.63,2.3,V,0.0056666666666666,0.0056666666666666,1.07,0.14,,,earthquake,depth free,high manual,24.00457912326478,-289.59135728669577,14.48137633894883,,False,1.9130693268232106
2018-04-09 01:39:49.940000,35.16883333333333,132.58733333333333,9.83,1.5,v,0.0056666666666666,0.0058333333333333,1.15,0.17,,,earthquake,depth free,low manual,21.382134985512273,-288.7974269963962,13.665359181094107,,False,2.8952802942198637
2018-04-09 01:40:08.690000,35.18183333333333,132.58450000000002,8.63,1.4,V,0.0055,0.0061666666666666,1.17,0.1,,,earthquake,depth free,middle manual,22.82678272558532,-289.0518204872573,12.466225875347572,,False,3.5195996507062137
2018-04-09 01:40:13.770000,35.173833333333334,132.57383333333334,12.08,1.4,v,0.0139999999999999,0.0086666666666666,2.0,0.31,,,earthquake,depth free,low manual,21.988442984150936,-289.9207936177453,15.95479630350249,,False,1.6743126073564845
2018-04-09 01:40:34.100000,35.18783333333333,132.57716666666667,10.93,2.0,V,0.0021666666666666,0.0026666666666666,0.53,0.04,,,earthquake,depth free,high manual,23.525798210379893,-289.61093561880915,14.784696968857268,,False,1.5186165846106765
2018-04-09 01:40:41.320000,35.1785,132.59050000000002,12.0,1.6,V,0.0045,0.0046666666666666,0.8,0.1,,,earthquake,depth free,low manual,22.456833209068083,-288.3969341906803,15.816523764806764,,False,0.7786018247828587
2018-04-09 01:40:50.450000,35.186166666666665,132.57683333333333,12.4,1.7,V,0.0028333333333333,0.0034999999999999,0.55,0.06,,,earthquake,depth free,high manual,23.349324016654144,-289.59323389431535,16.25594726367896,,False,0.946643497075414
2018-04-09 01:41:00.660000,35.16916666666666,132.57083333333333,10.29,1.4,v,0.0161666666666666,0.0223333333333333,3.0,0.45,,,earthquake,depth free,low manual,21.470011774882888,-290.27505231333066,14.179339328861936,,False,2.899879683055539
2018-04-09 01:41:05.270000,35.16166666666666,132.598,9.61,1.2,V,0.0055,0.0051666666666666,0.86,0.1,,,earthquake,depth free,middle manual,20.55450930861691,-287.8638881988361,13.41569428234268,,False,3.7318007023728534
2018-04-09 01:41:21.480000,35.189499999999995,132.57083333333333,12.42,1.6,V,0.0028333333333333,0.0034999999999999,0.63,0.05,,,earthquake,depth free,middle manual,23.736779128948324,-290.1241409748717,16.293492004119287,,False,1.5602069546416735
2018-04-09 01:41:27.140000,35.178,132.58800000000002,11.27,1.8,V,0.0015,0.002,0.35,0.03,,,earthquake,depth free,high manual,22.404869947314225,-288.65186368917875,15.095601012937522,,False,1.1409376014851518
2018-04-09 01:41:34.350000,35.19116666666666,132.56766666666667,8.83,1.5,v,0.0061666666666666,0.0065,1.26,0.08,,,earthquake,depth free,middle manual,23.913080126127387,-290.5370202708264,12.715320369251272,,False,3.7923826775982774
2018-04-09 01:41:43.970000,35.184999999999995,132.58733333333333,11.54,1.3,V,0.0028333333333333,0.0034999999999999,0.67,0.05,,,earthquake,depth free,middle manual,23.18476959022027,-288.67752884886664,15.362696127201634,,False,0.5942438709973265
2018-04-09 01:41:53.760000,35.13616666666667,132.64816666666667,8.78,1.1,v,0.008,0.0056666666666666,1.55,0.15,,,earthquake,depth free,low manual,17.574610485878193,-283.43410714754975,12.442700940786018,,False,8.447788251512739
2018-04-09 01:42:00.280000,35.18433333333333,132.58066666666667,12.68,1.7,V,0.0021666666666666,0.0026666666666666,0.44,0.04,,,earthquake,depth free,high manual,23.13615825573046,-289.2422500887782,16.524366313511084,,False,0.7746225361757352
2018-04-09 01:42:10.680000,35.181,132.58700000000002,13.63,1.2,V,0.0069999999999999,0.0066666666666666,1.31,0.18,,,earthquake,depth free,low manual,22.752805176819624,-288.6456879057126,17.455171976497965,,False,1.554501162168821
2018-04-09 01:42:12.610000,35.154333333333334,132.60966666666667,9.64,1.3,V,0.0048333333333333,0.0055,1.01,0.11,,,earthquake,depth free,low manual,19.706933493770528,-286.83096992077975,13.412957691441878,,False,4.679055843810032
2018-04-09 01:42:21.910000,35.16916666666666,132.59166666666667,10.63,2.0,V,0.0018333333333333,0.0026666666666666,0.53,0.04,,,earthquake,depth free,high manual,21.41074777000079,-288.3742793242344,14.450308859775946,,False,2.327166241568077
2018-04-09 01:42:31.590000,35.18633333333333,132.59216666666669,11.8,1.7,V,0.0023333333333333,0.0028333333333333,0.58,0.05,,,earthquake,depth free,high manual,23.31987199671139,-288.22538812027415,15.605692355723445,,False,0.6261079494726294
2018-04-09 01:42:37.990000,35.18183333333333,132.6,10.07,1.9,V,0.002,0.0028333333333333,0.54,0.04,,,earthquake,depth free,high manual,22.788909679598383,-287.5944177453205,13.854284418194917,,False,2.4095089912139698
2018-04-09 01:42:42.830000,35.189499999999995,132.5655,12.15,3.1,V,0.0026666666666666,0.0033333333333333,0.64,0.04,,,earthquake,depth free,high manual,23.75112128327544,-290.6172142101618,16.04137049284629,,False,1.993523708697376
2018-04-09 01:43:09.820000,35.168,132.59300000000002,8.57,1.6,v,0.0023333333333333,0.0023333333333333,0.37,0.04,,,earthquake,depth free,middle manual,21.26629438178743,-288.33258458461535,12.388169754894086,,False,4.053054898078082
2018-04-09 01:43:13.400000,35.1735,132.59733333333335,8.49,2.1,V,0.0028333333333333,0.0033333333333333,0.62,0.05,,,earthquake,depth free,high manual,21.863639982852188,-287.9230877715004,12.290009635686143,,False,3.965244648686379
2018-04-09 01:43:29.590000,35.17466666666667,132.59466666666668,12.42,2.2,V,0.002,0.0025,0.47,0.03,,,earthquake,depth free,high manual,22.02166248651411,-288.0177149622326,16.22527360596161,,False,1.3573440051934844
2018-04-09 01:43:53.370000,35.168166666666664,132.59,9.67,4.5,D,0.0016666666666666,0.0021666666666666,0.48,0.03,4.4,V,earthquake,depth free,high manual,21.29949414988893,-288.56389592427956,13.497171412896268,,False,3.08184161894827
2018-04-09 01:44:48.380000,35.16583333333333,132.59033333333335,9.56,2.6,V,0.0021666666666666,0.0026666666666666,0.52,0.04,,,earthquake,depth free,high manual,21.038999031652818,-288.5459788510284,13.387853743010623,,False,3.3295977766244405
2018-04-09 01:45:22.690000,35.184,132.58483333333334,11.2,2.2,V,0.0028333333333333,0.003,0.55,0.05,,,earthquake,depth free,high manual,23.07941395690551,-288.9200245342982,15.031861312999215,,False,0.9476463048706248
2018-04-09 01:45:28.660000,35.171,132.5925,9.03,1.7,v,0.005,0.0053333333333333,0.81,0.09,,,earthquake,depth free,high manual,21.603172117265903,-288.3505111568923,12.8473249327133,,False,3.4916854890227857
2018-04-09 01:45:37.330000,35.184666666666665,132.59166666666667,11.89,2.7,V,0.0018333333333333,0.0021666666666666,0.45,0.03,,,earthquake,depth free,high manual,23.136908772545723,-288.27333083423576,15.698432491266503,,False,0.513127115860849
2018-04-09 01:45:59.120000,35.190999999999995,132.573,10.15,2.5,V,0.0021666666666666,0.0026666666666666,0.53,0.04,,,earthquake,depth free,high manual,23.88547171745749,-290.0057865160062,14.016842437160289,,False,2.439614201839534
2018-04-09 01:46:31.110000,35.18266666666666,132.581,9.98,2.2,V,0.0018333333333333,0.0023333333333333,0.51,0.03,,,earthquake,depth free,high manual,22.936461209943964,-289.31675177818744,13.826272858931665,,False,2.2217293078504707
2018-04-09 01:46:49.270000,35.177166666666665,132.58316666666667,10.09,1.6,v,0.0066666666666666,0.0088333333333333,1.38,0.14,,,earthquake,depth free,middle auto,22.320398154303813,-289.13595234459075,13.932927851182928,,False,2.226095131300104
2018-04-09 01:47:00.910000,35.19266666666666,132.5795,10.99,1.8,V,0.0023333333333333,0.0026666666666666,0.52,0.03,,,earthquake,depth free,high manual,24.055482462199286,-289.38007473476085,14.83362926385997,,False,1.5845072329059169
2018-04-09 01:47:12.210000,35.16533333333333,132.59466666666668,8.61,1.5,V,0.0028333333333333,0.0033333333333333,0.51,0.04,,,earthquake,depth free,high manual,20.96567942023093,-288.1894771273207,12.42461392666664,,False,4.186150922569626
2018-04-09 01:47:23.530000,35.1935,132.5775,12.98,1.3,V,0.0068333333333333,0.0066666666666666,1.02,0.08,,,earthquake,depth free,middle manual,24.163641263115373,-289.48543590679014,16.828312221241106,,False,1.5409886805549147
2018-04-09 01:47:32.620000,35.181666666666665,132.58450000000002,13.63,2.3,V,0.002,0.0023333333333333,0.46,0.03,,,earthquake,depth free,high manual,22.834052730941544,-288.8697707904946,17.462939526240273,,False,1.5490145132911621
2018-04-09 01:47:50.700000,35.17983333333333,132.59133333333335,11.96,2.3,V,0.0025,0.0033333333333333,0.63,0.04,,,earthquake,depth free,high manual,22.60209220214423,-288.3181489749133,15.772868001956835,,False,0.7041652255008217
2018-04-09 01:48:02.120000,35.184999999999995,132.57916666666665,9.85,3.2,V,0.0021666666666666,0.0026666666666666,0.58,0.03,,,earthquake,depth free,high manual,23.200086076535115,-289.47934632592666,13.700788489527971,,False,2.3796511056167393
2018-04-09 01:48:26.150000,35.18216666666667,132.583,10.74,1.8,V,0.0046666666666666,0.0048333333333333,0.92,0.08,,,earthquake,depth free,high manual,22.879027320267415,-289.1094912272933,14.579503408338711,,False,1.4559339921422436
2018-04-09 01:48:52.100000,35.16733333333333,132.59533333333334,11.34,2.0,V,0.0018333333333333,0.0025,0.46,0.03,,,earthquake,depth free,high manual,21.200468628164327,-288.0226094156765,15.14911251569419,,False,2.2233790198660026
2018-04-09 01:49:06.500000,35.178666666666665,132.58466666666666,12.81,2.9,V,0.0018333333333333,0.0023333333333333,0.46,0.03,,,earthquake,depth free,high manual,22.496602801007715,-288.8953013551421,16.645063191324738,,False,0.9688570839414685
2018-04-09 01:49:27.300000,35.184999999999995,132.582,10.59,1.7,V,0.0055,0.0069999999999999,1.19,0.12,,,earthquake,depth free,high manual,23.19554665639982,-289.19550210641773,14.43092606336934,,False,1.5975580987829423
2018-04-09 01:50:17.980000,35.1755,132.5855,10.75,1.0,V,0.0034999999999999,0.004,0.7,0.06,,,earthquake,depth free,middle auto,22.132103132160942,-288.9062965734867,14.585970445215043,,False,1.7177951849835154
2018-04-09 01:50:35.540000,35.17933333333333,132.59066666666666,12.08,1.2,V,0.0026666666666666,0.003,0.56,0.05,,,earthquake,depth free,middle auto,22.54920049737108,-288.3759571583278,15.89533200302404,,False,0.6960697782845796
2018-04-09 01:50:46.660000,35.192499999999995,132.576,11.61,1.3,V,0.0038333333333333,0.0041666666666666,0.66,0.07,,,earthquake,depth free,middle auto,24.05033795662139,-289.6750719145529,15.464888342230395,,False,1.40084811146248
2018-04-09 01:51:36.970000,35.181666666666665,132.58266666666665,12.79,1.1,V,0.0026666666666666,0.0031666666666666,0.59,0.05,,,earthquake,depth free,middle auto,22.835092971606908,-289.0665422621914,16.629556867042407,,False,0.8234548155159633
2018-04-09 01:52:18.260000,35.16616666666666,132.59416666666667,9.54,1.3,V,0.0038333333333333,0.0034999999999999,0.52,0.06,,,earthquake,depth free,middle manual,21.064676276219796,-288.1980035909785,13.35501634376454,,False,3.37468582375561
2018-04-09 01:52:28.980000,35.181999999999995,132.59766666666667,11.93,1.4,V,0.0048333333333333,0.0069999999999999,1.23,0.11,,,earthquake,depth free,middle auto,22.823792736357067,-287.737709465548,15.72056600270575,,False,1.0598131634627355
2018-04-09 01:52:44.610000,35.16233333333333,132.59716666666668,8.89,1.0,V,0.0086666666666666,0.0069999999999999,1.19,0.15,,,earthquake,depth free,middle manual,20.62696215877083,-287.96325467832185,12.698422914289068,,False,4.1895256235777225
2018-04-09 01:52:50.560000,35.190666666666665,132.579,12.27,1.4,V,0.0093333333333333,0.0098333333333333,2.15,0.2,,,earthquake,depth free,middle auto,23.84145388613965,-289.38566087366905,16.115773677041744,,False,0.9729181633981725
2018-04-09 01:53:01.400000,35.17033333333333,132.59033333333335,9.04,1.1,V,0.0028333333333333,0.003,0.49,0.04,,,earthquake,depth free,middle manual,21.535574652961227,-288.54894407195707,12.864928572803276,,False,3.491494665001626
2018-04-09 01:53:04.920000,35.18683333333333,132.57883333333334,11.69,1.2,V,0.0023333333333333,0.0026666666666666,0.51,0.05,,,earthquake,depth free,middle manual,23.41380902028936,-289.4356608328551,15.539360236236886,,False,0.8696591404623277
2018-04-09 01:53:19.250000,35.18733333333333,132.58033333333333,12.6,1.9,V,0.003,0.0028333333333333,0.45,0.05,,,earthquake,depth free,high manual,23.469473791316148,-289.26468223302214,16.443438837913227,,False,0.7990423498909134
2018-04-09 01:53:24.380000,35.18583333333333,132.58483333333334,10.11,3.0,V,0.0016666666666666,0.0021666666666666,0.47,0.03,,,earthquake,depth free,high manual,23.2772660183013,-288.95330695743263,13.941326683067084,,False,2.0309684871235225
2018-04-09 01:53:53.170000,35.18333333333333,132.58316666666667,12.16,2.1,V,0.0025,0.0028333333333333,0.5,0.05,,,earthquake,depth free,high manual,23.01525426499104,-289.03833601876215,15.9971692811415,,False,0.3515499568901831
2018-04-09 01:54:03.500000,35.19866666666666,132.5495,5.64,1.2,v,0.006,0.0075,1.65,0.06,,,earthquake,depth free,low manual,24.783638487265232,-292.2746710120829,9.582978384711478,,False,7.477417206305333
2018-04-09 01:54:06.990000,35.18833333333333,132.5795,11.48,1.4,V,0.0041666666666666,0.0069999999999999,1.07,0.1,,,earthquake,depth free,middle manual,23.57719353406142,-289.37759590573114,15.3262647436744,,False,1.0053467492774546
2018-04-09 01:54:25.860000,35.186499999999995,132.58016666666666,10.88,2.1,V,0.0021666666666666,0.0023333333333333,0.5,0.04,,,earthquake,depth free,high manual,23.36881715162559,-289.34568145823096,14.725739609240742,,False,1.396992228077748
2018-04-09 01:54:52.600000,35.18283333333333,132.56883333333332,10.08,1.1,V,0.0063333333333333,0.0073333333333333,1.16,0.14,,,earthquake,depth free,middle auto,22.991211288185383,-290.41516221011295,13.96636077918734,,False,2.6194354921738117
2018-04-09 01:55:15.530000,35.169,132.5925,8.74,2.2,V,0.002,0.0023333333333333,0.56,0.03,,,earthquake,depth free,high manual,21.379656153578612,-288.36817604599753,12.558971048623349,,False,3.84669869020282
2018-04-09 01:55:26.610000,35.183166666666665,132.59333333333333,11.64,2.1,V,0.0025,0.003,0.65,0.04,,,earthquake,depth free,high manual,22.964365337570054,-288.13675046027794,15.444170244071415,,False,0.7959428483877862
2018-04-09 01:56:12.600000,35.17433333333333,132.58583333333334,10.04,2.2,V,0.0021666666666666,0.0026666666666666,0.57,0.03,,,earthquake,depth free,high manual,21.997937636797197,-288.9061627250007,13.87618960939841,,False,2.385258845195608
2018-04-09 01:56:46.200000,35.18433333333333,132.57533333333333,9.97,4.8,D,0.0018333333333333,0.0023333333333333,0.49,0.03,4.6,W,earthquake,depth free,high manual,23.137976323513097,-289.824746207542,13.833848231540744,,False,2.392515511094633
2018-04-09 01:57:50.780000,35.161833333333334,132.5935,10.92,3.3,V,0.0021666666666666,0.0025,0.52,0.03,,,earthquake,depth free,high manual,20.59335212234456,-288.22357511985126,14.739461976027217,,False,2.8760106553436966
2018-04-09 01:59:25.660000,35.19799999999999,132.5725,9.28,1.4,V,0.0033333333333333,0.0045,0.89,0.06,,,earthquake,depth free,high manual,24.65941756772564,-290.0579940213963,13.144348793345909,,False,3.4590367417549297
2018-04-09 01:59:57.670000,35.18816666666666,132.5885,12.37,2.1,V,0.0018333333333333,0.0023333333333333,0.46,0.03,,,earthquake,depth free,high manual,23.5368340121286,-288.53029242239285,16.186099203603337,,False,0.48593496329249164
2018-04-09 02:00:12.260000,35.177,132.57966666666667,7.56,1.3,V,0.0065,0.0051666666666666,1.23,0.11,,,earthquake,depth free,high manual,22.298928409265944,-289.5463725119417,11.416333052712426,,False,4.691789192288784
2018-04-09 02:00:23.270000,35.162166666666664,132.5985,9.27,2.7,V,0.0018333333333333,0.0023333333333333,0.53,0.03,,,earthquake,depth free,high manual,20.606664684488237,-287.82914102639705,13.073913380138636,,False,3.946006073679251
2018-04-09 02:00:36.370000,35.19183333333333,132.57166666666666,9.81,1.6,v,0.005,0.0045,1.03,0.11,,,earthquake,depth free,low manual,23.98016671286209,-290.13611293633056,13.680923168870834,,False,2.804816725652292
2018-04-09 02:01:05.620000,35.192,132.57999999999998,12.34,1.5,V,0.0025,0.0038333333333333,0.57,0.06,,,earthquake,depth free,middle auto,23.986764755900865,-289.28775635614994,16.181511739495342,,False,1.0354239700187873
2018-04-09 02:01:39.300000,35.17583333333333,132.58516666666668,10.46,1.2,v,0.0023333333333333,0.0028333333333333,0.53,0.05,,,earthquake,depth free,middle manual,22.1685377325233,-288.9459115062714,14.297028849193484,,False,1.941329725822156
2018-04-09 02:01:53.720000,35.19283333333333,132.57583333333332,9.82,1.0,V,0.0026666666666666,0.0036666666666666,0.6,0.06,,,earthquake,depth free,middle manual,24.07893591729522,-289.75457754556413,13.676436830588113,,False,2.6690361651357555
2018-04-09 02:02:11.300000,35.171,132.59266666666667,11.0,1.3,V,0.0025,0.0026666666666666,0.5,0.04,,,earthquake,depth free,middle auto,21.613211385645176,-288.26365733881494,14.815441901453667,,False,1.9682988778310084
2018-04-09 02:02:31.350000,35.178666666666665,132.58916666666667,12.12,0.9,V,0.0045,0.0048333333333333,0.89,0.11,,,earthquake,depth free,middle manual,22.47984372747087,-288.51277739806875,15.940711109875862,,False,0.7035263907967046
2018-04-09 02:02:44.920000,35.19866666666666,132.56983333333332,11.6,1.0,V,0.0041666666666666,0.0048333333333333,0.83,0.07,,,earthquake,depth free,middle manual,24.75249503783013,-290.2120632149364,15.471148266338338,,False,2.241981371628623
2018-04-09 02:02:51.310000,35.19033333333333,132.577,13.08,1.4,V,0.0036666666666666,0.0045,0.77,0.05,,,earthquake,depth free,middle manual,23.814396575428475,-289.53835961181164,16.932057727736293,,False,1.4375755933440817
2018-04-09 02:02:57.670000,35.17333333333333,132.5875,9.79,2.3,V,0.0015,0.002,0.43,0.02,,,earthquake,depth free,high manual,21.88077327818629,-288.7677740628736,13.62158481617409,,False,2.657815691959291
2018-04-09 02:03:30.950000,35.19333333333333,132.57283333333334,13.63,1.6,V,0.0016666666666666,0.002,0.36,0.03,,,earthquake,depth free,high manual,24.162071128700475,-289.88487468454036,17.493416525418866,,False,2.179188415525748
2018-04-09 02:03:34.800000,35.18283333333333,132.60266666666666,10.97,1.8,V,0.0021666666666666,0.0031666666666666,0.79,0.04,,,earthquake,depth free,high manual,22.896727962891756,-287.31654711335545,14.744243680292074,,False,1.8691500110851091
2018-04-09 02:03:50.370000,35.18633333333333,132.5765,10.14,4.2,D,0.002,0.0025,0.52,0.03,4.3,V,earthquake,depth free,high manual,23.35733424809222,-289.70564330936014,13.998480409988552,,False,2.201134899764909
2018-04-09 02:04:40.460000,35.193666666666665,132.58233333333334,10.91,2.0,v,0.0163333333333333,0.0133333333333333,2.48,0.27,,,earthquake,depth free,high manual,24.157724846503463,-289.12271791467987,14.743649356680962,,False,1.6250539976698635
2018-04-09 02:04:59.200000,35.18183333333333,132.58116666666666,10.87,2.1,V,0.002,0.0023333333333333,0.45,0.04,,,earthquake,depth free,high manual,22.848087423256818,-289.27206400554684,14.715699646158196,,False,1.391202665891281
2018-04-09 02:05:37.860000,35.181999999999995,132.58133333333333,8.53,1.5,v,0.0021666666666666,0.0023333333333333,0.52,0.03,,,earthquake,depth free,middle auto,22.854047605342604,-289.3419489046666,12.376628949995562,,False,3.644421859481685
2018-04-09 02:07:04.450000,35.149,132.608,10.82,0.8,V,0.0116666666666666,0.0121666666666666,2.3,0.27,,,earthquake,depth free,middle manual,19.126717570018904,-286.9581965540097,14.60166167429639,,False,4.597302090664009
2018-04-09 02:07:09.650000,35.18866666666666,132.56916666666666,9.98,1.1,V,0.0026666666666666,0.003,0.47,0.05,,,earthquake,depth free,middle manual,23.63698950204527,-290.3677560211986,13.861269001464953,,False,2.709260764512267
2018-04-09 02:07:29.490000,35.187,132.5735,9.38,0.9,V,0.0031666666666666,0.0033333333333333,0.65,0.05,,,earthquake,depth free,middle auto,23.4362770748393,-290.00301497404735,13.248469002553025,,False,3.0094057683305286
2018-04-09 02:07:53.670000,35.1735,132.58616666666668,9.32,2.8,V,0.0018333333333333,0.0023333333333333,0.53,0.03,,,earthquake,depth free,high manual,21.900681053942765,-288.90520104037387,13.156178762549256,,False,3.071600974782721
2018-04-09 02:09:36.890000,35.180166666666665,132.58733333333333,12.08,2.4,V,0.0021666666666666,0.0026666666666666,0.53,0.03,,,earthquake,depth free,high manual,22.65138481662022,-288.6750146689147,15.90571412530946,,False,0.505552911523554
2018-04-09 02:09:57.100000,35.187999999999995,132.5755,14.21,1.2,v,0.0103333333333333,0.0136666666666666,1.47,0.12,,,earthquake,depth free,middle manual,23.56570970033914,-289.64113796699166,18.067848903920595,,False,2.3428146620267514
2018-04-09 02:10:31.600000,35.184999999999995,132.57416666666666,10.22,1.4,V,0.0041666666666666,0.005,1.0,0.06,,,earthquake,depth free,middle auto,23.216650753602604,-289.9189308098011,14.087074180681318,,False,2.221581153976871
2018-04-09 02:10:41.150000,35.1785,132.58466666666666,12.23,1.2,v,0.0071666666666666,0.0061666666666666,0.96,0.12,,,earthquake,depth free,middle manual,22.475096351229784,-288.9170807083231,16.06557614492541,,False,0.7150551494768048
2018-04-09 02:10:53.200000,35.174499999999995,132.5875,9.13,1.7,V,0.0028333333333333,0.0033333333333333,0.69,0.04,,,earthquake,depth free,high manual,22.00674742809877,-288.78770789738996,12.961196735485313,,False,3.206157342455962
2018-04-09 02:10:55.750000,35.172999999999995,132.584,9.84,4.9,D,0.0018333333333333,0.0023333333333333,0.5,0.03,4.7,W,earthquake,depth free,high manual,21.854299467381914,-289.0843925555923,13.683328748339882,,False,2.6419233575268577
2018-04-09 02:11:07.630000,35.169999999999995,132.592,8.97,3.8,v,0.0026666666666666,0.0021666666666666,0.43,0.04,,,earthquake,depth free,high manual,21.49333374830269,-288.4015783718743,12.789733825204427,,False,3.5875742913252715
2018-04-09 02:11:49.350000,35.16166666666666,132.60616666666667,12.67,2.9,v,0.0063333333333333,0.0071666666666666,1.2,0.1,,,earthquake,depth free,high manual,20.54758075368804,-287.012613619814,16.446882953773816,,False,3.1521539716594273
2018-04-09 02:12:24.600000,35.17583333333333,132.579,8.89,3.1,V,0.0018333333333333,0.0025,0.55,0.03,,,earthquake,depth free,high manual,22.178367343341577,-289.56229141565217,12.74845893690801,,False,3.4558764799434076
2018-04-09 02:12:39.840000,35.192166666666665,132.57116666666667,8.34,1.8,v,0.0069999999999999,0.0083333333333333,0.65,0.07,,,earthquake,depth free,high manual,24.01132777075871,-290.234200227043,12.213361825934506,,False,4.127354143033086
2018-04-09 02:12:47.410000,35.1675,132.58616666666668,10.9,1.7,v,0.0031666666666666,0.0033333333333333,0.4,0.04,,,earthquake,depth free,high manual,21.24337802626821,-288.8688601426789,14.739446180601258,,False,2.2683677555160813
2018-04-09 02:13:00.880000,35.17983333333333,132.58066666666667,7.85,1.6,v,0.0038333333333333,0.004,0.95,0.07,,,earthquake,depth free,middle manual,22.612007113335338,-289.4349870694258,11.7008210257721,,False,4.347729510514075
2018-04-09 02:13:34.540000,35.174166666666665,132.589,10.79,2.3,V,0.002,0.0023333333333333,0.49,0.03,,,earthquake,depth free,high manual,21.974141293884625,-288.5923745227862,14.615367473646156,,False,1.7884842755330237
2018-04-09 02:13:42.330000,35.18516666666666,132.5761666666667,9.96,2.1,V,0.0025,0.0026666666666666,0.48,0.04,,,earthquake,depth free,high manual,23.22794566484028,-289.74661286091316,13.820516934843084,,False,2.370524123221248
2018-04-09 02:14:04.290000,35.184999999999995,132.57583333333332,12.5,1.4,V,0.0056666666666666,0.0058333333333333,1.07,0.11,,,earthquake,depth free,middle manual,23.223363061047255,-289.6843259238335,16.359996412054056,,False,1.050626714583502
2018-04-09 02:14:22.700000,35.17016666666667,132.5871666666667,8.47,0.9,v,0.0033333333333333,0.0046666666666666,0.76,0.06,,,earthquake,depth free,middle manual,21.52329158274507,-288.85742900368115,12.305866141099616,,False,3.998606761421207
2018-04-09 02:14:25.530000,35.19116666666666,132.58033333333333,11.31,1.3,V,0.0026666666666666,0.0028333333333333,0.54,0.04,,,earthquake,depth free,middle manual,23.888218620193456,-289.2982110518643,15.151682647237266,,False,1.2340619853868575
2018-04-09 02:14:35.400000,35.19,132.5635,6.0,0.6,v,0.0065,0.0069999999999999,,0.08,,,earthquake,depth slice,low manual,23.78173472232575,-291.023069125131,9.901918965883308,,False,6.507480740761296
2018-04-09 02:14:44.140000,35.1845,132.59416666666667,11.26,0.7,V,0.0021666666666666,0.003,0.56,0.05,,,earthquake,depth free,middle manual,23.107901379696813,-288.07033928408225,15.06075921401832,,False,1.1045871299782972
2018-04-09 02:14:49.250000,35.16383333333333,132.5956666666667,9.86,1.3,V,0.0016666666666666,0.002,0.42,0.03,,,earthquake,depth free,middle auto,20.803117751790506,-288.05865240193725,13.671585030279305,,False,3.3418105191390683
2018-04-09 02:15:19.200000,35.18566666666666,132.58433333333335,11.1,0.9,V,0.0033333333333333,0.0036666666666666,0.76,0.06,,,earthquake,depth free,middle manual,23.265270037420137,-288.9630503195245,14.9324176589888,,False,1.057365145077319
2018-04-09 02:15:35.350000,35.17933333333333,132.55283333333335,11.23,0.9,v,0.0043333333333333,0.0058333333333333,0.87,0.07,,,earthquake,depth free,middle manual,22.656024954266822,-291.83527799754575,15.171277242120915,,False,3.2527716067135515
2018-04-09 02:15:54.260000,35.18266666666666,132.59133333333335,12.87,2.3,V,0.0018333333333333,0.0023333333333333,0.46,0.03,,,earthquake,depth free,high manual,22.921062362686335,-288.2749337168387,16.680260948060887,,False,0.8809240744815037
2018-04-09 02:16:19.400000,35.172999999999995,132.58450000000002,9.35,2.0,V,0.002,0.0023333333333333,0.54,0.03,,,earthquake,depth free,high manual,21.850235322530622,-289.0569715311167,13.192013454247578,,False,3.073157602256021
2018-04-09 02:16:45.500000,35.169333333333334,132.59483333333336,12.09,2.2,V,0.0018333333333333,0.0023333333333333,0.47,0.03,,,earthquake,depth free,high manual,21.42783415076727,-288.03353894567203,15.898791784711582,,False,1.8564463331258507
2018-04-09 02:16:59.230000,35.16916666666666,132.58700000000002,10.43,1.5,V,0.002,0.0018333333333333,0.38,0.04,,,earthquake,depth free,middle manual,21.423322327595532,-288.8045579793307,14.26580677420123,,False,2.4188697705101627
2018-04-09 02:17:02.320000,35.16316666666666,132.60616666666667,14.34,1.3,V,0.0034999999999999,0.003,0.57,0.06,,,earthquake,depth free,middle manual,20.72311523694454,-286.94680890750857,18.11465370200144,,False,3.7019037733626425
2018-04-09 02:17:39.810000,35.187,132.5715,9.37,1.4,V,0.0021666666666666,0.0026666666666666,0.58,0.04,,,earthquake,depth free,high manual,23.442106939192644,-290.1846519206826,13.245102686317937,,False,3.094842298805189
2018-04-09 02:17:46.390000,35.172333333333334,132.59050000000002,10.26,2.2,V,0.0018333333333333,0.0023333333333333,0.49,0.03,,,earthquake,depth free,high manual,21.763532341513496,-288.4822598800627,14.082107625731808,,False,2.3435017001031557
2018-04-09 02:18:04.420000,35.1955,132.5715,9.68,1.4,V,0.0034999999999999,0.0026666666666666,0.54,0.05,,,earthquake,depth free,middle manual,24.386887109547548,-290.14287679125664,13.549072509001933,,False,3.0564186088492318
2018-04-09 02:18:39.940000,35.17633333333333,132.58116666666666,8.82,0.7,V,0.0045,0.0048333333333333,0.75,0.08,,,earthquake,depth free,middle manual,22.22713360655979,-289.36665070634695,12.670990598167672,,False,3.472888359227788
2018-04-09 02:18:45.740000,35.17766666666667,132.58766666666668,13.08,1.3,V,0.002,0.002,0.35,0.03,,,earthquake,depth free,middle auto,22.378322243783416,-288.6172161819073,16.905705336545736,,False,1.2305216123964888
2018-04-09 02:19:17.390000,35.178,132.58583333333334,9.01,3.1,V,0.0018333333333333,0.0023333333333333,0.54,0.03,,,earthquake,depth free,high manual,22.39941766268503,-288.93072158691314,12.84427620541945,,False,3.207463166105671
2018-04-09 02:19:47.700000,35.17033333333333,132.58950000000002,9.48,2.0,V,0.0028333333333333,0.0031666666666666,0.52,0.05,,,earthquake,depth free,high manual,21.54036765892746,-288.6084497634341,13.307372844103815,,False,3.1016381603883434
2018-04-09 02:19:59.420000,35.18216666666667,132.60916666666665,10.69,1.6,V,0.0021666666666666,0.0025,0.49,0.05,,,earthquake,depth free,middle manual,22.802412879026143,-286.7400051318213,14.44364392877619,,False,2.5133499844861444
2018-04-09 02:20:33.150000,35.17166666666667,132.58916666666667,9.85,2.4,V,0.0018333333333333,0.0023333333333333,0.51,0.03,,,earthquake,depth free,high manual,21.69127514597676,-288.62043471574725,13.677255055836872,,False,2.7078063772502476
2018-04-09 02:20:52.270000,35.1735,132.59050000000002,9.75,1.7,V,0.0055,0.0043333333333333,0.72,0.1,,,earthquake,depth free,high manual,21.89027942459109,-288.4967030019997,13.571614766206524,,False,2.705888660226379
2018-04-09 02:21:26.320000,35.18366666666666,132.59683333333334,11.8,1.5,V,0.0016666666666666,0.002,0.42,0.03,,,earthquake,depth free,middle auto,23.010436728141627,-287.81203066584925,15.592221641893708,,False,0.9857450522848079
2018-04-09 02:21:51.410000,35.19533333333333,132.57216666666667,11.1,1.5,V,0.0028333333333333,0.0028333333333333,0.53,0.05,,,earthquake,depth free,middle auto,24.37340383516733,-290.030949310262,14.96600248200699,,False,2.047554442829159
2018-04-09 02:22:40.570000,35.17983333333333,132.57033333333334,10.7,0.6,V,0.0038333333333333,0.0034999999999999,0.72,0.06,,,earthquake,depth free,middle manual,22.65713071033356,-290.26717328425906,14.583069378060465,,False,2.1279785703885983
2018-04-09 02:22:53.640000,35.1815,132.57483333333332,7.68,1.0,V,0.003,0.0031666666666666,0.72,0.05,,,earthquake,depth free,middle manual,22.813256981593,-289.9641461887169,11.54905780537726,,False,4.59119313694367
2018-04-09 02:23:19.990000,35.12983333333333,132.5896666666667,11.08,0.5,V,0.0153333333333333,0.0211666666666666,3.9,0.41,,,earthquake,depth free,low auto,17.055291862197624,-288.67885462096336,14.936646665732397,,False,6.181990379955779
2018-04-09 02:23:53.800000,35.18666666666666,132.573,11.91,2.3,V,0.0018333333333333,0.0023333333333333,0.47,0.03,,,earthquake,depth free,high manual,23.413560595461274,-289.95669888369304,15.778620336843112,,False,1.2784488616792036
2018-04-09 02:24:16.970000,35.187666666666665,132.57133333333334,12.33,3.2,V,0.002,0.0025,0.48,0.03,,,earthquake,depth free,high manual,23.531504800711197,-290.08870367930115,16.20316068588182,,False,1.44399987637276
2018-04-09 02:24:32.820000,35.180499999999995,132.583,8.9,2.3,V,0.0036666666666666,0.0036666666666666,0.66,0.07,,,earthquake,depth free,high manual,22.68459521148121,-289.18268068499725,12.741929199602115,,False,3.279867142003538
2018-04-09 02:24:53.540000,35.169333333333334,132.59300000000002,9.53,1.7,V,0.0025,0.0025,0.4,0.03,,,earthquake,depth free,high manual,21.419433604931125,-288.2928922081857,13.34654937093065,,False,3.1602737683576145
2018-04-09 02:25:37.410000,35.198166666666665,132.5715,10.48,1.3,V,0.0034999999999999,0.0041666666666666,0.65,0.07,,,earthquake,depth free,middle auto,24.68668504400949,-290.1039764424423,14.34672779432742,,False,2.619288890858865
2018-04-09 02:25:44.640000,35.174,132.58450000000002,9.99,1.3,V,0.003,0.0033333333333333,0.63,0.07,,,earthquake,depth free,middle auto,21.96459147232899,-289.0300301683508,13.830859007304609,,False,2.4535986166589994
2018-04-09 02:25:59.620000,35.16166666666666,132.578,8.3,1.4,V,0.0023333333333333,0.0028333333333333,0.65,0.04,,,earthquake,depth free,middle auto,20.6058405329481,-289.7250982649351,12.172480449914614,,False,4.669817894204062
2018-04-09 02:26:09.400000,35.172666666666665,132.58933333333334,10.67,2.5,V,0.0018333333333333,0.0021666666666666,0.47,0.03,,,earthquake,depth free,high manual,21.806107807293444,-288.57187128423476,14.495428829739032,,False,1.9910360922300647
2018-04-09 02:26:23.260000,35.18816666666666,132.59183333333334,10.29,1.7,V,0.005,0.0051666666666666,0.74,0.08,,,earthquake,depth free,high manual,23.51660170024932,-288.304072551252,14.09654210456613,,False,1.9380963249567147
2018-04-09 02:27:31.300000,35.1825,132.58333333333334,10.89,1.2,V,0.005,0.0051666666666666,0.79,0.1,,,earthquake,depth free,middle manual,22.91580413932843,-289.0726151131623,14.728067824810267,,False,1.2987966830062154
2018-04-09 02:28:10.810000,35.1875,132.57433333333333,10.13,1.3,V,0.0033333333333333,0.0043333333333333,0.77,0.06,,,earthquake,depth free,middle auto,23.49309906286981,-289.89819682364487,13.994849334038795,,False,2.3131755192450036
2018-04-09 02:28:22.310000,35.19016666666666,132.57633333333334,12.11,2.4,V,0.0018333333333333,0.0023333333333333,0.46,0.03,,,earthquake,depth free,high manual,23.79301700301936,-289.63488126232187,15.965039483334523,,False,1.1186929987772727
2018-04-09 02:29:07.600000,35.177166666666665,132.58700000000002,8.98,1.2,V,0.0073333333333333,0.0073333333333333,1.17,0.13,,,earthquake,depth free,middle manual,22.30336278477986,-288.82902158606856,12.811043129175635,,False,3.2583131588102496
2018-04-09 02:29:23.100000,35.18483333333333,132.5915,11.32,1.1,V,0.0025,0.0026666666666666,0.69,0.04,,,earthquake,depth free,middle manual,23.15297592535049,-288.3086028666238,15.12925016817003,,False,0.9212348892853335
2018-04-09 02:29:41.770000,35.1815,132.58266666666665,8.5,0.7,V,0.0036666666666666,0.0041666666666666,0.96,0.06,,,earthquake,depth free,middle auto,22.794490219986297,-289.2239561213721,12.342598201531995,,False,3.6649977292566143
2018-04-09 02:29:51.370000,35.1625,132.60433333333333,13.5,1.0,v,0.0051666666666666,0.0046666666666666,0.64,0.08,,,earthquake,depth free,middle manual,20.64990650211544,-287.1457087107431,17.281704726039322,,False,3.239740556005755
2018-04-09 02:30:04.870000,35.17166666666667,132.58466666666666,12.16,0.7,v,0.01,0.011,1.6,0.22,,,earthquake,depth free,middle manual,21.716755694477733,-288.94395501263836,16.000508783975175,,False,1.4544501967502674
2018-04-09 02:30:12.740000,35.17066666666666,132.5915,10.27,1.3,V,0.0021666666666666,0.0025,0.54,0.04,,,earthquake,depth free,middle auto,21.575734703310356,-288.39717508921586,14.090014036343335,,False,2.46308521441758
2018-04-09 02:30:32.640000,35.17166666666667,132.58666666666667,9.14,4.0,D,0.0018333333333333,0.0023333333333333,0.54,0.03,4.0,V,earthquake,depth free,high manual,21.694807543397843,-288.8729683647462,12.97597316755949,,False,3.320044911773808
2018-04-09 02:31:42.730000,35.186166666666665,132.578,11.18,2.2,V,0.0018333333333333,0.0021666666666666,0.43,0.03,,,earthquake,depth free,high manual,23.33971279133469,-289.5322166884269,15.03292474635316,,False,1.2443022670382267
2018-04-09 02:32:13.330000,35.17166666666667,132.58333333333334,8.31,1.5,v,0.0026666666666666,0.0031666666666666,0.67,0.04,,,earthquake,depth free,middle manual,21.700150412496484,-289.2054935763232,12.157533086983827,,False,4.094723188755206
2018-04-09 02:32:26.330000,35.18566666666666,132.5915,11.6,1.4,V,0.0025,0.0031666666666666,0.52,0.05,,,earthquake,depth free,middle auto,23.246848872740255,-288.2954432257855,15.40848154033606,,False,0.6967348117588128
2018-04-09 02:32:37.870000,35.169666666666664,132.585,8.79,2.6,V,0.002,0.0025,0.57,0.03,,,earthquake,depth free,high manual,21.47585956283468,-289.04396663159844,12.6331542658167,,False,3.735145689800888
2018-04-09 02:33:00.980000,35.17133333333333,132.58983333333333,9.09,2.8,V,0.0018333333333333,0.0023333333333333,0.53,0.03,,,earthquake,depth free,high manual,21.648281757070155,-288.5888966793047,12.915817180045163,,False,3.3933674678162244
2018-04-09 02:33:30.810000,35.184666666666665,132.589,12.21,1.7,V,0.0021666666666666,0.0025,0.51,0.04,,,earthquake,depth free,high manual,23.14633581242991,-288.50327105726325,16.026986825833962,,False,0.22626204292228233
2018-04-09 02:34:09.440000,35.166333333333334,132.6,8.71,0.6,V,0.0069999999999999,0.0063333333333333,0.79,0.09,,,earthquake,depth free,middle manual,21.061642489115535,-287.6987188719511,12.50630619014057,,False,4.1596168769780295
2018-04-09 02:34:22.980000,35.1305,132.62483333333333,1.46,0.6,V,0.0096666666666666,0.0103333333333333,3.9,0.26,,,earthquake,depth free,low auto,16.968594270048545,-285.8338530498339,5.207521936594035,,False,12.730360072100424
2018-04-09 02:34:52.330000,35.18583333333333,132.57733333333334,8.77,0.8,V,0.0025,0.0026666666666666,0.59,0.04,,,earthquake,depth free,middle manual,23.29245233575167,-289.6820876314806,12.6270083381688,,False,3.467486649503053
2018-04-09 02:35:15.480000,35.167833333333334,132.58833333333334,10.95,3.3,V,0.003,0.0036666666666666,0.77,0.05,,,earthquake,depth free,high manual,21.27428855192146,-288.6694728562777,14.78203119206724,,False,2.2149825973215544
2018-04-09 02:35:51.600000,35.180166666666665,132.58533333333335,12.63,1.9,V,0.0021666666666666,0.0023333333333333,0.5,0.04,,,earthquake,depth free,high manual,22.66008684262435,-288.83614024087484,16.46192883916636,,False,0.7169601270884879
2018-04-09 02:36:31.320000,35.17133333333333,132.59133333333335,11.44,2.1,V,0.0018333333333333,0.0021666666666666,0.45,0.03,,,earthquake,depth free,high manual,21.65643703419382,-288.36728273535596,15.259286817011928,,False,1.686803031723159
2018-04-09 02:36:48.590000,35.19033333333333,132.577,9.82,1.3,V,0.0038333333333333,0.0043333333333333,0.8,0.1,,,earthquake,depth free,middle manual,23.798100287155897,-289.6577755202823,13.674286361941464,,False,2.54967066239001
2018-04-09 02:37:24.790000,35.196666666666665,132.5991666666667,12.07,1.0,v,0.0098333333333333,0.0086666666666666,1.75,0.17,,,earthquake,depth free,middle manual,24.447049400472892,-287.54474379182307,15.845481596346575,,False,1.750057004560728
2018-04-09 02:38:05.230000,35.189,132.57116666666667,9.53,0.6,v,0.0055,0.0055,1.06,0.09,,,earthquake,depth free,low auto,23.66583374019093,-290.20183692029065,13.404716321709786,,False,2.994793042745738
2018-04-09 02:38:17.490000,35.194,132.556,9.69,0.9,V,0.0103333333333333,0.0116666666666666,2.38,0.18,,,earthquake,depth free,middle auto,24.266178582764176,-291.5525151952294,13.611607579285277,,False,3.8427498843124757
2018-04-09 02:38:30.640000,35.17366666666666,132.58350000000002,9.29,1.6,V,0.0026666666666666,0.0028333333333333,0.6,0.04,,,earthquake,depth free,middle auto,21.926829445358596,-289.1474419582591,13.13487447738062,,False,3.1047075724812974
2018-04-09 02:38:46.670000,35.16833333333333,132.58816666666667,8.72,2.8,V,0.002,0.0026666666666666,0.6,0.03,,,earthquake,depth free,high manual,21.318233675915195,-288.76416025668493,12.55373285732167,,False,3.864500380345983
2018-04-09 02:39:17.260000,35.19799999999999,132.5745,10.6,1.6,V,0.0043333333333333,0.0034999999999999,0.71,0.08,,,earthquake,depth free,middle manual,24.659960140525687,-289.82835193810024,14.456822317687656,,False,2.3977449784869775
2018-04-09 02:39:31.940000,35.1785,132.58383333333333,11.83,1.6,v,0.0033333333333333,0.0036666666666666,0.67,0.06,,,earthquake,depth free,middle manual,22.475453314851286,-289.007200585453,15.668596315794796,,False,0.7902396431091135
2018-04-09 02:39:33.530000,35.165,132.59983333333335,11.0,1.8,V,0.0021666666666666,0.003,0.59,0.04,,,earthquake,depth free,high manual,20.926633322433553,-287.6353829042384,14.796284998914704,,False,2.7329015336737728
2018-04-09 02:40:14.910000,35.18566666666666,132.5795,9.63,1.1,V,0.0033333333333333,0.0034999999999999,0.59,0.05,,,earthquake,depth free,middle manual,23.271965926757364,-289.45480987183726,13.47937356844739,,False,2.5855492975742016
2018-04-09 02:40:19.140000,35.19116666666666,132.57433333333333,12.89,2.0,V,0.0018333333333333,0.0025,0.44,0.03,,,earthquake,depth free,high manual,23.91370024614441,-289.78389422520553,16.750436524164368,,False,1.5327141094901588
2018-04-09 02:40:58.200000,35.18783333333333,132.578,9.21,0.5,v,0.0098333333333333,0.012,1.98,0.18,,,earthquake,depth free,low auto,23.514678708478943,-289.5984079917178,13.063117365781626,,False,3.0443752243080113
2018-04-09 02:41:27.260000,35.18083333333333,132.5885,11.72,0.8,v,0.0038333333333333,0.0043333333333333,0.76,0.06,,,earthquake,depth free,middle auto,22.720061048825016,-288.5800686462904,15.541647791140315,,False,0.6138113467389126
2018-04-09 02:41:45.620000,35.18,132.5761666666667,8.86,0.5,v,0.0051666666666666,0.0058333333333333,0.54,0.08,,,earthquake,depth free,middle manual,22.648948140561448,-289.80537037051994,12.724892192813671,,False,3.445126946011007
2018-04-09 02:41:55.680000,35.16616666666666,132.5935,10.56,0.6,V,0.0034999999999999,0.0036666666666666,0.53,0.06,,,earthquake,depth free,middle manual,21.072160377330356,-288.22130468147316,14.376516146337703,,False,2.6581754481753737
2018-04-09 02:42:12.180000,35.18933333333333,132.56799999999998,10.03,0.6,V,0.003,0.003,0.54,0.05,,,earthquake,depth free,middle manual,23.714648076334797,-290.4692600096201,13.91464642899444,,False,2.7469980642909397
2018-04-09 02:42:17.370000,35.1755,132.5815,10.79,1.4,V,0.0026666666666666,0.0031666666666666,0.61,0.04,,,earthquake,depth free,middle auto,22.144033049111236,-289.2673498447101,14.639139120499438,,False,1.7465724667992153
2018-04-09 02:42:29.100000,35.18983333333333,132.56783333333334,9.27,0.9,V,0.0038333333333333,0.0033333333333333,0.69,0.07,,,earthquake,depth free,middle manual,23.76681621175064,-290.51051273592,13.155378942402924,,False,3.3805303353313096
2018-04-09 02:42:56.540000,35.172666666666665,132.585,9.78,1.4,V,0.002,0.0023333333333333,0.5,0.03,,,earthquake,depth free,middle auto,21.81406342369048,-288.9971257197485,13.620311176550524,,False,2.705496164146486
2018-04-09 02:43:04.890000,35.19533333333333,132.57133333333334,11.51,1.5,V,0.0028333333333333,0.0033333333333333,0.51,0.06,,,earthquake,depth free,middle auto,24.377866365870215,-290.0913996839273,15.378482151887264,,False,1.9288129366797142
2018-04-09 02:43:29.820000,35.112,132.5931666666667,7.0,0.6,V,0.0148333333333333,0.0139999999999999,,0.19,,,earthquake,depth slice,low auto,15.040593449271547,-288.57341674485093,10.862538014131497,,False,9.579053069589712
2018-04-09 02:43:41.920000,35.18066666666667,132.58616666666668,12.7,1.1,V,0.002,0.0025,0.46,0.03,,,earthquake,depth free,middle auto,22.71346749353825,-288.75630861263517,16.528783244345778,,False,0.7238891927870758
2018-04-09 02:43:53.580000,35.18,132.5855,11.76,0.9,v,0.0033333333333333,0.0028333333333333,0.44,0.06,,,earthquake,depth free,middle manual,22.636603888009027,-288.8534020093121,15.592089032579052,,False,0.6452585088914384
2018-04-09 02:44:09.700000,35.18333333333333,132.5871666666667,13.95,0.7,V,0.005,0.0048333333333333,0.75,0.06,,,earthquake,depth free,middle manual,23.01271950556567,-288.61061793539756,17.772770448850334,,False,1.8265671276183295
2018-04-09 02:44:42.280000,35.17466666666667,132.58583333333334,9.06,0.9,V,0.0033333333333333,0.0038333333333333,0.77,0.05,,,earthquake,depth free,middle manual,22.02975371989579,-288.94075986068685,12.896618033700276,,False,3.26541563274279
2018-04-09 02:45:16.950000,35.18433333333333,132.606,11.07,1.2,V,0.002,0.0021666666666666,0.44,0.03,,,earthquake,depth free,middle auto,23.053955778225912,-287.00555637404716,14.832224342993577,,False,2.0495885234190583
2018-04-09 02:45:29.440000,35.18083333333333,132.57983333333334,10.62,1.5,V,0.0028333333333333,0.0031666666666666,0.68,0.05,,,earthquake,depth free,middle auto,22.739760043196977,-289.40560484999753,14.470976948645626,,False,1.6868414807814347
2018-04-09 02:45:58.610000,35.19133333333333,132.572,10.11,1.0,V,0.0028333333333333,0.003,0.6,0.05,,,earthquake,depth free,middle auto,23.925198286260905,-290.0966823808989,13.97995456792882,,False,2.529483718954378
2018-04-09 02:46:10.640000,35.18066666666667,132.58666666666667,11.01,1.1,V,0.004,0.004,0.65,0.08,,,earthquake,depth free,middle auto,22.703263853269057,-288.7726929288508,14.838284874924252,,False,1.2047867474956164
2018-04-09 02:46:22.450000,35.169999999999995,132.59066666666666,11.0,1.2,V,0.0023333333333333,0.0028333333333333,0.59,0.04,,,earthquake,depth free,middle auto,21.508112512971895,-288.4484719002323,14.822742605446484,,False,2.0146074809963705
2018-04-09 02:46:39.580000,35.183,132.58066666666667,9.23,1.1,V,0.0023333333333333,0.0026666666666666,0.57,0.04,,,earthquake,depth free,middle auto,22.97057942475017,-289.3732109937198,13.077652173785983,,False,2.9564450654275523
2018-04-09 02:47:05.550000,35.169666666666664,132.589,10.0,2.2,V,0.002,0.0026666666666666,0.55,0.03,,,earthquake,depth free,high manual,21.470639973423232,-288.6371813642632,13.829148860529294,,False,2.711832123247591
2018-04-09 02:47:10.920000,35.177499999999995,132.58733333333333,12.08,2.3,V,0.0018333333333333,0.0023333333333333,0.41,0.03,,,earthquake,depth free,high manual,22.35558520995842,-288.6844972634423,15.907600834695426,,False,0.799244006095714
2018-04-09 02:47:41.400000,35.1845,132.58883333333335,12.41,1.4,v,0.0041666666666666,0.0038333333333333,0.56,0.07,,,earthquake,depth free,middle manual,23.129357227773923,-288.5116701750291,16.22751573514084,,False,0.34258551535898024
2018-04-09 02:48:04.600000,35.190666666666665,132.57366666666667,10.9,1.0,V,0.0051666666666666,0.0058333333333333,0.89,0.09,,,earthquake,depth free,middle auto,23.850270007625483,-289.91905606831193,14.764348944078126,,False,1.829494368617053
2018-04-09 02:48:12.400000,35.180499999999995,132.591,12.42,1.2,V,0.0075,0.0093333333333333,1.25,0.14,,,earthquake,depth free,middle auto,22.679398985687342,-288.32922259477823,16.233182618679084,,False,0.6726291687575273
2018-04-09 02:48:28.990000,35.17016666666667,132.59933333333333,12.51,0.9,v,0.0031666666666666,0.004,0.56,0.05,,,earthquake,depth free,middle auto,21.5093967025738,-287.6075508924683,16.30313994511365,,False,2.013502489377595
2018-04-09 02:49:13.110000,35.16433333333333,132.59016666666668,11.84,3.2,V,0.0018333333333333,0.0023333333333333,0.45,0.03,,,earthquake,depth free,high manual,20.885478613714746,-288.48329497240996,15.667954027053808,,False,2.2973157657238783
2018-04-09 02:50:16.480000,35.181666666666665,132.58450000000002,11.67,1.0,V,0.0028333333333333,0.0034999999999999,0.58,0.06,,,earthquake,depth free,middle manual,22.823951871362844,-288.9413669411781,15.504273662994647,,False,0.600909341843279
2018-04-09 02:50:42.610000,35.16116666666667,132.595,10.07,1.2,V,0.002,0.0025,0.53,0.03,,,earthquake,depth free,middle manual,20.51031949764861,-288.1209075451296,13.885603415149845,,False,3.4087731778464248
2018-04-09 02:50:43.570000,35.169999999999995,132.59300000000002,9.34,1.7,V,0.0016666666666666,0.0021666666666666,0.46,0.03,,,earthquake,depth free,high manual,21.492394659479487,-288.29744392228497,13.156194565457968,,False,3.2810166713529285
2018-04-09 02:51:34.140000,35.18983333333333,132.57666666666665,9.81,0.6,v,0.0043333333333333,0.0038333333333333,0.66,0.08,,,earthquake,depth free,middle auto,23.74354684498544,-289.6901352635387,13.66573889617532,,False,2.5562349877436765
2018-04-09 02:51:46.720000,35.18866666666666,132.58316666666667,9.19,0.6,v,0.0071666666666666,0.0073333333333333,1.21,0.13,,,earthquake,depth free,middle auto,23.591904205087193,-289.12787845815717,13.02549040085906,,False,2.990250502754777
2018-04-09 02:52:02.200000,35.196,132.5675,9.75,0.7,V,0.0034999999999999,0.0033333333333333,0.57,0.05,,,earthquake,depth free,middle manual,24.454482942456615,-290.50099680915577,13.63195350511905,,False,3.204732756109367
2018-04-09 02:52:05.520000,35.186499999999995,132.57383333333334,10.23,1.1,V,0.005,0.0053333333333333,1.12,0.09,,,earthquake,depth free,middle manual,23.38411621999906,-289.94341362745723,14.097128712043984,,False,2.237596352229462
2018-04-09 02:52:17.240000,35.18733333333333,132.5715,8.99,1.1,V,0.004,0.004,0.65,0.06,,,earthquake,depth free,middle manual,23.47717899681887,-290.19741007005933,12.865132902522358,,False,3.4410314034335805
2018-04-09 02:52:35.900000,35.17483333333333,132.58483333333334,10.56,1.2,V,0.0025,0.003,0.51,0.05,,,earthquake,depth free,middle auto,22.059088240309062,-288.9760291331116,14.39877436425306,,False,1.91934112928888
2018-04-09 02:52:51.810000,35.17883333333333,132.585,12.44,1.7,V,0.0018333333333333,0.0023333333333333,0.46,0.03,,,earthquake,depth free,high manual,22.51218710777469,-288.8780231173502,16.274098420602797,,False,0.7335286022914924
2018-04-09 02:53:30.920000,35.1825,132.5855,10.36,0.7,V,0.0025,0.0026666666666666,0.59,0.05,,,earthquake,depth free,middle auto,22.90673467710621,-288.89562560033954,14.191283763786227,,False,1.7893968373947784
2018-04-09 02:53:47.800000,35.19083333333333,132.57416666666666,10.75,0.9,v,0.006,0.0061666666666666,1.03,0.13,,,earthquake,depth free,middle manual,23.86654349531714,-289.87865667658684,14.612682195176928,,False,1.9127609912669745
2018-04-09 02:53:54.940000,35.183,132.5896666666667,13.03,2.0,V,0.0021666666666666,0.0026666666666666,0.47,0.03,,,earthquake,depth free,high manual,22.963724346519395,-288.4189023022121,16.845400289216656,,False,0.9582535415468858
2018-04-09 02:53:58.610000,35.17816666666666,132.57916666666665,8.92,2.7,V,0.0021666666666666,0.0028333333333333,0.65,0.04,,,earthquake,depth free,high manual,22.436988342125083,-289.53776169398856,12.776226724803038,,False,3.35973875256172
2018-04-09 02:54:50.600000,35.1845,132.57233333333332,10.54,2.2,V,0.002,0.0026666666666666,0.55,0.03,,,earthquake,depth free,high manual,23.168192386298955,-290.0751200304434,14.413275034606164,,False,2.0540683567491516
2018-04-09 02:55:06.220000,35.17466666666667,132.58983333333333,7.9,1.5,V,0.0026666666666666,0.0036666666666666,0.73,0.07,,,earthquake,depth free,middle manual,22.011924332346727,-288.6204318467806,11.724228018226858,,False,4.382695185249941
2018-04-09 02:55:45.750000,35.17166666666667,132.58866666666668,10.99,1.3,V,0.0028333333333333,0.0033333333333333,0.65,0.05,,,earthquake,depth free,middle auto,21.698813912053883,-288.6241766532703,14.818126585160792,,False,1.8478404797662757
2018-04-09 02:56:14.100000,35.19383333333333,132.5765,12.34,1.0,V,0.0025,0.0026666666666666,0.51,0.04,,,earthquake,depth free,middle auto,24.20038502407327,-289.5982700187821,16.191828764677187,,False,1.389012534302953
2018-04-09 02:56:40.800000,35.231833333333334,132.54149999999998,12.56,0.8,V,0.0046666666666666,0.0056666666666666,0.81,0.1,,,earthquake,depth free,middle manual,28.51952741862916,-292.62339261677414,16.5037340014953,,False,6.660255609615894
2018-04-09 02:57:00.300000,35.17516666666666,132.58183333333332,9.28,1.8,V,0.0018333333333333,0.0023333333333333,0.53,0.03,,,earthquake,depth free,high manual,22.09812235051878,-289.2935490486275,13.12930790633774,,False,3.070333586327962
2018-04-09 02:58:01.890000,35.19,132.5735,11.05,1.7,V,0.002,0.0025,0.53,0.03,,,earthquake,depth free,high manual,23.777546828400705,-289.93103742169683,14.91525526271275,,False,1.7156117410906722
2018-04-09 02:58:12.920000,35.17916666666667,132.57433333333333,8.15,2.1,V,0.002,0.0026666666666666,0.63,0.03,,,earthquake,depth free,high manual,22.5581643688357,-290.0005787943381,12.02203765536436,,False,4.1791887244575765
2018-04-09 02:58:28.290000,35.1755,132.58316666666667,8.99,1.2,V,0.0058333333333333,0.0063333333333333,1.12,0.13,,,earthquake,depth free,middle manual,22.129679334233153,-289.1820944777364,12.834866029494307,,False,3.3160148313166724
2018-04-09 02:59:08.240000,35.17966666666666,132.58450000000002,11.54,1.4,V,0.0023333333333333,0.0025,0.51,0.04,,,earthquake,depth free,middle auto,22.601413539109977,-288.9532347917654,15.375770435350375,,False,0.8334810882825524
2018-04-09 02:59:58.880000,35.1755,132.58566666666667,11.44,1.5,V,0.0016666666666666,0.002,0.38,0.03,,,earthquake,depth free,middle auto,22.13524564695259,-288.86599602434615,15.274951332192078,,False,1.232653647951845
2018-04-09 03:00:25.760000,35.168166666666664,132.5935,10.38,1.0,V,0.0028333333333333,0.0028333333333333,0.59,0.05,,,earthquake,depth free,middle auto,21.29309255178549,-288.2207598629484,14.19517805502845,,False,2.607905474787128
2018-04-09 03:00:40.970000,35.189,132.58916666666667,11.99,2.9,V,0.0021666666666666,0.0025,0.52,0.03,,,earthquake,depth free,high manual,23.62540758568221,-288.48078959046904,15.803589006267616,,False,0.5498340187209142
2018-04-09 03:01:33.170000,35.181666666666665,132.58700000000002,12.13,1.4,V,0.002,0.0023333333333333,0.43,0.03,,,earthquake,depth free,middle auto,22.819005085992753,-288.69805701106316,15.955722710332395,,False,0.3343197443296023
2018-04-09 03:02:35.160000,35.215,132.56400000000002,12.28,1.3,V,0.0021666666666666,0.0025,0.5,0.04,,,earthquake,depth free,middle auto,26.58467019803036,-290.6569359541653,16.159353999032234,,False,3.947278561622967
2018-04-09 03:03:05.120000,35.194,132.5755,10.07,0.7,V,0.0034999999999999,0.0046666666666666,0.85,0.09,,,earthquake,depth free,middle manual,24.210606420800374,-289.77145580643065,13.9265754368981,,False,2.5185467877241736
2018-04-09 03:03:34.540000,35.17916666666667,132.57366666666667,8.51,1.8,V,0.0018333333333333,0.0023333333333333,0.54,0.03,,,earthquake,depth free,high manual,22.561993314702065,-290.0478132716905,12.383998774121078,,False,3.8559786187853495
2018-04-09 03:04:04.170000,35.18116666666666,132.59016666666668,11.96,0.9,V,0.0034999999999999,0.0046666666666666,0.86,0.09,,,earthquake,depth free,middle auto,22.75340455013548,-288.419120449234,15.775766088622136,,False,0.5297042613301454
2018-04-09 03:04:55.270000,35.18533333333333,132.58950000000002,11.0,0.9,V,0.0028333333333333,0.0031666666666666,0.69,0.05,,,earthquake,depth free,middle auto,23.212661370488117,-288.49971351769733,14.815697945337806,,False,1.1612219402372757
2018-04-09 03:05:21.110000,35.16916666666666,132.58950000000002,9.76,1.5,V,0.0016666666666666,0.002,0.42,0.03,,,earthquake,depth free,middle auto,21.41240711318408,-288.6023864975154,13.588028777361492,,False,2.939951574319795
2018-04-09 03:05:32.360000,35.18066666666667,132.5956666666667,11.63,1.5,V,0.0028333333333333,0.0034999999999999,0.64,0.06,,,earthquake,depth free,middle auto,22.680170212951907,-287.93456177835105,15.428267326101148,,False,1.055281061635852
2018-04-09 03:05:56.500000,35.1905,132.57316666666665,11.21,0.8,V,0.0034999999999999,0.004,0.52,0.06,,,earthquake,depth free,middle manual,23.83479662816388,-289.95358383324924,15.07590629487184,,False,1.6628865603687961
2018-04-09 03:06:15.800000,35.181666666666665,132.57516666666666,9.01,1.6,V,0.0016666666666666,0.0021666666666666,0.44,0.03,,,earthquake,depth free,middle auto,22.837625980406763,-289.8845690302241,12.876925089776844,,False,3.3066588703325843
2018-04-09 03:06:37.130000,35.18683333333333,132.60116666666667,12.73,1.4,V,0.0023333333333333,0.003,0.56,0.04,,,earthquake,depth free,middle auto,23.353800959155567,-287.37444207578824,16.50519228882292,,False,1.465426536287236
2018-04-09 03:06:59.870000,35.193666666666665,132.5745,10.48,1.2,V,0.0021666666666666,0.0025,0.52,0.03,,,earthquake,depth free,middle auto,24.17858244370787,-289.8482317032281,14.33983071144023,,False,2.222287668789154
2018-04-09 03:07:35.920000,35.18216666666667,132.57783333333333,9.08,0.8,V,0.0021666666666666,0.0025,0.49,0.04,,,earthquake,depth free,middle auto,22.885643231301795,-289.638497287217,12.937702958347217,,False,3.165728058822532
2018-04-09 03:08:56.260000,35.1795,132.6025,9.66,0.6,V,0.0063333333333333,0.0041666666666666,0.78,0.12,,,earthquake,depth free,middle manual,22.520585925267433,-287.39096794453064,13.438010872490862,,False,2.914342683577341
2018-04-09 03:09:17.420000,35.175666666666665,132.58233333333334,8.81,0.9,V,0.0036666666666666,0.0036666666666666,0.71,0.06,,,earthquake,depth free,middle manual,22.149672286557635,-289.2636270280156,12.65762054616664,,False,3.4893001070253775
2018-04-09 03:10:09.220000,35.1975,132.5735,10.88,1.3,V,0.0018333333333333,0.0023333333333333,0.46,0.03,,,earthquake,depth free,middle auto,24.60878705266629,-289.91047469119854,14.740276806796698,,False,2.240066522453013
2018-04-09 03:10:18.610000,35.19283333333333,132.57416666666666,10.0,1.4,V,0.0025,0.003,0.66,0.05,,,earthquake,depth free,middle auto,24.084723449915263,-289.8990142428385,13.861829762820834,,False,2.577701165689098
2018-04-09 03:10:43.510000,35.18366666666666,132.5855,12.21,0.7,V,0.0021666666666666,0.0026666666666666,0.39,0.04,,,earthquake,depth free,middle manual,23.04565226553621,-288.8239235377676,16.039209723602852,,False,0.1729620928887789
2018-04-09 03:11:12.540000,35.169999999999995,132.592,9.18,1.8,V,0.0026666666666666,0.0033333333333333,0.75,0.04,,,earthquake,depth free,high manual,21.494459445449824,-288.39392842877453,12.99959142258094,,False,3.4040408434374343
2018-04-09 03:11:31.860000,35.16433333333333,132.59883333333337,11.3,1.6,V,0.0016666666666666,0.0023333333333333,0.42,0.03,,,earthquake,depth free,middle auto,20.85722501677111,-287.7174829361385,15.09985106623188,,False,2.645838311062373
2018-04-09 03:11:46.490000,35.17516666666666,132.585,8.7,1.4,V,0.0031666666666666,0.0038333333333333,0.64,0.05,,,earthquake,depth free,middle auto,22.085787037722955,-289.0276741118993,12.539253347103836,,False,3.5916574575219906
2018-04-09 03:12:13.260000,35.1935,132.562,10.36,1.0,V,0.0025,0.0031666666666666,0.7,0.05,,,earthquake,depth free,middle auto,24.196290022472542,-290.9858940666885,14.261502438251604,,False,3.0168169273444914
2018-04-09 03:12:29.650000,35.17733333333333,132.57883333333334,9.25,2.3,V,0.0021666666666666,0.0026666666666666,0.61,0.03,,,earthquake,depth free,high manual,22.347208286353865,-289.55886968751196,13.10769477432634,,False,3.0760735820822886
2018-04-09 03:13:38.370000,35.178999999999995,132.58566666666667,10.11,0.9,V,0.0026666666666666,0.003,0.53,0.05,,,earthquake,depth free,middle manual,22.51660470210475,-288.9021057336763,13.943368708105462,,False,2.117611360767734
2018-04-09 03:13:55.160000,35.20066666666667,132.57116666666667,10.67,1.2,V,0.0023333333333333,0.0026666666666666,0.58,0.04,,,earthquake,depth free,middle auto,24.96596113733885,-290.1182632758164,14.53603091871246,,False,2.6948669313137135
2018-04-09 03:14:04.610000,35.17283333333333,132.58666666666667,9.61,1.0,V,0.004,0.0034999999999999,0.62,0.07,,,earthquake,depth free,middle manual,21.82677463304802,-288.8516612101653,13.44481258799126,,False,2.841802969740395
2018-04-09 03:15:11.350000,35.18583333333333,132.57366666666667,9.87,0.5,v,0.0028333333333333,0.0025,0.31,0.04,,,earthquake,depth free,middle manual,23.308807569280933,-289.9741044211836,13.738390233550202,,False,2.5525126965507066
2018-04-09 03:15:14.940000,35.17166666666667,132.59333333333333,12.4,1.8,V,0.0018333333333333,0.0023333333333333,0.45,0.03,,,earthquake,depth free,high manual,21.69269127412997,-288.1498985509598,16.211821293135404,,False,1.58749742539867
2018-04-09 03:15:46.810000,35.1855,132.59183333333334,11.17,0.9,V,0.0025,0.003,0.63,0.05,,,earthquake,depth free,middle manual,23.22519738717248,-288.28149456305067,14.977792263144831,,False,1.0722960683182543
2018-04-09 03:15:52.920000,35.18516666666666,132.598,11.26,1.5,V,0.0036666666666666,0.004,0.63,0.07,,,earthquake,depth free,high manual,23.170676344390618,-287.7206271899912,15.047713864614831,,False,1.347930240134472
2018-04-09 03:15:59.250000,35.180499999999995,132.5815,11.16,2.0,V,0.0033333333333333,0.0036666666666666,0.66,0.06,,,earthquake,depth free,high manual,22.700682545658783,-289.2360024933658,15.005339096466896,,False,1.1723702309869979
2018-04-09 03:16:48.590000,35.18133333333333,132.58333333333334,10.2,0.7,V,0.0023333333333333,0.0026666666666666,0.48,0.04,,,earthquake,depth free,middle auto,22.782808169168632,-289.1019863480279,14.039356752824409,,False,1.9882781911539438
2018-04-09 03:17:48.840000,35.18066666666667,132.5836666666667,10.58,1.5,V,0.0021666666666666,0.0025,0.55,0.03,,,earthquake,depth free,middle auto,22.70982464890017,-289.06026478119753,14.418467324306272,,False,1.6351437647328158
2018-04-09 03:18:51.300000,35.18,132.59683333333334,11.19,1.6,V,0.0021666666666666,0.0028333333333333,0.58,0.04,,,earthquake,depth free,high manual,22.600528170282868,-287.8472076001843,14.985204716257329,,False,1.4150893513068357
2018-04-09 03:19:17.600000,35.19799999999999,132.58016666666666,11.52,1.2,V,0.0034999999999999,0.0036666666666666,0.67,0.06,,,earthquake,depth free,middle auto,24.647806844163934,-289.28126524083234,15.35746106940627,,False,1.7057675708806892
2018-04-09 03:19:53.710000,35.174166666666665,132.58116666666666,9.95,0.6,V,0.0041666666666666,0.0046666666666666,0.84,0.06,,,earthquake,depth free,middle auto,21.992643330642025,-289.33303782552053,13.80176784363468,,False,2.5218742042925206
2018-04-09 03:20:31.820000,35.16916666666666,132.58516666666668,11.02,0.9,V,0.0021666666666666,0.0026666666666666,0.49,0.04,,,earthquake,depth free,middle auto,21.431859511129034,-288.94918250855244,14.86144738644964,,False,2.0519163743776265
2018-04-09 03:21:50.550000,35.17816666666666,132.5675,10.93,0.6,v,0.006,0.0065,1.0,0.12,,,earthquake,depth free,middle auto,22.481753479453857,-290.52144782615744,14.823490895181012,,False,2.232451583464835
2018-04-09 03:23:51.540000,35.18433333333333,132.60166666666666,10.59,0.5,v,0.027,0.0266666666666666,3.7,0.31,,,earthquake,depth free,low auto,23.06411385127492,-287.4156422474121,14.366726613394835,,False,2.0553953144338495
2018-04-09 03:23:59.760000,35.16766666666666,132.5915,9.74,0.8,V,0.0033333333333333,0.004,0.71,0.06,,,earthquake,depth free,middle auto,21.240002776760775,-288.4271415261364,13.56255250984143,,False,3.076597176542326
2018-04-09 03:24:49.120000,35.172666666666665,132.58933333333334,10.09,0.8,V,0.0025,0.0031666666666666,0.61,0.05,,,earthquake,depth free,middle auto,21.803026429925183,-288.5930208748007,13.915822756675263,,False,2.448344713892751
2018-04-09 03:25:05.200000,35.18833333333333,132.572,12.7,1.4,V,0.0023333333333333,0.0026666666666666,0.49,0.04,,,earthquake,depth free,middle auto,23.605353398136938,-290.0123464624075,16.570237843532194,,False,1.5033656058330782
2018-04-09 03:25:37.510000,35.174499999999995,132.58266666666665,9.01,1.6,V,0.0018333333333333,0.0021666666666666,0.5,0.03,,,earthquake,depth free,middle auto,22.020271954867297,-289.2302529858879,12.857218185029929,,False,3.3376452175944498
2018-04-09 03:25:51.150000,35.171166666666664,132.58383333333333,8.77,2.2,V,0.002,0.0025,0.58,0.03,,,earthquake,depth free,high manual,21.645644394247544,-289.1451299966863,12.615930338487992,,False,3.688048972213818
2018-04-09 03:27:09.830000,35.20583333333334,132.57,10.99,0.7,v,0.003,0.0028333333333333,0.51,0.05,,,earthquake,depth free,middle manual,25.54414103833519,-290.19372826369545,14.85626289858978,,False,3.017341169416626
2018-04-09 03:27:34.880000,35.1795,132.591,12.61,1.9,V,0.0021666666666666,0.0026666666666666,0.53,0.04,,,earthquake,depth free,high manual,22.569466834685496,-288.32585129649914,16.42375895451832,,False,0.8447919543394734
2018-04-09 03:28:14.200000,35.18483333333333,132.58683333333337,11.8,0.9,V,0.0025,0.003,0.58,0.05,,,earthquake,depth free,middle manual,23.16906930725009,-288.7139371282784,15.624282319523786,,False,0.3308636002536939
2018-04-09 03:28:29.760000,35.178999999999995,132.58216666666667,9.03,0.9,V,0.0036666666666666,0.0046666666666666,0.66,0.04,,,earthquake,depth free,middle manual,22.521243683377044,-289.25881429625366,12.87565075091164,,False,3.1894227218347195
2018-04-09 03:29:14.500000,35.18816666666666,132.57883333333334,9.65,0.9,V,0.0025,0.0026666666666666,0.53,0.04,,,earthquake,depth free,middle auto,23.5514410956244,-289.50558150750885,13.49983187304384,,False,2.608903868141604
2018-04-09 03:30:28.650000,35.17783333333333,132.592,10.76,0.7,V,0.0034999999999999,0.0038333333333333,0.68,0.07,,,earthquake,depth free,middle auto,22.372021614379697,-288.30855428424974,14.572903565262305,,False,1.6389855799336823
2018-04-09 03:30:40.100000,35.1735,132.59066666666666,13.61,0.6,V,0.0081666666666666,0.0066666666666666,0.97,0.14,,,earthquake,depth free,middle manual,21.910245459030794,-288.34091628511686,17.428447728333577,,False,1.9640693379425695
2018-04-09 03:31:33.980000,35.18783333333333,132.54783333333333,12.78,0.8,V,0.0066666666666666,0.0075,1.35,0.13,,,earthquake,depth free,middle manual,23.621595279022863,-292.2003242345634,16.730949805327896,,False,3.5988609829235916
2018-04-09 03:32:04.950000,35.177499999999995,132.582,9.44,0.8,V,0.0025,0.0026666666666666,0.58,0.04,,,earthquake,depth free,middle auto,22.357407800085024,-289.2642756271075,13.286985014239916,,False,2.8369470288033485
2018-04-09 03:32:53.810000,35.19333333333333,132.56766666666667,11.92,0.5,V,0.0203333333333333,0.0218333333333333,3.23,0.48,,,earthquake,depth free,middle manual,24.16881033576356,-290.4156677804181,15.801714756415848,,False,1.9847578644768962
2018-04-09 03:33:15.930000,35.181666666666665,132.58066666666667,9.12,0.8,V,0.0031666666666666,0.0038333333333333,0.84,0.06,,,earthquake,depth free,middle manual,22.82204691725106,-289.3819888187254,12.968662368451016,,False,3.0769067423320418
2018-04-09 03:33:41.690000,35.17433333333333,132.59116666666668,10.49,0.9,V,0.0028333333333333,0.0028333333333333,0.48,0.05,,,earthquake,depth free,middle auto,21.984712149117,-288.4063477799002,14.30832195814567,,False,2.0425045497263423
2018-04-09 03:33:49.280000,35.1785,132.56983333333332,9.0,0.8,V,0.0078333333333333,0.0096666666666666,1.78,0.19,,,earthquake,depth free,middle manual,22.50182733644599,-290.3797105980961,12.886841808376792,,False,3.54940199661524
2018-04-09 03:34:08.410000,35.193,132.5735,12.38,1.5,V,0.002,0.0025,0.49,0.03,,,earthquake,depth free,high manual,24.11695863359274,-289.87153572261104,16.24229298471168,,False,1.5310087528107734
2018-04-09 03:34:22.600000,35.178666666666665,132.58216666666667,7.98,1.0,V,0.0043333333333333,0.006,1.13,0.1,,,earthquake,depth free,middle manual,22.47878606526034,-289.2983938629755,11.826603108781816,,False,4.222906887390353
2018-04-09 03:34:45.810000,35.16883333333333,132.59533333333334,10.05,0.9,V,0.0023333333333333,0.003,0.53,0.04,,,earthquake,depth free,middle auto,21.359932310902728,-288.0642214199133,13.858893095376398,,False,2.8343595648044957
2018-04-09 03:35:08.950000,35.18233333333333,132.579,9.77,0.9,V,0.0023333333333333,0.0025,0.52,0.04,,,earthquake,depth free,middle auto,22.90426126380331,-289.50689163015613,13.62325727621858,,False,2.4739609855045077
2018-04-09 03:35:23.150000,35.15533333333333,132.60083333333333,7.01,0.5,V,0.0026666666666666,0.0034999999999999,0.8,0.05,,,earthquake,depth free,middle manual,19.828834903254336,-287.72384571314336,10.812886197312706,,False,6.202776534361712
2018-04-09 03:35:33.600000,35.19183333333333,132.57333333333332,9.44,0.7,V,0.003,0.0033333333333333,0.76,0.06,,,earthquake,depth free,middle manual,23.973427723818045,-289.99864628867334,13.305655113846262,,False,3.0548621227049124
2018-04-09 03:36:35.560000,35.18533333333333,132.5815,9.23,0.5,V,0.0055,0.0063333333333333,1.69,0.1,,,earthquake,depth free,middle manual,23.227075939694544,-289.2893587972717,13.073271948522518,,False,2.9385724768229355
2018-04-09 03:36:39.450000,35.180499999999995,132.581,11.17,1.6,V,0.002,0.0025,0.39,0.03,,,earthquake,depth free,middle auto,22.702200058018615,-289.2809454405271,15.016983009941358,,False,1.183100511142445
2018-04-09 03:37:13.310000,35.17633333333333,132.589,12.83,1.2,v,0.0034999999999999,0.0041666666666666,0.56,0.06,,,earthquake,depth free,middle auto,22.225234435738567,-288.51027920164336,16.652434279763995,,False,1.1790109731249592
2018-04-09 03:37:42.680000,35.19016666666666,132.56833333333333,10.64,1.2,V,0.002,0.0023333333333333,0.47,0.03,,,earthquake,depth free,middle auto,23.809182140763152,-290.4136497983208,14.522547650250353,,False,2.314877080754476
2018-04-09 03:38:26.600000,35.1845,132.5785,9.41,0.8,V,0.0028333333333333,0.0031666666666666,0.66,0.04,,,earthquake,depth free,middle auto,23.14431591465997,-289.55766021837735,13.263640948123122,,False,2.8191697035024283
2018-04-09 03:38:48.670000,35.187999999999995,132.57066666666665,10.65,1.3,V,0.002,0.0023333333333333,0.5,0.03,,,earthquake,depth free,middle auto,23.56197670476813,-290.2095999575698,14.526294082241506,,False,2.1057010708955772
2018-04-09 03:39:03.450000,35.192499999999995,132.57483333333332,10.38,1.5,V,0.0021666666666666,0.0026666666666666,0.54,0.04,,,earthquake,depth free,middle auto,24.04766275471708,-289.82586085972827,14.239589952255354,,False,2.22953303476917
2018-04-09 03:39:32.800000,35.18533333333333,132.5725,10.24,1.5,V,0.0016666666666666,0.002,0.43,0.03,,,earthquake,depth free,middle auto,23.258636580935043,-290.06804760057713,14.11234839378147,,False,2.2867663303100176
2018-04-09 03:40:12.590000,35.18566666666666,132.58233333333334,8.48,0.7,V,0.0045,0.0065,1.29,0.09,,,earthquake,depth free,middle manual,23.257812311036723,-289.24005585337943,12.320800076251178,,False,3.672793000692008
2018-04-09 03:40:46.900000,35.18433333333333,132.585,10.31,1.0,V,0.0053333333333333,0.0061666666666666,1.16,0.14,,,earthquake,depth free,middle manual,23.111360583788805,-288.9362386669467,14.14168473450198,,False,1.826644531184355
2018-04-09 03:41:25.380000,35.172999999999995,132.58566666666667,10.33,1.4,V,0.0023333333333333,0.0026666666666666,0.54,0.04,,,earthquake,depth free,middle auto,21.852017079842003,-288.91542441625074,14.167498612147678,,False,2.219284499667853
2018-04-09 03:42:03.500000,35.19,132.58183333333332,11.22,0.8,V,0.0038333333333333,0.0051666666666666,1.02,0.09,,,earthquake,depth free,middle manual,23.753943177405603,-289.1697537397373,15.057591433850948,,False,1.1707820064356627
2018-04-09 03:42:28.910000,35.19116666666666,132.567,9.28,0.5,V,0.0028333333333333,0.0028333333333333,0.55,0.05,,,earthquake,depth free,middle manual,23.917284362050065,-290.5808977209171,13.16722388393367,,False,3.438980724267695
2018-04-09 03:42:51.750000,35.1795,132.58166666666665,10.11,0.9,V,0.0026666666666666,0.0031666666666666,0.66,0.05,,,earthquake,depth free,middle auto,22.58380380226599,-289.262861207241,13.956211022355124,,False,2.1482731089348777
2018-04-09 03:43:10.870000,35.17916666666667,132.5925,11.04,0.7,v,0.0031666666666666,0.0036666666666666,0.71,0.08,,,earthquake,depth free,middle auto,22.51994770544176,-288.2483097226378,14.850126108612724,,False,1.3567599607954375
2018-04-09 03:43:20.120000,35.1595,132.58783333333335,10.88,0.5,v,0.0066666666666666,0.0073333333333333,1.25,0.13,,,earthquake,depth free,low auto,20.35082668282578,-288.746969755107,14.71986708972731,,False,3.062110491244413
2018-04-09 03:44:26.300000,35.18033333333333,132.58216666666667,11.73,0.5,v,0.0068333333333333,0.0071666666666666,1.06,0.13,,,earthquake,depth free,low auto,22.683188534060697,-289.15534383297495,15.572867308606687,,False,0.7469506120643942
2018-04-09 03:45:06.220000,35.18633333333333,132.57633333333334,12.18,0.9,V,0.0025,0.003,0.52,0.04,,,earthquake,depth free,middle manual,23.368163020086065,-289.6459970240453,16.037635545086857,,False,0.9566720696529442
2018-04-09 03:45:13.720000,35.169333333333334,132.5975,12.56,0.9,V,0.0048333333333333,0.005,0.96,0.12,,,earthquake,depth free,middle manual,21.42257928007803,-287.774806807149,16.35972172177301,,False,2.0115559341939635
2018-04-09 03:45:20.760000,35.16833333333333,132.5985,12.08,1.1,V,0.0056666666666666,0.0056666666666666,1.04,0.12,,,earthquake,depth free,middle manual,21.30615813955719,-287.70517967597,15.87749241944824,,False,2.107330888725698
2018-04-09 03:45:44.530000,35.1615,132.59433333333334,10.98,1.1,V,0.0021666666666666,0.0023333333333333,0.45,0.04,,,earthquake,depth free,middle auto,20.554267052168857,-288.1470381073345,14.79692979510383,,False,2.901402701257385
2018-04-09 03:45:53.580000,35.17766666666667,132.58683333333337,8.68,0.7,v,0.01,0.0105,2.05,0.23,,,earthquake,depth free,middle auto,22.357772844470603,-288.85330057776076,12.5114410331237,,False,3.53646753192516
2018-04-09 03:46:15.220000,35.192166666666665,132.57933333333332,10.39,0.9,v,0.0031666666666666,0.0028333333333333,0.61,0.05,,,earthquake,depth free,middle manual,23.99751864908165,-289.4189168251002,14.234930000380878,,False,2.0403877468064655
2018-04-09 03:46:29.610000,35.1845,132.57166666666666,10.2,3.7,V,0.0018333333333333,0.0023333333333333,0.5,0.03,,,earthquake,depth free,high manual,23.16841915930925,-290.1480154932849,14.07571766105334,,False,2.361574257339451
2018-04-09 03:47:04.960000,35.16266666666667,132.59400000000002,8.29,2.4,V,0.0034999999999999,0.0038333333333333,0.84,0.05,,,earthquake,depth free,high manual,20.66990910973551,-288.2710393401007,12.108985532778316,,False,4.599305776482185
2018-04-09 03:49:14.890000,35.18133333333333,132.591,7.9,1.0,V,0.0036666666666666,0.0043333333333333,1.15,0.06,,,earthquake,depth free,middle auto,22.748497931352585,-288.49095444365804,11.715658174093852,,False,4.264323635010342
2018-04-09 03:49:41.500000,35.18983333333333,132.57666666666665,9.58,0.8,V,0.0034999999999999,0.004,0.65,0.07,,,earthquake,depth free,middle auto,23.742395136187604,-289.6985614690749,13.43589618337517,,False,2.7666729049319994
2018-04-09 03:49:58.410000,35.189499999999995,132.56833333333333,9.26,0.7,v,0.0028333333333333,0.0028333333333333,0.57,0.05,,,earthquake,depth free,middle auto,23.728302915673435,-290.4667569567743,13.1439555136528,,False,3.3602483438787636
2018-04-09 03:50:21.340000,35.1875,132.58933333333334,12.31,0.7,V,0.0038333333333333,0.004,0.71,0.1,,,earthquake,depth free,middle manual,23.460147715945975,-288.45935572747555,16.123857617687314,,False,0.43563941874012463
2018-04-09 03:50:37.570000,35.17433333333333,132.59366666666668,13.6,1.8,V,0.002,0.0023333333333333,0.44,0.03,,,earthquake,depth free,high manual,21.99384585041371,-288.06655026652066,17.407998004448384,,False,1.9694976270376439
2018-04-09 03:51:15.940000,35.16866666666667,132.59233333333333,10.06,1.0,V,0.0033333333333333,0.0038333333333333,0.66,0.06,,,earthquake,depth free,middle auto,21.350255611580536,-288.3363907694424,13.87886646019065,,False,2.775515507067117
2018-04-09 03:51:45.790000,35.18866666666666,132.6,11.59,1.5,V,0.002,0.0023333333333333,0.47,0.03,,,earthquake,depth free,middle auto,23.55479784962643,-287.5150224153071,15.368515303266388,,False,1.3969401139606634
2018-04-09 03:52:19.180000,35.17766666666667,132.58166666666665,9.61,1.1,V,0.0038333333333333,0.004,0.8,0.06,,,earthquake,depth free,middle auto,22.377767964680583,-289.28767969146213,13.457851143854969,,False,2.675813251251275
2018-04-09 03:52:35.150000,35.189499999999995,132.575,9.94,1.4,V,0.0023333333333333,0.0028333333333333,0.59,0.04,,,earthquake,depth free,middle auto,23.712105164619455,-289.83760325046006,13.801393601186414,,False,2.490811166274702
2018-04-09 03:52:55.850000,35.19616666666666,132.56883333333332,12.15,1.3,V,0.0026666666666666,0.003,0.56,0.04,,,earthquake,depth free,middle auto,24.48079618693827,-290.2913896781096,16.025766993648052,,False,2.0604859905987585
2018-04-09 03:53:10.280000,35.1605,132.61033333333333,9.99,1.1,V,0.0036666666666666,0.004,0.76,0.07,,,earthquake,depth free,middle manual,20.39123549896764,-286.73609311359536,13.75593102979002,,False,4.048083543493623
2018-04-09 03:53:29.890000,35.18783333333333,132.5745,12.04,2.2,V,0.002,0.0025,0.51,0.03,,,earthquake,depth free,high manual,23.53922446280661,-289.8118669419813,15.902758461711915,,False,1.1616839806060069
2018-04-09 03:54:04.480000,35.15933333333333,132.59516666666667,9.06,1.3,V,0.002,0.0023333333333333,0.51,0.03,,,earthquake,depth free,middle auto,20.300802681042452,-288.1490542189755,12.877103305598244,,False,4.234216665662303
2018-04-09 03:54:51.210000,35.186499999999995,132.565,9.17,0.8,V,0.0028333333333333,0.0028333333333333,0.51,0.04,,,earthquake,depth free,middle manual,23.40474594254595,-290.78292992579077,13.067160202737478,,False,3.559095706804269
2018-04-09 03:55:22.390000,35.19866666666666,132.57183333333333,11.45,0.6,V,0.0021666666666666,0.0025,0.47,0.04,,,earthquake,depth free,low auto,24.745886797793784,-290.0363878457156,15.314623238965556,,False,2.164957483891035
2018-04-09 03:55:31.770000,35.17633333333333,132.58916666666667,7.85,1.2,V,0.0034999999999999,0.0045,0.92,0.08,,,earthquake,depth free,middle auto,22.198608706403487,-288.6767757639656,11.675266542272745,,False,4.384724031318245
2018-04-09 03:55:44.430000,35.180166666666665,132.591,12.43,1.3,V,0.0018333333333333,0.0021666666666666,0.46,0.03,,,earthquake,depth free,middle auto,22.64247778940305,-288.330042159977,16.243410652628857,,False,0.7027884548688021
2018-04-09 03:57:34.520000,35.16983333333333,132.589,11.07,3.5,V,0.0018333333333333,0.0023333333333333,0.5,0.03,,,earthquake,depth free,high manual,21.494870820856477,-288.5975648001955,14.89830072629264,,False,1.9695189920501712
2018-04-09 03:58:45.560000,35.189166666666665,132.57666666666665,10.67,2.2,V,0.0021666666666666,0.0026666666666666,0.55,0.03,,,earthquake,depth free,high manual,23.673887121469892,-289.66100818931494,14.52560908140339,,False,1.7899698630309078
2018-04-09 03:59:32.940000,35.1825,132.58116666666666,9.65,0.9,V,0.0038333333333333,0.0043333333333333,0.56,0.06,,,earthquake,depth free,middle manual,22.915783609055534,-289.3143104889169,13.496064444313031,,False,2.5411091955479
2018-04-09 04:00:16.590000,35.17333333333333,132.58916666666667,9.49,0.8,V,0.0043333333333333,0.0046666666666666,0.58,0.06,,,earthquake,depth free,middle manual,21.87430637107531,-288.6276382217046,13.316299643240056,,False,2.9332224218453855
2018-04-09 04:00:33.150000,35.18966666666666,132.57166666666666,11.95,1.4,V,0.0023333333333333,0.0026666666666666,0.49,0.04,,,earthquake,depth free,middle auto,23.75046188585162,-290.06530699451685,15.82093898812319,,False,1.4803729714013611
2018-04-09 04:00:57.210000,35.18033333333333,132.57233333333332,8.94,2.5,V,0.0016666666666666,0.0021666666666666,0.5,0.03,,,earthquake,depth free,high manual,22.69762184239554,-290.14873531762095,12.81729680779322,,False,3.4783291504034697
2018-04-09 04:03:39.590000,35.171,132.58833333333334,11.29,1.3,V,0.0018333333333333,0.002,0.4,0.03,,,earthquake,depth free,middle auto,21.627428866946616,-288.6458127145191,15.119501559496232,,False,1.7405052682765056
2018-04-09 04:04:17.830000,35.18033333333333,132.58883333333335,11.28,0.6,v,0.0048333333333333,0.0048333333333333,0.96,0.09,,,earthquake,depth free,low auto,22.661341963090972,-288.5676884941966,15.101201213303897,,False,0.9962196106116723
2018-04-09 04:04:34.650000,35.18933333333333,132.57483333333332,10.74,2.0,V,0.0018333333333333,0.0023333333333333,0.49,0.03,,,earthquake,depth free,high manual,23.69811337517217,-289.8239729559719,14.60151198763432,,False,1.83103497731917
2018-04-09 04:04:45.690000,35.16766666666666,132.592,10.2,2.0,V,0.0016666666666666,0.0021666666666666,0.46,0.03,,,earthquake,depth free,high manual,21.24102578814991,-288.36505749758277,14.020595850870572,,False,2.7422297841766485
2018-04-09 04:05:53.840000,35.180499999999995,132.57833333333332,9.32,1.0,V,0.002,0.0025,0.51,0.04,,,earthquake,depth free,middle auto,22.70045510435289,-289.5903331020789,13.177057799945535,,False,2.946469688515325
2018-04-09 04:06:20.980000,35.163666666666664,132.60833333333332,12.8,0.7,v,0.0028333333333333,0.0036666666666666,0.53,0.05,,,earthquake,depth free,middle auto,20.76382326541927,-286.8045045146115,16.568239378171608,,False,3.12142098979429
2018-04-09 04:06:31.160000,35.18483333333333,132.5735,10.02,1.0,V,0.0023333333333333,0.0026666666666666,0.55,0.04,,,earthquake,depth free,middle auto,23.199098415504203,-289.9872798640402,13.889535031310633,,False,2.4247206243919996
2018-04-09 04:06:50.110000,35.18533333333333,132.5725,10.3,1.2,V,0.0023333333333333,0.0026666666666666,0.56,0.04,,,earthquake,depth free,middle auto,23.25894162109729,-290.0658457466191,14.172307202889442,,False,2.2374281256261437
2018-04-09 04:07:24.360000,35.1905,132.57283333333334,10.12,0.7,V,0.0031666666666666,0.0028333333333333,0.55,0.05,,,earthquake,depth free,middle auto,23.830332726543524,-290.0237775001789,13.98775768466543,,False,2.456461290691601
2018-04-09 04:07:53.830000,35.17816666666666,132.59383333333335,10.29,1.0,V,0.0021666666666666,0.0025,0.53,0.04,,,earthquake,depth free,middle auto,22.401196028811725,-288.15832845179807,14.096959310588302,,False,2.080599346571188
2018-04-09 04:08:21.390000,35.184,132.582,12.93,1.3,V,0.0021666666666666,0.0023333333333333,0.44,0.04,,,earthquake,depth free,middle auto,23.09655719863772,-289.1135079298898,16.77002776060615,,False,0.9080929937562024
2018-04-09 04:09:17.110000,35.18083333333333,132.58766666666668,11.01,0.6,v,0.0056666666666666,0.0069999999999999,1.44,0.17,,,earthquake,depth free,low auto,22.71882823635,-288.68148032426086,14.834873624022809,,False,1.2015227390265322
2018-04-09 04:09:22.290000,35.161,132.60233333333332,9.34,0.6,V,0.0061666666666666,0.0055,0.96,0.1,,,earthquake,depth free,middle manual,20.466405227490338,-287.4831763436468,13.132162641716862,,False,4.0874293499635685
2018-04-09 04:09:51.850000,35.174,132.586,8.98,1.3,V,0.0016666666666666,0.002,0.44,0.03,,,earthquake,depth free,middle auto,21.954857647611743,-288.93094429576803,12.816600775868956,,False,3.3657518333345307
2018-04-09 04:10:37.580000,35.18116666666666,132.57816666666668,9.86,1.7,V,0.002,0.0025,0.52,0.03,,,earthquake,depth free,high manual,22.777712116730676,-289.5832874088844,13.716769928118296,,False,2.42868837689938
2018-04-09 04:10:42.470000,35.166666666666664,132.59900000000002,12.78,2.1,V,0.0016666666666666,0.0021666666666666,0.38,0.03,,,earthquake,depth free,high manual,21.123620396317968,-287.6403423779251,16.576595496359623,,False,2.3800331460176998
2018-04-09 04:11:23.810000,35.18866666666666,132.59216666666669,11.43,0.8,V,0.004,0.0045,0.7,0.07,,,earthquake,depth free,middle auto,23.5768457363168,-288.230575365605,15.2343311160337,,False,0.9674710131364943
2018-04-09 04:12:15.530000,35.16983333333333,132.589,9.61,0.9,V,0.0025,0.0026666666666666,0.61,0.04,,,earthquake,depth free,middle auto,21.48704231413024,-288.6508126713631,13.439293057122477,,False,3.0176874584853337
2018-04-09 04:12:35.500000,35.18416666666666,132.6085,10.88,0.5,v,0.0046666666666666,0.0058333333333333,1.1,0.09,,,earthquake,depth free,low auto,23.027223254363545,-286.7864792949438,14.634297577406697,,False,2.3427458517033126
2018-04-09 04:12:43.900000,35.1735,132.59233333333333,13.34,1.8,V,0.0018333333333333,0.0021666666666666,0.41,0.03,,,earthquake,depth free,high manual,21.903945759113533,-288.19976486064695,17.153151833036986,,False,1.8066236492487955
2018-04-09 04:12:45.180000,35.18933333333333,132.57783333333333,10.87,1.7,V,0.0028333333333333,0.0028333333333333,0.54,0.04,,,earthquake,depth free,high manual,23.68995763265957,-289.5473727366371,14.72150015161118,,False,1.5804976827648796
2018-04-09 04:13:13.220000,35.192,132.56333333333333,9.13,0.7,V,0.0041666666666666,0.0053333333333333,0.78,0.08,,,earthquake,depth free,middle manual,24.01982237156276,-290.91574785435665,13.028940730496258,,False,3.760840940401954
2018-04-09 04:13:23.100000,35.19016666666666,132.56933333333333,10.15,1.2,V,0.0023333333333333,0.0026666666666666,0.48,0.04,,,earthquake,depth free,middle auto,23.80379013455086,-290.34103922665753,14.029567250842232,,False,2.601090681932147
2018-04-09 04:14:14.990000,35.19416666666666,132.5705,9.75,0.7,V,0.0036666666666666,0.0036666666666666,0.73,0.06,,,earthquake,depth free,middle auto,24.242218252131533,-290.23569699540076,13.623242595711664,,False,2.9878747661025225
2018-04-09 04:14:24.710000,35.1795,132.5855,9.29,1.1,V,0.0033333333333333,0.0034999999999999,0.72,0.06,,,earthquake,depth free,middle manual,22.56831506313499,-288.9453747022342,13.124122555217776,,False,2.899267862465215
2018-04-09 04:14:56.180000,35.1845,132.58583333333334,9.5,1.0,V,0.003,0.0033333333333333,0.67,0.05,,,earthquake,depth free,middle auto,23.123278402372385,-288.88969566696045,13.329372114456175,,False,2.6311515198681246
2018-04-09 04:15:08.680000,35.172,132.58783333333335,10.79,1.3,V,0.0028333333333333,0.0034999999999999,0.7,0.05,,,earthquake,depth free,middle auto,21.73716840657052,-288.70581402405776,14.620766296341484,,False,1.945111209583098
2018-04-09 04:15:19.380000,35.16716666666667,132.59166666666667,10.18,1.5,V,0.0018333333333333,0.0023333333333333,0.49,0.03,,,earthquake,depth free,middle auto,21.18641300437779,-288.3977773079922,14.002070540289738,,False,2.7895557295142757
2018-04-09 04:15:43.530000,35.1605,132.59050000000002,14.37,1.1,V,0.0031666666666666,0.0034999999999999,0.6,0.06,,,earthquake,depth free,middle auto,20.47325583647897,-288.3744688039092,18.197970559525167,,False,3.5113516994364846
2018-04-09 04:16:34.860000,35.17133333333333,132.56033333333335,11.78,1.0,V,0.002,0.0021666666666666,0.4,0.03,,,earthquake,depth free,middle auto,21.74928618036573,-291.1640659208904,15.701619822936031,,False,2.831790614003116
2018-04-09 04:17:49.870000,35.18033333333333,132.58016666666666,9.88,1.7,V,0.0016666666666666,0.0021666666666666,0.48,0.03,,,earthquake,depth free,high manual,22.679478024570095,-289.40425650905655,13.730733598308534,,False,2.3752122760801635
2018-04-09 04:18:15.210000,35.17033333333333,132.59016666666668,11.46,1.1,V,0.0028333333333333,0.0036666666666666,0.69,0.07,,,earthquake,depth free,middle auto,21.54901830418083,-288.47583476304897,15.283833915991371,,False,1.755135205893488
2018-04-09 04:19:26.670000,35.175333333333334,132.5935,13.05,0.9,V,0.0025,0.0026666666666666,0.49,0.04,,,earthquake,depth free,middle auto,22.102333463592068,-288.09812289049347,16.85820279843984,,False,1.5176926932724732
2018-04-09 04:20:13.600000,35.171499999999995,132.59416666666667,13.03,0.9,V,0.0018333333333333,0.002,0.39,0.03,,,earthquake,depth free,middle auto,21.67513272897913,-288.0520511364407,16.838777519742994,,False,1.8460362725980926
2018-04-09 04:20:57.120000,35.16866666666667,132.57916666666665,8.28,1.7,V,0.0018333333333333,0.0023333333333333,0.55,0.03,,,earthquake,depth free,high manual,21.37924009676178,-289.5950747291143,12.143492618391546,,False,4.2942763145037395
2018-04-09 04:21:10.810000,35.180499999999995,132.58766666666668,12.84,2.1,V,0.0018333333333333,0.0023333333333333,0.44,0.03,,,earthquake,depth free,high manual,22.69131786832638,-288.61589971567554,16.663865433114672,,False,0.8521413430493691
2018-04-09 04:21:24.800000,35.175666666666665,132.58316666666667,9.34,1.6,V,0.0028333333333333,0.0033333333333333,0.61,0.04,,,earthquake,depth free,middle manual,22.150015905077893,-289.16870793955576,13.184508261135166,,False,2.9804498495640956
2018-04-09 04:22:02.780000,35.19883333333333,132.56933333333333,12.72,1.1,V,0.003,0.0036666666666666,0.68,0.05,,,earthquake,depth free,middle auto,24.77788324139393,-290.2156186561447,16.59192528501722,,False,2.3002555805652833
2018-04-09 04:22:24.550000,35.183499999999995,132.57516666666666,9.55,1.1,V,0.0023333333333333,0.003,0.56,0.04,,,earthquake,depth free,middle auto,23.043848950811903,-289.8582245103074,13.415269682060185,,False,2.7859895980551266
2018-04-09 04:22:35.330000,35.18733333333333,132.57666666666665,13.25,0.7,V,0.0045,0.0043333333333333,0.53,0.08,,,earthquake,depth free,middle manual,23.4835120148277,-289.57302828247344,17.105108799489113,,False,1.4712473843110567
2018-04-09 04:22:44.250000,35.1785,132.59983333333335,10.82,0.9,V,0.0031666666666666,0.0038333333333333,0.61,0.06,,,earthquake,depth free,middle manual,22.42343940618569,-287.5941001260845,14.606674755055089,,False,1.900356454032459
2018-04-09 04:22:47.820000,35.18633333333333,132.5815,11.32,1.1,V,0.0038333333333333,0.0036666666666666,0.7,0.06,,,earthquake,depth free,middle manual,23.348648156360262,-289.20936548282026,15.16115262700204,,False,0.9539263497232502
2018-04-09 04:24:19.750000,35.184666666666665,132.57966666666667,12.53,1.0,V,0.0033333333333333,0.0036666666666666,0.59,0.06,,,earthquake,depth free,middle auto,23.175296539283934,-289.3371427333285,16.37753840764552,,False,0.7504200956802595
2018-04-09 04:24:44.580000,35.199,132.567,10.26,1.0,V,0.0025,0.0031666666666666,0.61,0.04,,,earthquake,depth free,middle auto,24.79132000111718,-290.51681077510347,14.141245103123929,,False,3.034932097471708
2018-04-09 04:25:23.950000,35.16683333333333,132.59,11.95,1.5,V,0.002,0.0021666666666666,0.41,0.03,,,earthquake,depth free,middle auto,21.16388402504143,-288.48550844626925,15.776594972910344,,False,2.0102705111788746
2018-04-09 04:25:59.290000,35.19483333333333,132.56833333333333,10.29,0.6,V,0.0036666666666666,0.0043333333333333,0.71,0.07,,,earthquake,depth free,middle manual,24.325225376019795,-290.4098111571076,14.16960571897897,,False,2.724877969384815
2018-04-09 04:26:09.830000,35.169,132.58950000000002,7.63,0.6,V,0.005,0.0036666666666666,0.65,0.06,,,earthquake,depth free,middle manual,21.38246040298649,-288.6806482116059,11.459597238665692,,False,4.8312995598743536
2018-04-09 04:26:42.880000,35.193,132.57783333333333,12.01,0.9,V,0.0026666666666666,0.0028333333333333,0.52,0.04,,,earthquake,depth free,middle auto,24.10240478604894,-289.4925459471305,15.858213054383857,,False,1.2295183141975758
2018-04-09 04:26:58.570000,35.19116666666666,132.575,10.03,0.9,V,0.003,0.0031666666666666,0.64,0.05,,,earthquake,depth free,middle auto,23.89749008960828,-289.8283510720251,13.89018867724408,,False,2.4598239439531744
2018-04-09 04:27:14.520000,35.186166666666665,132.58233333333334,11.89,1.6,V,0.002,0.0025,0.47,0.03,,,earthquake,depth free,middle auto,23.330608435081828,-289.11361445526666,15.728129602386584,,False,0.48970929648479894
2018-04-09 04:28:51.400000,35.17766666666667,132.577,11.44,0.5,v,0.0046666666666666,0.0056666666666666,0.92,0.12,,,earthquake,depth free,middle manual,22.401012966846668,-289.6436312864104,15.302020272482547,,False,1.3596659027361095
2018-04-09 04:29:03.180000,35.18483333333333,132.611,8.57,0.5,V,0.0045,0.0036666666666666,0.84,0.07,,,earthquake,depth free,low auto,23.082119166471156,-286.64108154797157,12.317211810206668,,False,4.189075398805319
2018-04-09 04:29:14.210000,35.16883333333333,132.59433333333334,10.7,1.5,V,0.0016666666666666,0.002,0.43,0.03,,,earthquake,depth free,middle auto,21.366350568390153,-288.1312115538791,14.511738057405855,,False,2.3700788360528393
2018-04-09 04:29:20.560000,35.178,132.58350000000002,11.48,1.3,V,0.0068333333333333,0.0063333333333333,1.31,0.16,,,earthquake,depth free,low manual,22.41913920448119,-289.0519749386393,15.320288659856846,,False,1.0259194937710197
2018-04-09 04:29:53.660000,35.199666666666666,132.5745,11.45,1.4,V,0.002,0.0021666666666666,0.42,0.03,,,earthquake,depth free,middle auto,24.8489871386996,-289.7912358539992,15.30512517298986,,False,2.1099554001254486
2018-04-09 04:31:48.240000,35.184666666666665,132.58083333333332,13.07,1.8,V,0.002,0.0023333333333333,0.46,0.03,,,earthquake,depth free,high manual,23.174629921838157,-289.21169785065064,16.913317789606506,,False,1.0786694748734837
2018-04-09 04:32:15.460000,35.18183333333333,132.58983333333333,12.59,2.4,V,0.002,0.0025,0.48,0.03,,,earthquake,depth free,high manual,22.83157672800757,-288.42398837425975,16.40596742416959,,False,0.6268774320749441
2018-04-09 04:33:25.270000,35.17766666666667,132.58233333333334,9.95,1.8,v,0.0031666666666666,0.0038333333333333,0.83,0.04,,,earthquake,depth free,high manual,22.377589067341752,-289.2148201733395,13.795418223338176,,False,2.3474916298184523
2018-04-09 04:33:26.530000,35.17516666666666,132.58066666666667,8.56,3.3,V,0.0016666666666666,0.0021666666666666,0.51,0.03,,,earthquake,depth free,high manual,22.09775287681754,-289.42565020371944,12.413653068332968,,False,3.76212108733205
2018-04-09 04:34:49.290000,35.16716666666667,132.59,9.48,0.7,v,0.013,0.0085,1.15,0.15,,,earthquake,depth free,low manual,21.187499572251312,-288.5743765754632,13.308029811379242,,False,3.299653569509892
2018-04-09 04:35:19.140000,35.17733333333333,132.58016666666666,8.82,1.1,V,0.0021666666666666,0.0028333333333333,0.58,0.04,,,earthquake,depth free,middle auto,22.341048392769395,-289.45374048067924,12.673582169995615,,False,3.4592877471221466
2018-04-09 04:35:57.470000,35.183166666666665,132.58216666666667,12.85,1.1,V,0.0025,0.003,0.46,0.05,,,earthquake,depth free,middle auto,23.003233880372967,-289.1043027376768,16.690114439050035,,False,0.8442186895408391
2018-04-09 04:36:15.320000,35.17466666666667,132.5855,12.09,1.2,V,0.0031666666666666,0.003,0.59,0.05,,,earthquake,depth free,middle auto,22.046716439095935,-288.86032744185763,15.925653812551834,,False,1.115587484018776
2018-04-09 04:36:48.350000,35.18583333333333,132.59416666666667,12.6,1.3,V,0.0021666666666666,0.0026666666666666,0.42,0.04,,,earthquake,depth free,middle auto,23.262634916591747,-288.016846227197,16.398927656303997,,False,0.8369165759349374
2018-04-09 04:38:24.740000,35.181666666666665,132.5945,12.37,1.7,V,0.002,0.0026666666666666,0.51,0.04,,,earthquake,depth free,high manual,22.798325282411383,-288.00980121041215,16.17089534679803,,False,0.820554479950558
2018-04-09 04:39:27.150000,35.19633333333333,132.57,10.43,0.6,v,0.0038333333333333,0.004,0.84,0.07,,,earthquake,depth free,low auto,24.487439263909483,-290.24828153701355,14.30296743224938,,False,2.6177685051169326
2018-04-09 04:39:53.810000,35.16833333333333,132.59133333333335,12.21,3.7,V,0.002,0.0025,0.49,0.03,,,earthquake,depth free,high manual,21.327778535780492,-288.34987862154975,16.030938807764265,,False,1.8632090244117836
2018-04-09 04:41:00.680000,35.178,132.58083333333332,9.36,1.6,V,0.0018333333333333,0.002,0.4,0.03,,,earthquake,depth free,middle auto,22.415896917248887,-289.37117285273496,13.210537227348096,,False,2.9155937741373545
2018-04-09 04:44:12.890000,35.181666666666665,132.59033333333335,13.39,1.5,V,0.0018333333333333,0.0021666666666666,0.39,0.03,,,earthquake,depth free,middle auto,22.815754278681144,-288.3501258931587,17.20389758775487,,False,1.3450026326497682
2018-04-09 04:44:35.130000,35.18583333333333,132.58616666666668,11.52,0.9,V,0.0023333333333333,0.0031666666666666,0.55,0.05,,,earthquake,depth free,middle manual,23.280527094860556,-288.78100257805477,15.345973670623824,,False,0.6252390521034042
2018-04-09 04:45:56.580000,35.17966666666666,132.58916666666667,12.73,1.0,v,0.0023333333333333,0.0025,0.52,0.04,,,earthquake,depth free,middle auto,22.59393417794222,-288.4869808701829,16.549590441220257,,False,0.8481297319443649
2018-04-09 04:47:02,35.186,132.57833333333332,10.05,0.5,v,0.0045,0.004,0.74,0.08,,,earthquake,depth free,low auto,23.314509849518327,-289.54398155873605,13.902710917866257,,False,2.2180729963596915
2018-04-09 04:47:15.900000,35.17666666666666,132.58466666666666,8.99,0.7,V,0.0038333333333333,0.0031666666666666,0.62,0.07,,,earthquake,depth free,middle manual,22.25475893776568,-289.0419593188075,12.82908479200292,,False,3.2682143450380776
2018-04-09 04:47:54.300000,35.177166666666665,132.58033333333333,9.33,0.6,V,0.0028333333333333,0.0028333333333333,0.52,0.05,,,earthquake,depth free,middle manual,22.32472987514035,-289.4205645091487,13.182801517587084,,False,2.977137623885509
2018-04-09 04:49:07.350000,35.219166666666666,132.5535,14.25,0.9,v,0.0031666666666666,0.003,0.5,0.06,,,earthquake,depth free,middle auto,27.08665438625127,-291.52005535420193,18.160292512756417,,False,5.309797549379949
2018-04-09 04:49:53.610000,35.16733333333333,132.58983333333333,11.87,1.0,V,0.0025,0.0023333333333333,0.42,0.04,,,earthquake,depth free,middle auto,21.21940238228328,-288.50175277110446,15.696832659196977,,False,1.9623797359647326
2018-04-09 04:50:22.240000,35.190666666666665,132.56866666666667,10.08,0.8,V,0.003,0.0031666666666666,0.6,0.05,,,earthquake,depth free,middle auto,23.860881836671982,-290.40223575592626,13.961483964887766,,False,2.7041618706669746
2018-04-09 04:50:52.200000,35.18033333333333,132.59266666666667,10.16,1.2,V,0.0036666666666666,0.0033333333333333,0.71,0.06,,,earthquake,depth free,middle auto,22.64433570195,-288.26110714832237,13.969350436685849,,False,2.0996586085586006
2018-04-09 04:51:06.760000,35.16533333333333,132.59483333333336,12.95,1.6,V,0.003,0.0034999999999999,0.68,0.05,,,earthquake,depth free,middle auto,20.988815958539327,-288.01643027928935,16.761127300459542,,False,2.413406150218915
2018-04-09 04:51:40.210000,35.18816666666666,132.577,8.93,0.5,V,0.0041666666666666,0.0043333333333333,0.76,0.09,,,earthquake,depth free,middle manual,23.553195648997317,-289.69811179140453,12.786385703264688,,False,3.340680482191406
2018-04-09 04:52:16.250000,35.168499999999995,132.58833333333334,10.77,1.1,V,0.0018333333333333,0.0023333333333333,0.47,0.03,,,earthquake,depth free,middle auto,21.34728225600903,-288.6736696824016,14.601668122022634,,False,2.256636693846979
2018-04-09 04:52:45.680000,35.18566666666666,132.58133333333333,11.37,0.8,V,0.003,0.003,0.55,0.05,,,earthquake,depth free,middle auto,23.27543215000388,-289.2250140873591,15.212131336673432,,False,0.9077308263558421
2018-04-09 04:52:57.330000,35.186499999999995,132.5755,9.8,0.8,V,0.003,0.0025,0.5,0.05,,,earthquake,depth free,middle auto,23.37704185475525,-289.80813569840217,13.661906194792,,False,2.5488452337238026
2018-04-09 04:53:09.730000,35.19833333333333,132.56666666666666,10.9,0.9,v,0.0031666666666666,0.0041666666666666,0.73,0.06,,,earthquake,depth free,middle auto,24.721437727332304,-290.5258663115816,14.78235803722882,,False,2.66553707244552
2018-04-09 04:54:50.480000,35.186166666666665,132.598,12.28,0.5,V,0.0033333333333333,0.0038333333333333,0.71,0.06,,,earthquake,depth free,middle manual,23.28679878139241,-287.68002170520776,16.066333245722735,,False,1.0521249389876444
2018-04-09 04:55:14.530000,35.18966666666666,132.58683333333337,12.48,1.3,v,0.0033333333333333,0.0033333333333333,0.62,0.06,,,earthquake,depth free,middle auto,23.708640233976013,-288.67192976845223,16.300479712405636,,False,0.6562342863685384
2018-04-09 04:55:31.430000,35.187666666666665,132.5775,10.15,1.2,V,0.002,0.0023333333333333,0.47,0.03,,,earthquake,depth free,middle auto,23.502393521004915,-289.60989374343035,14.004243238200372,,False,2.1732078362927436
2018-04-09 04:57:02.380000,35.180499999999995,132.59233333333333,13.3,1.2,V,0.0018333333333333,0.0023333333333333,0.43,0.03,,,earthquake,depth free,middle auto,22.680059900841407,-288.1763746007351,17.10820385192333,,False,1.358994734281779
2018-04-09 04:57:39.900000,35.186,132.5701666666667,10.69,0.6,V,0.0083333333333333,0.0085,1.55,0.14,,,earthquake,depth free,low auto,23.34175178637435,-290.26059150132414,14.56930939237888,,False,2.0822956430646418
2018-04-09 04:57:47.190000,35.163,132.59550000000002,10.66,1.0,V,0.0021666666666666,0.0026666666666666,0.5,0.04,,,earthquake,depth free,middle auto,20.71552193547148,-288.0476116705515,14.472205146264042,,False,2.930327448775572
2018-04-09 04:58:09.670000,35.18716666666666,132.5865,12.67,1.1,V,0.0023333333333333,0.0025,0.49,0.04,,,earthquake,depth free,middle auto,23.43328171740812,-288.7040850017486,16.493170900366106,,False,0.6072931330281577
2018-04-09 04:59:22.670000,35.1765,132.554,11.35,0.8,V,0.0038333333333333,0.0038333333333333,0.57,0.06,,,earthquake,depth free,middle manual,22.33887683260641,-291.7353055221503,15.289313810918353,,False,3.1955889001699838
2018-04-09 05:00:35.900000,35.17066666666666,132.5515,11.04,0.8,v,0.0045,0.0058333333333333,0.63,0.08,,,earthquake,depth free,middle auto,21.697490991066054,-291.9942960569012,14.992071606360051,,False,3.712318192812994
2018-04-09 05:00:49.760000,35.1735,132.59033333333335,8.69,1.4,V,0.0016666666666666,0.002,0.45,0.03,,,earthquake,depth free,middle auto,21.88515020666497,-288.55044778278784,12.512882501631546,,False,3.671650591361102
2018-04-09 05:01:03.280000,35.180499999999995,132.59066666666666,12.7,1.8,V,0.0021666666666666,0.0026666666666666,0.53,0.04,,,earthquake,depth free,high manual,22.681822524453448,-288.3492190786473,16.51408904865478,,False,0.8187551684719607
2018-04-09 05:02:41.960000,35.18383333333333,132.5701666666667,10.38,1.7,V,0.0023333333333333,0.0026666666666666,0.53,0.04,,,earthquake,depth free,high manual,23.09977946395991,-290.27972701240316,14.26103191940227,,False,2.3047077388642503
2018-04-09 05:03:30.420000,35.18216666666667,132.579,10.38,1.7,V,0.002,0.0025,0.52,0.03,,,earthquake,depth free,high manual,22.888903885061275,-289.4851559895805,14.232957268464933,,False,1.9034852517163583
2018-04-09 05:04:30.420000,35.044,132.63533333333334,10.0,0.5,v,0.017,0.0174999999999999,,0.23,,,earthquake,depth slice,low auto,7.391857215184213,-284.8767962854442,13.784195567067746,,False,16.366694238281408
2018-04-09 05:05:42.860000,35.1735,132.58766666666668,8.75,4.6,D,0.0018333333333333,0.0021666666666666,0.53,0.03,4.4,W,earthquake,depth free,high manual,21.8932703160174,-288.79002135305745,12.581623205466547,,False,3.6012977225764913
2018-04-09 05:07:41.870000,35.16916666666666,132.58583333333334,8.04,2.3,V,0.002,0.0025,0.61,0.03,,,earthquake,depth free,high manual,21.41389836567314,-288.997580485374,11.8812802501005,,False,4.43789894196066
2018-04-09 05:10:01.110000,35.19616666666666,132.5695,10.53,1.3,V,0.002,0.0025,0.49,0.03,,,earthquake,depth free,middle auto,24.470907387946532,-290.29050912123785,14.40466920187293,,False,2.571825036325164
2018-04-09 05:10:14.180000,35.177166666666665,132.59016666666668,10.13,1.5,V,0.003,0.0031666666666666,0.62,0.05,,,earthquake,depth free,middle auto,22.30011701912738,-288.50003634343244,13.949834358553575,,False,2.1894964127014074
2018-04-09 05:10:36.240000,35.17733333333333,132.58533333333335,9.24,0.8,V,0.004,0.0043333333333333,0.73,0.06,,,earthquake,depth free,middle auto,22.32809923364856,-288.97002101190736,13.07624166048927,,False,3.004901269807662
2018-04-09 05:10:47.620000,35.18283333333333,132.59083333333334,9.06,0.9,V,0.0043333333333333,0.0056666666666666,1.1,0.09,,,earthquake,depth free,middle auto,22.92144001506354,-288.45846531370614,12.874368667718556,,False,3.0998763431322165
2018-04-09 05:11:20.280000,35.1725,132.59550000000002,0.62,0.6,v,0.0106666666666666,0.0101666666666666,2.25,0.21,,,earthquake,depth free,low auto,21.716147723221827,-288.3791416843251,4.432068717675916,,False,11.61679577063836
2018-04-09 05:11:31.720000,35.18683333333333,132.58783333333335,10.9,1.2,V,0.0021666666666666,0.0026666666666666,0.62,0.04,,,earthquake,depth free,middle auto,23.383444998537804,-288.6490514397104,14.720211776912755,,False,1.2577498093986483
2018-04-09 05:11:52.840000,35.186499999999995,132.57566666666665,10.72,0.7,v,0.0046666666666666,0.0063333333333333,1.02,0.11,,,earthquake,depth free,middle auto,23.38121222727783,-289.75931109285415,14.580724694992616,,False,1.7393259882033725
2018-04-09 05:12:16.130000,35.18683333333333,132.57533333333333,10.1,0.7,V,0.0051666666666666,0.0055,0.98,0.07,,,earthquake,depth free,middle auto,23.41603724660434,-289.81105334933886,13.962021277929088,,False,2.288197656487649
2018-04-09 05:12:54.600000,35.174499999999995,132.42266666666666,6.78,0.6,v,0.0188333333333333,0.0236666666666666,3.74,0.42,,,earthquake,depth free,low auto,22.48947024356447,-303.8206491966995,11.173579918260382,,False,15.855653980044936
2018-04-09 05:12:58.280000,35.17916666666667,132.56333333333333,11.87,0.5,v,0.0186666666666666,0.0115,1.34,0.32,,,earthquake,depth free,low auto,22.609849923021113,-290.86083497005694,15.775973495632032,,False,2.218153873333562
2018-04-09 05:13:16.800000,35.17933333333333,132.6045,9.95,0.5,v,0.0069999999999999,0.0073333333333333,1.5,0.14,,,earthquake,depth free,middle auto,22.49777656120925,-287.19976327681854,13.72138676830369,,False,2.7785920150315095
2018-04-09 05:13:34.650000,35.19083333333333,132.56716666666665,8.94,0.8,V,0.0028333333333333,0.0028333333333333,0.54,0.05,,,earthquake,depth free,middle auto,23.878107384916156,-290.5794880944662,12.827133026152246,,False,3.711419652944135
2018-04-09 05:13:55.700000,35.17666666666666,132.58333333333334,8.26,1.0,V,0.0028333333333333,0.003,0.71,0.04,,,earthquake,depth free,middle auto,22.2548405268761,-289.18950992030716,12.103981496805233,,False,3.9821060389478413
2018-04-09 05:14:10.970000,35.19649999999999,132.59066666666666,12.06,1.3,V,0.0066666666666666,0.005,0.76,0.12,,,earthquake,depth free,middle auto,24.453316113522863,-288.31569438376124,15.86350398471104,,False,1.3642963524432743
2018-04-09 05:14:37.960000,35.16533333333333,132.59550000000002,12.88,1.1,V,0.0026666666666666,0.0026666666666666,0.51,0.04,,,earthquake,depth free,middle auto,20.98648923524452,-287.95857032605153,16.6889858459842,,False,2.409967642517936
2018-04-09 05:14:44.420000,35.16883333333333,132.58866666666668,9.48,3.1,V,0.0018333333333333,0.0023333333333333,0.53,0.03,,,earthquake,depth free,high manual,21.37635035478389,-288.68932715178994,13.311205235885634,,False,3.1850572934697707
2018-04-09 05:15:07.170000,35.1755,132.58533333333335,7.9,2.4,V,0.0021666666666666,0.0028333333333333,0.62,0.03,,,earthquake,depth free,high manual,22.11759600687369,-289.0254840846833,11.738460536529988,,False,4.352380964003324
2018-04-09 05:15:14.730000,35.17033333333333,132.5896666666667,8.92,2.4,V,0.003,0.0031666666666666,0.63,0.06,,,earthquake,depth free,high manual,21.53688214602871,-288.61375922970177,12.74720456722547,,False,3.5930478034628925
2018-04-09 05:16:28.600000,35.167833333333334,132.59383333333335,10.19,0.5,v,0.0066666666666666,0.0058333333333333,0.93,0.11,,,earthquake,depth free,middle auto,21.254108187462094,-288.19864504636774,14.004454103899365,,False,2.7708662953250265
2018-04-09 05:16:52.270000,35.18183333333333,132.58383333333333,10.58,0.5,v,0.0038333333333333,0.0053333333333333,0.92,0.1,,,earthquake,depth free,middle manual,22.838779127541,-289.0410061239954,14.417097228482378,,False,1.602333527032447
2018-04-09 05:17:02.270000,35.1815,132.60316666666665,9.94,1.2,V,0.002,0.0023333333333333,0.5,0.03,,,earthquake,depth free,middle auto,22.742025771955024,-287.31330705102624,13.714232138639838,,False,2.6759107805935303
2018-04-09 05:17:24.480000,35.1705,132.59050000000002,9.17,1.0,V,0.0031666666666666,0.0036666666666666,0.74,0.05,,,earthquake,depth free,middle auto,21.55427919125332,-288.5285034387634,12.994171123482351,,False,3.3698275399480693
2018-04-09 05:18:23.820000,35.190666666666665,132.57633333333334,9.67,0.9,V,0.0025,0.0026666666666666,0.56,0.04,,,earthquake,depth free,middle auto,23.836296743145834,-289.7224982386286,13.526365530303252,,False,2.715511075619148
2018-04-09 05:18:40.700000,35.18183333333333,132.57333333333332,8.8,0.5,v,0.0061666666666666,0.006,0.9,0.11,,,earthquake,depth free,middle auto,22.86042985367209,-290.05786268822834,12.673023318296677,,False,3.556872990228482
2018-04-09 05:18:58.700000,35.17583333333333,132.58183333333332,8.9,0.7,v,0.0051666666666666,0.0041666666666666,0.85,0.08,,,earthquake,depth free,middle auto,22.17010812909152,-289.3050699909649,12.749091000605462,,False,3.4039394433920536
2018-04-09 05:19:26.440000,35.173833333333334,132.57866666666666,8.84,2.0,V,0.0018333333333333,0.0025,0.55,0.03,,,earthquake,depth free,high manual,21.957121017635007,-289.60147478013096,12.701027092061238,,False,3.5773356438024533
2018-04-09 05:19:52.880000,35.166999999999994,132.59883333333337,9.88,0.8,V,0.0065,0.0078333333333333,1.16,0.13,,,earthquake,depth free,middle auto,21.145371024700204,-287.7596281206113,13.678855781294615,,False,3.182269243302979
2018-04-09 05:20:34.720000,35.1705,132.58383333333333,9.04,1.3,V,0.0016666666666666,0.002,0.44,0.03,,,earthquake,depth free,middle auto,21.57310009366647,-289.1376371163493,12.886228469672464,,False,3.4766943102407595
2018-04-09 05:22:45.580000,35.183,132.57483333333332,9.02,0.9,V,0.0033333333333333,0.0038333333333333,0.76,0.06,,,earthquake,depth free,middle auto,22.98662731482048,-289.9096553129727,12.887086317174898,,False,3.2953027798323222
2018-04-09 05:22:50.420000,35.17933333333333,132.57566666666665,9.97,0.6,V,0.0069999999999999,0.0051666666666666,1.19,0.11,,,earthquake,depth free,middle manual,22.582190890127706,-289.81238817515367,13.836257194402226,,False,2.4519437734162346
2018-04-09 05:23:19.250000,35.17633333333333,132.58733333333333,8.17,1.0,V,0.002,0.0023333333333333,0.52,0.03,,,earthquake,depth free,middle manual,22.205653856384412,-288.8313265700462,12.00108864402254,,False,4.067082292407086
2018-04-09 05:23:51.200000,35.17966666666666,132.57999999999998,10.8,1.1,V,0.0021666666666666,0.0023333333333333,0.47,0.04,,,earthquake,depth free,middle auto,22.610762990366556,-289.3880730777336,14.651126160546628,,False,1.5629041380657143
2018-04-09 05:24:10.260000,35.18983333333333,132.58816666666667,12.42,1.3,V,0.0028333333333333,0.0031666666666666,0.52,0.06,,,earthquake,depth free,middle auto,23.722925936457916,-288.55274024097963,16.236016164802635,,False,0.6568089827159317
2018-04-09 05:26:11.770000,35.183499999999995,132.58383333333333,13.03,1.0,v,0.0033333333333333,0.0033333333333333,0.6,0.06,,,earthquake,depth free,middle auto,23.036244315342778,-288.9455552026156,16.864261867292193,,False,0.9448832140824734
2018-04-09 05:26:38.100000,35.20416666666667,132.57366666666667,10.61,0.9,v,0.0056666666666666,0.0055,1.06,0.09,,,earthquake,depth free,middle auto,25.346649942986943,-289.88145240951303,14.465472251873338,,False,2.8957965245716184
2018-04-09 05:27:12.930000,35.1725,132.592,8.06,0.5,V,0.0028333333333333,0.0033333333333333,0.7,0.04,,,earthquake,depth free,middle manual,21.76594339666485,-288.4258469241017,11.8785447462008,,False,4.31550484463524
2018-04-09 05:27:21.730000,35.17183333333333,132.58416666666668,8.44,1.0,V,0.0025,0.0023333333333333,0.54,0.03,,,earthquake,depth free,middle manual,21.71689862269736,-289.12459322668695,12.28457405453464,,False,3.961984952509179
2018-04-09 05:27:26.160000,35.163,132.6025,10.23,0.9,V,0.003,0.0031666666666666,0.55,0.06,,,earthquake,depth free,middle manual,20.69274942856076,-287.4286949149975,14.01953762611046,,False,3.384937289390326
2018-04-09 05:27:42.830000,35.180166666666665,132.58283333333333,15.4,1.0,V,0.009,0.0103333333333333,1.64,0.19,,,earthquake,depth free,middle auto,22.68175317147192,-288.9613805816003,19.238283202680837,,False,3.3261151605842425
2018-04-09 05:28:58.570000,35.19499999999999,132.57083333333333,10.67,1.0,V,0.0026666666666666,0.0025,0.49,0.04,,,earthquake,depth free,middle auto,24.33823008505389,-290.1687305550637,14.540941112132373,,False,2.3473292903136773
2018-04-09 05:31:42.590000,35.18133333333333,132.5805,11.24,0.8,V,0.003,0.0028333333333333,0.54,0.05,,,earthquake,depth free,middle auto,22.796477515979863,-289.3207228748104,15.087999722364213,,False,1.1144120777450912
2018-04-09 05:31:51.330000,35.181999999999995,132.589,11.66,1.1,v,0.0046666666666666,0.0045,0.85,0.1,,,earthquake,depth free,middle auto,22.84770960733174,-288.5328047412025,15.479223161286845,,False,0.5943869443074343
2018-04-09 05:32:43.970000,35.169999999999995,132.5915,10.85,1.9,V,0.0018333333333333,0.0023333333333333,0.48,0.03,,,earthquake,depth free,high manual,21.504872645666964,-288.37841036853666,14.670103255267268,,False,2.1167892672642292
2018-04-09 05:33:59.520000,35.19416666666666,132.5745,11.57,2.3,V,0.002,0.0023333333333333,0.5,0.03,,,earthquake,depth free,high manual,24.239433282030944,-289.80648169898427,15.42874507978028,,False,1.6257982795786752
2018-04-09 05:37:13.620000,35.158,132.5985,9.11,0.7,V,0.0028333333333333,0.0031666666666666,0.73,0.05,,,earthquake,depth free,middle auto,20.143381056387124,-287.8497215175739,12.917120262685414,,False,4.363088103187171
2018-04-09 05:38:01.860000,35.175333333333334,132.576,9.53,0.7,v,0.0081666666666666,0.0083333333333333,1.3,0.15,,,earthquake,depth free,middle auto,22.135052473947713,-289.812582593169,13.398300369759282,,False,2.961422995989098
2018-04-09 05:38:24.440000,35.19949999999999,132.5705,11.84,0.7,v,0.0038333333333333,0.004,0.76,0.06,,,earthquake,depth free,middle auto,24.84413908048287,-290.1398770990823,15.708216220624122,,False,2.2236150327061615
2018-04-09 05:40:30.740000,35.194,132.57183333333333,9.94,0.7,v,0.0043333333333333,0.0036666666666666,0.7,0.07,,,earthquake,depth free,middle auto,24.22073991668829,-290.10849078425963,13.808805896385438,,False,2.77131228002568
2018-04-09 05:41:04.160000,35.1655,132.6,10.69,1.2,V,0.002,0.0023333333333333,0.55,0.03,,,earthquake,depth free,middle auto,20.979932266143773,-287.62976395322517,14.485581022027429,,False,2.839521951439929
2018-04-09 05:41:50,35.1765,132.57883333333334,9.34,1.8,V,0.002,0.0025,0.57,0.03,,,earthquake,depth free,high manual,22.255201733453504,-289.558546997196,13.198226436316697,,False,3.0184574331976535
2018-04-09 05:42:04.790000,35.242000000000004,132.52966666666669,11.07,1.6,v,0.0065,0.0076666666666666,1.42,0.08,,,earthquake,depth free,middle auto,29.676246433744808,-293.71343895990134,15.048437687249375,,False,8.266550971542598
2018-04-09 05:42:51.750000,35.18783333333333,132.5735,9.93,1.1,V,0.0021666666666666,0.0025,0.5,0.04,,,earthquake,depth free,middle auto,23.53152582618002,-289.9798619886787,13.797515391699154,,False,2.5279147506559365
2018-04-09 05:44:11.730000,35.16733333333333,132.59516666666667,10.31,1.0,V,0.0026666666666666,0.0028333333333333,0.63,0.04,,,earthquake,depth free,middle auto,21.195384459415255,-288.07519072698847,14.120356910815918,,False,2.7584165361644115
2018-04-09 05:46:28.250000,35.175999999999995,132.583,11.23,0.9,V,0.0063333333333333,0.0061666666666666,0.99,0.12,,,earthquake,depth free,middle auto,22.197420844251734,-289.113543184964,15.073531217741344,,False,1.3586533757481747
2018-04-09 05:47:16.610000,35.187999999999995,132.58633333333333,8.85,1.1,v,0.004,0.0045,1.02,0.07,,,earthquake,depth free,middle auto,23.50693064509921,-288.85564479242663,12.67573832833527,,False,3.300945897914314
2018-04-09 05:49:15.900000,35.183166666666665,132.57716666666667,10.34,2.8,V,0.002,0.0025,0.52,0.03,,,earthquake,depth free,high manual,23.005033551184315,-289.6492013156831,14.198344751898096,,False,1.9936377162949999
2018-04-09 05:50:45.170000,35.19433333333333,132.5705,10.69,1.2,V,0.0023333333333333,0.0026666666666666,0.5,0.04,,,earthquake,depth free,middle auto,24.265342943533607,-290.20058306459305,14.562484104909185,,False,2.3185048617244983
2018-04-09 05:51:14.320000,35.172,132.59016666666668,11.5,0.8,v,0.005,0.0046666666666666,0.85,0.1,,,earthquake,depth free,middle auto,21.734124112471257,-288.4684555978056,15.322602909079729,,False,1.572942688186189
2018-04-09 05:52:30.810000,35.193666666666665,132.5701666666667,9.48,0.9,v,0.0031666666666666,0.0033333333333333,0.7,0.06,,,earthquake,depth free,middle auto,24.186383186958892,-290.2776089569877,13.354872910097756,,False,3.2033236864182943
2018-04-09 05:53:02.100000,35.18516666666666,132.57983333333334,12.12,1.0,V,0.0023333333333333,0.0026666666666666,0.51,0.04,,,earthquake,depth free,middle auto,23.228179218750704,-289.33526481397706,15.966919903029869,,False,0.6223856529387339
2018-04-09 05:53:27.480000,35.1445,132.49866666666665,8.12,0.6,V,0.0141666666666666,0.015,1.5699999999999998,0.26,,,earthquake,depth free,low auto,18.935381547862704,-296.9882650041591,12.272166196479638,,False,9.987570187206604
2018-04-09 05:54:50.150000,35.18683333333333,132.58016666666666,12.48,0.7,V,0.0028333333333333,0.003,0.48,0.05,,,earthquake,depth free,middle manual,23.413897221503223,-289.2859530707047,16.32441690212712,,False,0.7265742266113251
2018-04-09 05:55:05.700000,35.19183333333333,132.5705,11.02,1.9,V,0.002,0.0025,0.5,0.03,,,earthquake,depth free,high manual,23.989611361965387,-290.19740600004224,14.893959356680842,,False,2.0038505923120113
2018-04-09 05:55:52.340000,35.19783333333333,132.57266666666666,11.06,1.0,V,0.003,0.0033333333333333,0.6,0.05,,,earthquake,depth free,middle auto,24.649093581178633,-289.97818094551405,14.922689103388734,,False,2.2120642952612037
2018-04-09 05:56:07.450000,35.170833333333334,132.5825,11.77,0.6,v,0.0103333333333333,0.0116666666666666,1.71,0.21,,,earthquake,depth free,middle auto,21.628583288120844,-289.1575106965638,15.618523462194036,,False,1.6216209931223642
2018-04-09 05:56:36.510000,35.16866666666667,132.58916666666667,3.85,0.9,V,0.0026666666666666,0.0031666666666666,1.16,0.05,,,earthquake,depth free,middle auto,21.326089443227666,-288.8499149346159,7.683506825344453,,False,8.471554059860331
2018-04-09 05:57:49.200000,35.17433333333333,132.5935,12.62,0.9,V,0.0023333333333333,0.0025,0.48,0.04,,,earthquake,depth free,middle auto,21.9891525594367,-288.1173251041014,16.42920874068888,,False,1.3926289687890618
2018-04-09 05:59:14.320000,35.1885,132.56483333333335,10.62,0.5,v,0.0031666666666666,0.0034999999999999,0.73,0.07,,,earthquake,depth free,middle auto,23.634473495151266,-290.737502352474,14.51532939744326,,False,2.526651512841375
2018-04-09 05:59:34.390000,35.1645,132.5995,0.02,0.5,v,0.0055,0.0055,1.74,0.19,,,earthquake,depth free,low auto,20.812183978896087,-288.06620958166513,3.8251550666338714,,False,12.370488088969067
2018-04-09 05:59:34.710000,35.18133333333333,132.58350000000002,12.5,0.8,V,0.0023333333333333,0.0028333333333333,0.46,0.04,,,earthquake,depth free,middle manual,22.794185199449515,-289.0028321912591,16.337240047838016,,False,0.5968705417038347
2018-04-09 06:01:21.190000,35.22083333333334,132.54833333333332,13.5,1.6,V,0.0016666666666666,0.002,0.37,0.03,,,earthquake,depth free,middle auto,27.283399930700952,-292.00954777395475,17.42700826395028,,False,5.48332730953751
2018-04-09 06:02:36.280000,35.18516666666666,132.60283333333334,11.34,1.2,V,0.0023333333333333,0.0025,0.5,0.04,,,earthquake,depth free,middle auto,23.157001231647715,-287.27976643688356,15.111823483500498,,False,1.6666810695845304
2018-04-09 06:05:36.990000,35.1985,132.56733333333332,9.58,1.3,V,0.0026666666666666,0.0036666666666666,0.69,0.04,,,earthquake,depth free,middle manual,24.731561228674177,-290.51339762872067,13.460941345471802,,False,3.454927074371061
2018-04-09 06:05:39.810000,35.18483333333333,132.57816666666668,9.98,1.6,V,0.0021666666666666,0.0023333333333333,0.46,0.04,,,earthquake,depth free,high manual,23.18518895177117,-289.565811673848,13.834120981533571,,False,2.2841827790980718
2018-04-09 06:06:15.620000,35.162,132.5656666666667,10.37,1.2,V,0.0023333333333333,0.0026666666666666,0.51,0.04,,,earthquake,depth free,middle auto,20.690484561348818,-290.76608014406696,14.281694911584497,,False,3.6136008156764245
2018-04-09 06:06:37.380000,35.19033333333333,132.5761666666667,9.95,1.3,V,0.0026666666666666,0.003,0.64,0.05,,,earthquake,depth free,middle auto,23.80119686382932,-289.7285330312454,13.806953920871676,,False,2.4607732433039438
2018-04-09 06:07:15.850000,35.181666666666665,132.58816666666667,12.12,1.2,V,0.002,0.002,0.4,0.03,,,earthquake,depth free,middle auto,22.815540713948575,-288.5927184606768,15.94188792678495,,False,0.3598174675117189
2018-04-09 06:07:29.800000,35.167833333333334,132.592,11.24,1.1,V,0.0021666666666666,0.0023333333333333,0.45,0.04,,,earthquake,depth free,middle auto,21.265132926575724,-288.32657896731666,15.05976886190094,,False,2.1253088646297043
2018-04-09 06:12:44.810000,35.16916666666666,132.58983333333333,10.7,1.0,V,0.0023333333333333,0.0025,0.5,0.04,,,earthquake,depth free,middle auto,21.41648370959218,-288.5378975322837,14.526292938042207,,False,2.255511077155227
2018-04-09 06:14:47.130000,35.1795,132.57783333333333,9.43,0.8,v,0.0038333333333333,0.0036666666666666,0.72,0.06,,,earthquake,depth free,middle auto,22.591520810516283,-289.63519428746383,13.28934172391792,,False,2.874237708187478
2018-04-09 06:15:35.890000,35.1975,132.56766666666667,9.17,0.9,v,0.0038333333333333,0.0038333333333333,0.74,0.06,,,earthquake,depth free,middle auto,24.617615351648233,-290.50184343807615,13.050788367814976,,False,3.709748241254978
2018-04-09 06:16:17.720000,35.1725,132.58666666666667,10.23,1.4,V,0.002,0.0021666666666666,0.45,0.03,,,earthquake,depth free,middle auto,21.79308027707523,-288.8302152967555,14.064630545708717,,False,2.331060615195871
2018-04-09 06:16:56.100000,35.17883333333333,132.58616666666668,11.58,1.0,V,0.0028333333333333,0.003,0.6,0.05,,,earthquake,depth free,middle auto,22.50429701738511,-288.80371702814637,15.4108388126146,,False,0.8507190963900187
2018-04-09 06:18:01.690000,35.18183333333333,132.583,7.91,0.9,V,0.0025,0.0025,0.57,0.04,,,earthquake,depth free,middle manual,22.827470397761186,-289.21411478080364,11.751665791098372,,False,4.244766147254782
2018-04-09 06:18:34.620000,35.175666666666665,132.58800000000002,11.18,2.2,V,0.002,0.0023333333333333,0.5,0.03,,,earthquake,depth free,high manual,22.145538933886275,-288.6634433443943,15.00732222372604,,False,1.3838276890763594
2018-04-09 06:19:57.240000,35.17166666666667,132.58633333333333,8.68,1.1,V,0.0023333333333333,0.0028333333333333,0.61,0.04,,,earthquake,depth free,middle auto,21.693332304840258,-288.9199809372295,12.517385067249966,,False,3.739807966704813
2018-04-09 06:20:23.190000,35.19583333333333,132.56650000000002,10.96,0.6,v,0.0041666666666666,0.005,0.69,0.08,,,earthquake,depth free,middle auto,24.44486021053735,-290.5477126106329,14.844552926176052,,False,2.500276079706498
2018-04-09 06:22:44.710000,35.18083333333333,132.5745,8.55,0.7,V,0.0021666666666666,0.0023333333333333,0.49,0.03,,,earthquake,depth free,middle auto,22.744728115995457,-289.9648456550821,12.420034259523792,,False,3.770432842434405
2018-04-09 06:23:12.490000,35.17583333333333,132.58083333333332,10.32,2.2,V,0.0028333333333333,0.0034999999999999,0.73,0.04,,,earthquake,depth free,high manual,22.180500907321537,-289.34377537293693,14.171423543585364,,False,2.1254511259780875
2018-04-09 06:26:33.910000,35.18583333333333,132.57033333333334,7.71,1.2,V,0.0036666666666666,0.0043333333333333,0.94,0.06,,,earthquake,depth free,middle auto,23.307648725171664,-290.35553456940465,11.590921572292538,,False,4.66364982494591
2018-04-09 06:29:30.300000,35.18066666666667,132.57999999999998,10.01,1.4,V,0.0015,0.002,0.42,0.03,,,earthquake,depth free,middle auto,22.717626512875416,-289.41341684591595,13.860960456860443,,False,2.2488566210948795
2018-04-09 06:30:13.850000,35.16916666666666,132.59550000000002,9.38,1.3,V,0.0021666666666666,0.0025,0.53,0.04,,,earthquake,depth free,middle auto,21.392830220761017,-288.07230494184233,13.188556748369107,,False,3.3414654987811
2018-04-09 06:31:30.770000,35.184666666666665,132.57833333333332,10.3,1.2,V,0.0034999999999999,0.0031666666666666,0.59,0.06,,,earthquake,depth free,middle auto,23.16783775883543,-289.5395846573456,14.15346739111909,,False,1.9800076240437559
2018-04-09 06:32:05.270000,35.192166666666665,132.56633333333335,10.99,0.7,V,0.0033333333333333,0.0033333333333333,0.55,0.06,,,earthquake,depth free,middle manual,24.038705999145726,-290.5748401826323,14.877575748900414,,False,2.3226170363833405
2018-04-09 06:34:24.290000,35.19166666666666,132.60383333333334,11.65,0.9,v,0.0028333333333333,0.0026666666666666,0.54,0.05,,,earthquake,depth free,middle auto,23.876736360952982,-287.15491695482234,15.41386867614951,,False,1.8051631194907833
2018-04-09 06:34:58.650000,35.170833333333334,132.59533333333334,12.54,1.4,V,0.0018333333333333,0.0021666666666666,0.41,0.03,,,earthquake,depth free,middle auto,21.595168396485526,-287.96653928011403,16.345759440952616,,False,1.7728648900511361
2018-04-09 06:35:35.420000,35.17316666666667,132.5865,11.8,0.7,V,0.004,0.0048333333333333,0.73,0.07,,,earthquake,depth free,middle auto,21.875864761659816,-288.7856375952089,15.633631665811649,,False,1.3183977790157655
2018-04-09 06:36:16.280000,35.168499999999995,132.58216666666667,8.35,1.9,V,0.0018333333333333,0.0023333333333333,0.54,0.03,,,earthquake,depth free,high manual,21.352316757674725,-289.3210937408756,12.203653495337385,,False,4.204320719356967
2018-04-09 06:36:35,35.174166666666665,132.54783333333333,13.25,1.2,v,0.006,0.0065,0.63,0.09,,,earthquake,depth free,middle auto,22.10828408362419,-292.23210496534574,17.21025353936452,,False,3.875449317364282
2018-04-09 06:37:20.580000,35.173833333333334,132.58433333333335,9.23,1.2,V,0.0018333333333333,0.0021666666666666,0.46,0.03,,,earthquake,depth free,middle auto,21.94256573644544,-289.0734973742436,13.0720463329784,,False,3.1465933612882138
2018-04-09 06:38:48.710000,35.19616666666666,132.57433333333333,12.01,3.8,V,0.0018333333333333,0.0023333333333333,0.47,0.03,,,earthquake,depth free,high manual,24.463943875452728,-289.798304431792,15.867642567917068,,False,1.701398355789236
2018-04-09 06:40:46.760000,35.184666666666665,132.57,9.78,1.1,v,0.002,0.0021666666666666,0.43,0.03,,,earthquake,depth free,middle auto,23.189674737448065,-290.3138906216519,13.661415739962624,,False,2.794424385798326
2018-04-09 06:41:12.600000,35.17833333333333,132.58116666666666,7.78,0.7,v,0.0045,0.0045,0.96,0.07,,,earthquake,depth free,middle auto,22.443678056452836,-289.3975627028648,11.630278622405164,,False,4.434633484875262
2018-04-09 06:42:30.140000,35.18566666666666,132.5755,11.46,2.4,V,0.002,0.0023333333333333,0.49,0.03,,,earthquake,depth free,high manual,23.293003722509177,-289.75026480004,15.321347742496,,False,1.219532042082631
2018-04-09 06:44:01.450000,35.171166666666664,132.57766666666666,10.67,0.6,v,0.0116666666666666,0.0126666666666666,2.45,0.22,,,earthquake,depth free,low auto,21.673867844989022,-289.63461111042716,14.5350011515098,,False,2.245805751096325
2018-04-09 06:45:40.890000,35.18483333333333,132.57233333333332,9.82,1.3,V,0.0026666666666666,0.003,0.63,0.04,,,earthquake,depth free,middle auto,23.201509424378862,-290.1003528656089,13.693537093002242,,False,2.650920841825
2018-04-09 06:46:27.630000,35.180499999999995,132.58183333333332,8.81,0.8,V,0.0028333333333333,0.0031666666666666,0.55,0.05,,,earthquake,depth free,middle auto,22.687549816781143,-289.2917298049885,12.655841938772245,,False,3.3806317274034967
2018-04-09 06:48:23.670000,35.178,132.589,11.13,1.0,V,0.0033333333333333,0.0033333333333333,0.63,0.06,,,earthquake,depth free,middle auto,22.401214252819347,-288.56634975820236,14.952403849957667,,False,1.2618741286305344
2018-04-09 06:50:04.870000,35.18516666666666,132.5865,12.72,0.7,v,0.0045,0.0041666666666666,0.71,0.07,,,earthquake,depth free,middle auto,23.21170717859964,-288.70937427254705,16.5445235176479,,False,0.5927963871872699
2018-04-09 06:50:32.610000,35.17633333333333,132.58116666666666,8.88,0.5,v,0.003,0.003,0.62,0.05,,,earthquake,depth free,low auto,22.227448306465472,-289.3644559585139,12.730949617889484,,False,3.415749278866839
2018-04-09 06:50:41.650000,35.192499999999995,132.572,11.39,0.7,v,0.0116666666666666,0.013,1.44,0.15,,,earthquake,depth free,low auto,24.060997419874575,-290.0455345814325,15.258279626266898,,False,1.753107960100915
2018-04-09 06:54:22.160000,35.18666666666666,132.57683333333333,13.41,1.2,V,0.0018333333333333,0.0021666666666666,0.42,0.03,,,earthquake,depth free,middle auto,23.409896873365785,-289.5544484469705,17.264909694205922,,False,1.5757693822274024
2018-04-09 06:55:10.580000,35.189166666666665,132.6,11.11,0.6,v,0.0033333333333333,0.0034999999999999,0.62,0.06,,,earthquake,depth free,low auto,23.607850528295295,-287.5306767356721,14.88849402279912,,False,1.6591307295120468
2018-04-09 06:55:23.340000,35.19483333333333,132.565,11.23,0.8,V,0.0033333333333333,0.0034999999999999,0.64,0.06,,,earthquake,depth free,middle manual,24.33966149677614,-290.67726259297854,15.12002476377918,,False,2.4384017783002183
2018-04-09 06:55:31.820000,35.195166666666665,132.567,12.11,1.2,V,0.0023333333333333,0.0026666666666666,0.39,0.04,,,earthquake,depth free,middle auto,24.37507186329142,-290.46251257316175,15.992552343484157,,False,2.1307888943700695
2018-04-09 06:55:53.150000,35.19033333333333,132.56983333333332,8.87,0.5,v,0.0068333333333333,0.0073333333333333,1.16,0.14,,,earthquake,depth free,low auto,23.81441762372449,-290.34215081718236,12.74867436751981,,False,3.654552990655303
2018-04-09 06:57:13.310000,35.18683333333333,132.57066666666665,9.01,0.9,V,0.0025,0.003,0.66,0.04,,,earthquake,depth free,middle manual,23.424242414517447,-290.2739973794071,12.888228287878752,,False,3.4495668031629068
2018-04-09 07:01:06.810000,35.18983333333333,132.57666666666665,12.66,2.0,V,0.0018333333333333,0.0023333333333333,0.44,0.03,,,earthquake,depth free,high manual,23.757818019219258,-289.5857235862442,16.51378990260569,,False,1.196796227771109
2018-04-09 07:04:37.250000,35.183166666666665,132.59650000000002,11.73,0.6,v,0.0036666666666666,0.0036666666666666,0.67,0.06,,,earthquake,depth free,low auto,22.955584710000775,-287.84655076325987,15.523711719456418,,False,0.9916400678476283
2018-04-09 07:04:48.230000,35.18183333333333,132.60766666666666,10.54,0.7,v,0.006,0.0045,1.09,0.12,,,earthquake,depth free,middle auto,22.76901558145604,-286.88254958445907,14.298877820685188,,False,2.5012876571632994
2018-04-09 07:05:20.400000,35.1755,132.5871666666667,9.51,0.5,v,0.0028333333333333,0.0025,0.52,0.04,,,earthquake,depth free,low auto,22.120699082908356,-288.80050045426606,13.341321379588674,,False,2.8110278650870932
2018-04-09 07:07:19.460000,35.16283333333333,132.57916666666665,7.04,1.1,V,0.002,0.0023333333333333,0.6,0.03,,,earthquake,depth free,middle auto,20.72499962099532,-289.661280861318,10.908622140885226,,False,5.678703850987372
2018-04-09 07:09:33.510000,35.18883333333333,132.5815,12.88,1.0,V,0.0026666666666666,0.0025,0.47,0.04,,,earthquake,depth free,middle auto,23.633835403155377,-289.14341157190637,16.718362313633698,,False,0.9979540003764887
2018-04-09 07:11:03.970000,35.165,132.59233333333333,11.57,1.4,V,0.0021666666666666,0.0026666666666666,0.49,0.04,,,earthquake,depth free,middle auto,20.951627975885653,-288.29440615592864,15.39052141806584,,False,2.3113533632159213
2018-04-09 07:12:03.140000,35.177499999999995,132.58833333333334,11.86,0.6,v,0.0063333333333333,0.0061666666666666,0.98,0.13,,,earthquake,depth free,low auto,22.351509843799516,-288.6019138454928,15.684457601322212,,False,0.8534713777781421
2018-04-09 07:13:10.190000,35.19166666666666,132.57466666666667,12.41,1.1,v,0.0033333333333333,0.0034999999999999,0.57,0.06,,,earthquake,depth free,middle auto,23.96578880382417,-289.76951379364215,16.26932044224511,,False,1.3662172948764582
2018-04-09 07:13:18.430000,35.16,132.58116666666666,7.33,1.2,V,0.002,0.0025,0.62,0.03,,,earthquake,depth free,middle auto,20.406198031704022,-289.47937788884025,11.193914587250088,,False,5.548800300394237
2018-04-09 07:14:20.830000,35.184999999999995,132.57933333333332,13.03,1.2,V,0.0021666666666666,0.0023333333333333,0.43,0.04,,,earthquake,depth free,middle auto,23.21579275189671,-289.34785190759345,16.878065800734944,,False,1.119718535186436
2018-04-09 07:15:00.630000,35.1755,132.58683333333337,11.15,0.6,v,0.0078333333333333,0.0095,1.55,0.18,,,earthquake,depth free,low auto,22.13030474662135,-288.7708580057307,14.981304295851803,,False,1.4127212523410857
2018-04-09 07:15:26.810000,35.181999999999995,132.60233333333332,10.19,0.5,v,0.0036666666666666,0.0041666666666666,0.65,0.07,,,earthquake,depth free,low auto,22.801223077780012,-287.3779976238713,13.96644218458794,,False,2.42308352025082
2018-04-09 07:16:08.240000,35.175333333333334,132.57883333333334,12.75,1.2,V,0.0018333333333333,0.002,0.38,0.03,,,earthquake,depth free,middle auto,22.14367529409093,-289.4378581145894,16.606725658395998,,False,1.4007620774954987
2018-04-09 07:17:03.970000,35.18966666666666,132.57533333333333,10.05,1.4,V,0.002,0.0023333333333333,0.48,0.03,,,earthquake,depth free,middle auto,23.730170741419823,-289.8027678882415,13.910100534224274,,False,2.3856888600367747
2018-04-09 07:17:48.880000,35.186499999999995,132.57233333333332,9.46,0.7,V,0.0025,0.0028333333333333,0.58,0.04,,,earthquake,depth free,middle auto,23.384626208538386,-290.10760719383416,13.332625648482072,,False,2.9767964602206156
2018-04-09 07:18:25.860000,35.17933333333333,132.578,8.71,0.7,v,0.0028333333333333,0.0026666666666666,0.55,0.04,,,earthquake,depth free,middle manual,22.56879877136194,-289.6470500241982,12.569401155392496,,False,3.558835290507778
2018-04-09 07:18:33.660000,35.177,132.58433333333335,9.25,0.9,V,0.0026666666666666,0.0025,0.56,0.05,,,earthquake,depth free,middle auto,22.29408944584613,-289.0614912455736,13.089769897622856,,False,3.0105696347704325
2018-04-09 07:19:21.590000,35.184,132.5715,10.31,2.5,V,0.0018333333333333,0.0023333333333333,0.48,0.03,,,earthquake,depth free,high manual,23.113992468645517,-290.1608689688172,14.186543388511474,,False,2.282766975078408
2018-04-09 07:21:09.400000,35.187666666666665,132.58166666666665,11.79,0.5,v,0.0043333333333333,0.0045,0.52,0.06,,,earthquake,depth free,middle manual,23.498449313476264,-289.1723271126463,15.629359509206129,,False,0.6573860948968298
2018-04-09 07:22:30.900000,35.19683333333333,132.56833333333333,9.21,0.7,v,0.0041666666666666,0.0034999999999999,0.7,0.07,,,earthquake,depth free,middle auto,24.54186450215985,-290.44234291494854,13.088997020096002,,False,3.6217125692380083
2018-04-09 07:23:43.740000,35.1725,132.58233333333334,9.26,2.2,V,0.002,0.0025,0.55,0.03,,,earthquake,depth free,high manual,21.80062092680742,-289.2584558977532,13.109584665598572,,False,3.1961870864770034
2018-04-09 07:24:53.580000,35.178999999999995,132.5836666666667,11.94,0.9,v,0.0033333333333333,0.0028333333333333,0.55,0.06,,,earthquake,depth free,middle auto,22.53197798933229,-289.01650259212863,15.77871709953935,,False,0.7111185365972388
2018-04-09 07:25:27.900000,35.183499999999995,132.58183333333332,11.82,1.3,V,0.002,0.002,0.39,0.03,,,earthquake,depth free,middle auto,23.035907075437205,-289.1709748200091,15.661683619861131,,False,0.5523455152511915
2018-04-09 07:25:45.880000,35.1755,132.59216666666669,9.68,1.2,V,0.0028333333333333,0.0036666666666666,0.68,0.05,,,earthquake,depth free,middle auto,22.106970126785832,-288.34107253317114,13.494747727586846,,False,2.6994264004622917
2018-04-09 07:25:57.700000,35.18633333333333,132.5785,12.62,0.9,V,0.0043333333333333,0.0033333333333333,0.64,0.08,,,earthquake,depth free,middle manual,23.364035615933226,-289.4335963018391,16.470172663789587,,False,0.9071924566596729
2018-04-09 07:27:00.200000,35.18083333333333,132.58216666666667,13.09,2.3,V,0.0018333333333333,0.0023333333333333,0.44,0.03,,,earthquake,depth free,high manual,22.74568099648407,-289.1038379961019,16.931587621394055,,False,1.1265705232870746
2018-04-09 07:29:35.520000,35.181,132.58466666666666,12.81,1.4,V,0.0018333333333333,0.0023333333333333,0.42,0.03,,,earthquake,depth free,middle auto,22.755397543391307,-288.88699793745565,16.643416774098263,,False,0.8129513146890536
2018-04-09 07:30:58.670000,35.20133333333334,132.57433333333333,10.92,1.0,V,0.003,0.0034999999999999,0.68,0.06,,,earthquake,depth free,middle auto,25.031822236999513,-289.81981160485947,14.774928888099172,,False,2.47744165789031
2018-04-09 07:34:05.610000,35.172666666666665,132.58583333333334,9.28,1.6,V,0.0018333333333333,0.0023333333333333,0.5,0.03,,,earthquake,depth free,middle auto,21.808967310479108,-288.9398445677549,13.117904052010951,,False,3.1468555051207883
2018-04-09 07:34:25.400000,35.19,132.57483333333332,12.32,3.2,V,0.0018333333333333,0.0023333333333333,0.45,0.03,,,earthquake,depth free,high manual,23.779984438723265,-289.76366651541497,16.179971882450673,,False,1.2403384409831844
2018-04-09 07:36:13.290000,35.15683333333333,132.597,13.25,0.6,v,0.0036666666666666,0.0036666666666666,0.54,0.06,,,earthquake,depth free,low auto,20.041438089732388,-287.8393187420102,17.060114324713705,,False,3.416653541418751
2018-04-09 07:40:06.800000,35.193666666666665,132.58333333333334,11.56,0.6,v,0.0046666666666666,0.0045,0.93,0.09,,,earthquake,depth free,middle manual,24.158008443093912,-289.0083613774629,15.389908331218605,,False,1.1891615840765641
2018-04-09 07:43:27.820000,35.181666666666665,132.59650000000002,11.81,1.0,v,0.0028333333333333,0.0031666666666666,0.59,0.05,,,earthquake,depth free,middle auto,22.78960044625328,-287.8489614537225,15.604708132650526,,False,1.0044402116523239
2018-04-09 07:43:37.100000,35.18566666666666,132.56833333333333,8.57,1.3,V,0.0033333333333333,0.0034999999999999,0.72,0.06,,,earthquake,depth free,middle auto,23.299402089278335,-290.5058399936486,12.457082037486485,,False,3.9310111409001065
2018-04-09 07:44:39.200000,35.197,132.56833333333333,10.48,0.8,V,0.002,0.0021666666666666,0.4,0.04,,,earthquake,depth free,middle auto,24.56655601250334,-290.3950732749669,14.358011717767807,,False,2.7133537309799967
2018-04-09 07:47:45.340000,35.19766666666666,132.5695,11.38,1.2,V,0.0025,0.0023333333333333,0.44,0.04,,,earthquake,depth free,middle auto,24.64147187602682,-290.25391874103695,15.253075360760958,,False,2.2514241429767723
2018-04-09 07:50:07.600000,35.16283333333333,132.5925,10.08,1.1,V,0.0021666666666666,0.0025,0.5,0.04,,,earthquake,depth free,middle auto,20.702610798512115,-288.3412651730093,13.90257990992554,,False,3.218090111313612
2018-04-09 07:51:05.360000,35.183,132.57233333333332,12.79,0.9,v,0.0101666666666666,0.0096666666666666,1.78,0.18,,,earthquake,depth free,middle auto,23.01329596347313,-289.997903075883,16.66277777093486,,False,1.469693429608798
2018-04-09 07:51:48.140000,35.20483333333333,132.56866666666667,10.04,1.0,v,0.0033333333333333,0.0036666666666666,0.73,0.06,,,earthquake,depth free,middle auto,25.432614869704707,-290.35299933491643,13.911993275196172,,False,3.4706039748594972
2018-04-09 07:53:36.400000,35.184999999999995,132.58316666666667,10.03,1.4,V,0.002,0.0023333333333333,0.52,0.03,,,earthquake,depth free,middle auto,23.189274737567853,-289.11024361171184,13.867457572238802,,False,2.1241918062967358
2018-04-09 07:54:22.830000,35.163333333333334,132.591,10.39,1.1,V,0.002,0.0023333333333333,0.49,0.03,,,earthquake,depth free,middle auto,20.7641729051102,-288.4641709293968,14.21693410480875,,False,2.9646994063065106
2018-04-09 07:54:41.760000,35.177,132.59016666666668,10.96,0.9,v,0.0023333333333333,0.0021666666666666,0.45,0.04,,,earthquake,depth free,middle auto,22.285970995443893,-288.4703747123076,14.779389899043588,,False,1.4811590793533727
2018-04-09 07:54:56.410000,35.167833333333334,132.59050000000002,10.17,0.5,v,0.003,0.0028333333333333,0.59,0.05,,,earthquake,depth free,middle manual,21.263741748218504,-288.5015282487478,13.99542914466254,,False,2.730178699369506
2018-04-09 07:55:06.470000,35.19,132.57233333333332,9.79,1.2,V,0.0023333333333333,0.0026666666666666,0.56,0.04,,,earthquake,depth free,middle auto,23.774672417270715,-290.08298515765216,13.659983600782237,,False,2.7417013819043703
2018-04-09 07:57:16.700000,35.19616666666666,132.567,11.39,0.9,v,0.0045,0.0055,0.75,0.09,,,earthquake,depth free,middle auto,24.48247303505681,-290.48540702976703,15.272372102832929,,False,2.314940118582444
2018-04-09 07:57:34.960000,35.19583333333333,132.57133333333334,11.97,0.9,V,0.003,0.003,0.51,0.05,,,earthquake,depth free,middle auto,24.43558769602017,-290.0727262130429,15.837828694204346,,False,1.8696879707918028
2018-04-09 07:57:48.430000,35.19616666666666,132.57466666666667,9.71,1.2,V,0.0021666666666666,0.0021666666666666,0.47,0.03,,,earthquake,depth free,middle auto,24.45170407085409,-289.8524280475797,13.568113243699168,,False,2.944664106377143
2018-04-09 07:58:23.940000,35.17216666666666,132.58833333333334,10.63,0.5,v,0.0053333333333333,0.004,0.94,0.09,,,earthquake,depth free,low auto,21.753345380157047,-288.6657418271789,14.459108334520632,,False,2.048875714822923
2018-04-09 07:58:38.420000,35.18583333333333,132.5775,10.56,1.2,V,0.0026666666666666,0.003,0.6,0.04,,,earthquake,depth free,middle auto,23.301051886428674,-289.60141945720613,14.415232991377676,,False,1.7813429357128165
2018-04-09 07:58:44.770000,35.17816666666666,132.6115,9.55,1.1,V,0.0033333333333333,0.003,0.79,0.09,,,earthquake,depth free,middle manual,22.34587587213137,-286.58387379446435,13.299604448647584,,False,3.5004909727010842
2018-04-09 07:59:55.670000,35.193666666666665,132.57383333333334,9.57,0.7,v,0.0041666666666666,0.0041666666666666,0.85,0.07,,,earthquake,depth free,middle auto,24.176046339711093,-289.9420129019108,13.432660933119555,,False,2.984484432603836
2018-04-09 08:01:26.220000,35.1855,132.59066666666666,10.12,0.7,v,0.0026666666666666,0.0026666666666666,0.51,0.05,,,earthquake,depth free,middle auto,23.223262691232662,-288.4254697505346,13.93233964702527,,False,2.044587806646914
2018-04-09 08:02:17.290000,35.18833333333333,132.5755,10.65,1.1,V,0.0025,0.0026666666666666,0.57,0.04,,,earthquake,depth free,middle auto,23.58475447218124,-289.77043360018416,14.510056274670122,,False,1.8390688669250983
2018-04-09 08:03:48.850000,35.1935,132.565,10.83,0.7,v,0.0086666666666666,0.009,1.52,0.14,,,earthquake,depth free,middle auto,24.18976756923865,-290.69675910684276,14.7212056941949,,False,2.5522711905938684
2018-04-09 08:05:09.210000,35.18966666666666,132.57433333333333,9.22,0.8,v,0.0046666666666666,0.0041666666666666,0.65,0.07,,,earthquake,depth free,middle auto,23.728950711081175,-289.923825746868,13.083979103778756,,False,3.1667314434808813
2018-04-09 08:08:38.220000,35.186,132.5745,8.95,0.9,v,0.0028333333333333,0.0028333333333333,0.55,0.05,,,earthquake,depth free,middle manual,23.32018516597477,-289.93171981795757,12.816145740091372,,False,3.3693947017640973
2018-04-09 08:08:42.400000,35.181999999999995,132.58383333333333,10.4,1.3,V,0.003,0.0033333333333333,0.51,0.06,,,earthquake,depth free,middle auto,22.85634442003319,-289.04698946816853,14.237102831015592,,False,1.7738611439873042
2018-04-09 08:09:18.460000,35.178,132.59266666666667,10.89,1.2,V,0.0021666666666666,0.0026666666666666,0.53,0.04,,,earthquake,depth free,middle auto,22.389243929924874,-288.24281063885195,14.700505687139604,,False,1.5431847759744575
2018-04-09 08:12:24.680000,35.17466666666667,132.58800000000002,11.49,0.9,v,0.0038333333333333,0.0038333333333333,0.7,0.07,,,earthquake,depth free,middle auto,22.036234332713416,-288.6556891834224,15.317826220357215,,False,1.286888368930061
2018-04-09 08:12:42.690000,35.17283333333333,132.60366666666667,9.44,0.5,v,0.0045,0.0043333333333333,0.97,0.08,,,earthquake,depth free,low auto,21.77623452118101,-287.31678951384635,13.21908738021984,,False,3.3676012480645223
2018-04-09 08:15:04.400000,35.18883333333333,132.56716666666665,10.98,1.3,V,0.0025,0.0025,0.45,0.04,,,earthquake,depth free,middle auto,23.666391154792912,-290.51163607259144,14.867102406094412,,False,2.159943503210533
2018-04-09 08:15:23.580000,35.1785,132.58866666666668,13.59,0.7,v,0.004,0.0034999999999999,0.69,0.08,,,earthquake,depth free,middle auto,22.47047810701492,-288.5050605759788,17.41147674718088,,False,1.6225894887511523
2018-04-09 08:16:01.980000,35.18416666666666,132.57116666666667,8.71,0.5,v,0.004,0.0033333333333333,0.64,0.06,,,earthquake,depth free,low auto,23.125299339754072,-290.249228932823,12.588631610043654,,False,3.698277064536225
2018-04-09 08:16:44.270000,35.18566666666666,132.59716666666668,10.31,0.6,v,0.008,0.0066666666666666,1.26,0.16,,,earthquake,depth free,low auto,23.223741368132035,-287.8288929477533,14.10074014809431,,False,2.0571994407809524
2018-04-09 08:18:42.570000,35.17733333333333,132.58233333333334,8.53,0.5,v,0.0023333333333333,0.0023333333333333,0.53,0.04,,,earthquake,depth free,low auto,22.333177904907927,-289.26792568564855,12.376623917049134,,False,3.711787896137232
2018-04-09 08:19:06.690000,35.181666666666665,132.57983333333334,8.05,0.6,V,0.004,0.0026666666666666,0.61,0.06,,,earthquake,depth free,low auto,22.818979470968888,-289.4966832572935,11.9021464385288,,False,4.140262507458704
2018-04-09 08:21:14.910000,35.178999999999995,132.591,11.41,1.4,V,0.0021666666666666,0.0023333333333333,0.46,0.03,,,earthquake,depth free,middle auto,22.507765354452623,-288.3713521350767,15.224925339748475,,False,1.0336787359249546
2018-04-09 08:21:46.590000,35.190666666666665,132.57283333333334,12.82,1.9,V,0.0018333333333333,0.0023333333333333,0.43,0.03,,,earthquake,depth free,high manual,23.862301863434688,-289.9241193067991,16.68579186464012,,False,1.579127029366147
2018-04-09 08:22:54.770000,35.17333333333333,132.5885,8.67,1.6,V,0.0015,0.0018333333333333,0.43,0.02,,,earthquake,depth free,middle auto,21.871910218219092,-288.71798202838175,12.49905211315335,,False,3.6854062678539012
2018-04-09 08:23:41.340000,35.16416666666667,132.57533333333333,15.63,0.9,V,0.0034999999999999,0.0034999999999999,0.51,0.05,,,earthquake,depth free,middle auto,20.931131908434352,-289.6891984121303,19.504419200583424,,False,4.298833368088833
2018-04-09 08:23:52.590000,35.1735,132.58433333333335,9.26,0.8,v,0.0065,0.0055,1.12,0.11,,,earthquake,depth free,middle auto,21.905733143832904,-289.07358815522235,13.102265202730068,,False,3.133418322277037
2018-04-09 08:24:07.470000,35.18483333333333,132.565,10.02,1.7,V,0.002,0.0021666666666666,0.46,0.03,,,earthquake,depth free,high manual,23.224113682821223,-290.75761758341406,13.917732486025434,,False,2.8837733032226893
2018-04-09 08:24:49.670000,35.18533333333333,132.57116666666667,9.07,1.2,V,0.0023333333333333,0.0026666666666666,0.6,0.04,,,earthquake,depth free,middle auto,23.256609658560073,-290.2318386104438,12.947570943669952,,False,3.3684876354393856
2018-04-09 08:25:38.780000,35.18533333333333,132.57766666666666,11.49,1.2,V,0.0034999999999999,0.0033333333333333,0.65,0.06,,,earthquake,depth free,middle auto,23.249817512925844,-289.55403991996644,15.344393487722291,,False,1.0399891945116402
2018-04-09 08:26:35.340000,35.16916666666666,132.59183333333334,15.08,0.6,v,0.0073333333333333,0.0065,1.25,0.15,,,earthquake,depth free,low auto,21.43417907821297,-288.19705433649074,18.896742358528016,,False,3.4467267606355203
2018-04-09 08:26:40.820000,35.17633333333333,132.59166666666667,14.08,0.8,V,0.0031666666666666,0.003,0.51,0.06,,,earthquake,depth free,middle auto,22.22400307380328,-288.22314491837614,17.892816419947188,,False,2.2052785931663688
2018-04-09 08:27:54.330000,35.19033333333333,132.5745,12.89,1.1,v,0.0028333333333333,0.0028333333333333,0.54,0.05,,,earthquake,depth free,middle auto,23.82078548609423,-289.77177304738154,16.750455769351756,,False,1.4801239382857325
2018-04-09 08:30:08.700000,35.192,132.5761666666667,8.75,0.7,v,0.0041666666666666,0.0056666666666666,1.07,0.1,,,earthquake,depth free,middle auto,23.980169791383148,-289.76655211289847,12.606634040543303,,False,3.6048090501661085
2018-04-09 08:31:22.330000,35.17133333333333,132.60633333333334,9.34,0.9,V,0.0021666666666666,0.0026666666666666,0.58,0.04,,,earthquake,depth free,middle auto,21.601480663457888,-287.08397593514735,13.11150902623943,,False,3.627533002671542
2018-04-09 08:31:56.680000,35.184,132.57866666666666,9.51,1.1,v,0.0034999999999999,0.0034999999999999,0.63,0.06,,,earthquake,depth free,middle auto,23.088852225394685,-289.5406766391991,13.363370497290187,,False,2.7196817028046048
2018-04-09 08:32:57.420000,35.18133333333333,132.58233333333334,13.09,1.6,V,0.0015,0.0018333333333333,0.35,0.03,,,earthquake,depth free,middle auto,22.800646241440443,-289.08695914557427,16.93068613271922,,False,1.1013256826474036
2018-04-09 08:33:57.140000,35.19633333333333,132.5705,12.48,1.3,v,0.0028333333333333,0.003,0.51,0.05,,,earthquake,depth free,middle auto,24.495995489952666,-290.1277011036087,16.34990268103591,,False,1.9871816057699279
2018-04-09 08:35:11.700000,35.174166666666665,132.58700000000002,9.91,0.6,v,0.006,0.0066666666666666,1.08,0.13,,,earthquake,depth free,low auto,21.975341627342967,-288.80575273226964,13.74255254333942,,False,2.507542273409054
2018-04-09 08:37:33.250000,35.17316666666667,132.58933333333334,10.26,0.5,v,0.0086666666666666,0.009,1.81,0.22,,,earthquake,depth free,low auto,21.85940789838841,-288.5850446855183,14.085347748429678,,False,2.2770313913414317
2018-04-09 08:39:04.190000,35.18183333333333,132.58633333333333,13.15,1.4,V,0.0023333333333333,0.0028333333333333,0.55,0.04,,,earthquake,depth free,middle auto,22.844697624249378,-288.72063349869006,16.9771083887409,,False,1.0677914373800892
2018-04-09 08:40:03.510000,35.16716666666667,132.59816666666669,11.95,1.3,V,0.0018333333333333,0.0025,0.5,0.03,,,earthquake,depth free,middle auto,21.177013804753887,-287.7442441843656,15.749523322775476,,False,2.212023089978291
2018-04-09 08:43:31.280000,35.18933333333333,132.59166666666667,12.5,0.6,v,0.0031666666666666,0.0033333333333333,0.63,0.06,,,earthquake,depth free,low auto,23.65763872337822,-288.2345380759045,16.304792802713415,,False,0.7815338491046299
2018-04-09 08:43:50.100000,35.18733333333333,132.58133333333333,9.99,1.5,V,0.0018333333333333,0.0023333333333333,0.48,0.03,,,earthquake,depth free,middle auto,23.453353908295647,-289.26954216838544,13.831917094208858,,False,2.213892833891541
2018-04-09 08:47:09.270000,35.1765,132.59233333333333,13.71,1.3,V,0.003,0.0034999999999999,0.62,0.05,,,earthquake,depth free,middle auto,22.238596276030815,-288.17564121252127,17.520757491613494,,False,1.8925776329945077
2018-04-09 08:47:36.400000,35.189499999999995,132.57283333333334,9.87,1.0,V,0.0025,0.0026666666666666,0.55,0.04,,,earthquake,depth free,middle auto,23.718121228269357,-290.0365241496515,13.738615858038004,,False,2.6401456154335285
2018-04-09 08:49:04.310000,35.1825,132.58066666666667,11.87,2.8,V,0.002,0.0025,0.48,0.03,,,earthquake,depth free,high manual,22.928654441311224,-289.2784150427128,15.716200424704146,,False,0.6493390053646781
2018-04-09 08:49:43.630000,35.18416666666666,132.57916666666665,10.49,1.2,V,0.003,0.0031666666666666,0.62,0.04,,,earthquake,depth free,middle auto,23.11088523673929,-289.4588925327207,14.340932058832198,,False,1.7764032728056258
2018-04-09 08:50:11.340000,35.18333333333333,132.582,10.74,1.2,V,0.0021666666666666,0.0023333333333333,0.45,0.03,,,earthquake,depth free,middle auto,23.011397305738132,-289.1959561566173,14.581986413954612,,False,1.460556255024757
2018-04-09 08:51:34.660000,35.17366666666666,132.58950000000002,12.25,1.2,V,0.004,0.0034999999999999,0.65,0.06,,,earthquake,depth free,middle auto,21.92493650168841,-288.4956019359567,16.073088887335995,,False,1.2533234561044388
2018-04-09 08:52:18.800000,35.17466666666667,132.58333333333334,8.73,0.7,v,0.0028333333333333,0.0028333333333333,0.58,0.05,,,earthquake,depth free,middle auto,22.03533718534287,-289.17945649307444,12.575089398663366,,False,3.5894100786083714
2018-04-09 08:53:23.840000,35.184666666666665,132.60433333333333,10.54,1.2,V,0.0023333333333333,0.0026666666666666,0.54,0.04,,,earthquake,depth free,middle auto,23.093077573058498,-287.17461375627556,14.307798473323972,,False,2.2575846285249423
2018-04-09 08:55:37.800000,35.1845,132.5725,9.58,1.6,V,0.002,0.0023333333333333,0.53,0.03,,,earthquake,depth free,high manual,23.162807816014308,-290.09524661433454,13.453382007708946,,False,2.8556531451851446
2018-04-09 08:56:21.260000,35.17183333333333,132.59233333333333,11.8,1.0,V,0.0023333333333333,0.0026666666666666,0.51,0.04,,,earthquake,depth free,middle auto,21.710901344305736,-288.26177098729585,15.61539404622633,,False,1.549789320955934
2018-04-09 08:57:16.400000,35.181999999999995,132.57766666666666,9.3,0.9,v,0.0018333333333333,0.0023333333333333,0.49,0.03,,,earthquake,depth free,middle auto,22.868768166706374,-289.64614188072863,13.158220593900344,,False,2.9602851193002393
2018-04-09 09:00:06.720000,35.19833333333333,132.56233333333336,9.85,0.6,V,0.0033333333333333,0.0031666666666666,0.65,0.06,,,earthquake,depth free,middle manual,24.72911047585656,-290.9571431867331,13.74748027518277,,False,3.5174476682497198
2018-04-09 09:00:48.230000,35.18133333333333,132.57966666666667,9.77,2.4,V,0.0018333333333333,0.0023333333333333,0.52,0.03,,,earthquake,depth free,high manual,22.791340418422397,-289.45003426209405,13.621756487965738,,False,2.4718072837439906
2018-04-09 09:02:18.170000,35.19033333333333,132.5765,10.78,1.4,V,0.0023333333333333,0.0025,0.5,0.04,,,earthquake,depth free,middle auto,23.804366960854733,-289.6679158904638,14.6352836124437,,False,1.7517555119786408
2018-04-09 09:05:01.350000,35.19533333333333,132.575,9.67,0.5,v,0.004,0.003,0.65,0.07,,,earthquake,depth free,low auto,24.358056853618805,-289.82666445412434,13.527600258904188,,False,2.928094493458067
2018-04-09 09:06:40.920000,35.17216666666666,132.58433333333335,9.16,1.0,V,0.0021666666666666,0.0021666666666666,0.47,0.03,,,earthquake,depth free,middle auto,21.75723606264816,-289.08198908340074,13.003292813723869,,False,3.2849955795103973
2018-04-09 09:08:52.900000,35.178,132.59050000000002,12.99,0.6,v,0.0105,0.0118333333333333,1.87,0.21,,,earthquake,depth free,low auto,22.406538050185624,-288.3626296588965,16.80620682582071,,False,1.1865306374862215
2018-04-09 09:09:12.230000,35.195166666666665,132.5575,11.92,1.0,V,0.0073333333333333,0.0073333333333333,1.35,0.12,,,earthquake,depth free,middle auto,24.402146373849742,-291.3300928894202,15.834270101968022,,False,2.898392914031122
2018-04-09 09:10:35.160000,35.19566666666666,132.57516666666666,10.07,0.9,V,0.0026666666666666,0.0026666666666666,0.58,0.04,,,earthquake,depth free,middle auto,24.39651815219863,-289.79570864018615,13.926549720578498,,False,2.6120465467524343
2018-04-09 09:13:46.790000,35.19083333333333,132.57216666666667,10.58,1.1,V,0.0028333333333333,0.0031666666666666,0.66,0.05,,,earthquake,depth free,middle auto,23.87157319180425,-290.0661178982565,14.449422189685372,,False,2.145033818860909
2018-04-09 09:14:43.360000,35.19983333333333,132.57216666666667,11.32,0.9,v,0.0061666666666666,0.005,0.94,0.11,,,earthquake,depth free,middle auto,24.873703760028647,-290.00679016276223,15.182828016488791,,False,2.2846313945727883
2018-04-09 09:15:04.800000,35.175,132.584,9.35,1.2,V,0.0016666666666666,0.002,0.43,0.03,,,earthquake,depth free,middle auto,22.073644897341023,-289.09517571224126,13.192228254192043,,False,2.989719798942677
2018-04-09 09:19:50.510000,35.19383333333333,132.56716666666665,8.99,0.6,v,0.0043333333333333,0.0041666666666666,0.86,0.07,,,earthquake,depth free,low auto,24.211291140815668,-290.56690611292737,12.875050983833129,,False,3.7449788261674977
2018-04-09 09:20:46.890000,35.19266666666666,132.57,10.63,1.1,V,0.0023333333333333,0.0025,0.47,0.04,,,earthquake,depth free,middle auto,24.08160198487229,-290.2540526252788,14.5053162859964,,False,2.307437675502101
2018-04-09 09:20:58.380000,35.1845,132.57666666666665,9.31,0.8,v,0.0045,0.0036666666666666,0.75,0.08,,,earthquake,depth free,middle auto,23.149187821678165,-289.72749314746295,13.169772128897703,,False,2.9624104300507033
2018-04-09 09:21:18.160000,35.192166666666665,132.579,10.31,1.0,V,0.0025,0.0026666666666666,0.57,0.04,,,earthquake,depth free,middle auto,23.99809903396675,-289.452050008134,14.15608595437138,,False,2.1187597199899098
2018-04-09 09:23:26.550000,35.19566666666666,132.653,7.39,0.5,v,0.0034999999999999,0.0026666666666666,0.76,0.05,,,earthquake,depth free,low auto,24.157453818742653,-282.8378223751413,10.99460513435481,,False,7.75782362745502
2018-04-09 09:23:50.690000,35.189166666666665,132.5695,9.05,0.8,V,0.0028333333333333,0.0033333333333333,0.7,0.05,,,earthquake,depth free,middle auto,23.686824402241548,-290.36992553842754,12.930458349763768,,False,3.487353355659052
2018-04-09 09:24:46.680000,35.18366666666666,132.6015,11.09,0.6,v,0.0063333333333333,0.0066666666666666,1.3,0.13,,,earthquake,depth free,low auto,22.993194962127863,-287.41496432001753,14.86740141806038,,False,1.7042748937169638
2018-04-09 09:24:53.270000,35.157,132.56799999999998,9.81,1.0,v,0.0046666666666666,0.005,0.68,0.08,,,earthquake,depth free,middle auto,20.125719328364745,-290.5930485671482,13.71806262088222,,False,4.205108315800264
2018-04-09 09:25:10.470000,35.19183333333333,132.58416666666668,8.18,1.1,v,0.0068333333333333,0.0055,1.15,0.11,,,earthquake,depth free,middle auto,23.93537014334285,-289.06285537652656,12.010706009328214,,False,4.035712107462383
2018-04-09 09:25:45.130000,35.1915,132.57416666666666,10.3,0.9,v,0.0068333333333333,0.0053333333333333,1.02,0.11,,,earthquake,depth free,middle auto,23.93826888752593,-289.89277682217596,14.1625342220062,,False,2.282553090547385
2018-04-09 09:26:24.900000,35.184,132.59666666666666,12.07,0.7,v,0.0041666666666666,0.0038333333333333,0.68,0.07,,,earthquake,depth free,middle auto,23.049281556484072,-287.8161340640315,15.862353973283987,,False,0.9120611832312836
2018-04-09 09:27:02.350000,35.22466666666667,132.54383333333334,12.55,0.5,V,0.0026666666666666,0.0026666666666666,0.51,0.05,,,earthquake,depth free,middle manual,27.71767302799821,-292.4383652102694,16.490325682571402,,False,5.913506671218683
2018-04-09 09:27:41.750000,35.190666666666665,132.57733333333334,10.12,3.0,V,0.002,0.0023333333333333,0.53,0.03,,,earthquake,depth free,high manual,23.83560772625718,-289.6153896382447,13.972750463770174,,False,2.2804729501568834
2018-04-09 09:28:36.600000,35.1545,132.53616666666667,6.23,1.1,V,0.0058333333333333,0.0069999999999999,1.04,0.11,,,earthquake,depth free,middle auto,19.922469668135637,-293.6214043781786,10.248833412939844,,False,8.187754873375912
2018-04-09 09:29:12.890000,35.177499999999995,132.5865,10.49,0.9,V,0.0025,0.0025,0.47,0.04,,,earthquake,depth free,middle auto,22.34971249818593,-288.8180429997645,14.321427063744952,,False,1.822805721944825
2018-04-09 09:30:31.410000,35.189,132.57066666666665,10.74,0.7,V,0.0028333333333333,0.0034999999999999,0.6,0.05,,,earthquake,depth free,middle manual,23.673377723814365,-290.20271896903415,14.615542609158652,,False,2.0664153524495137
2018-04-09 09:30:38.990000,35.193,132.577,10.47,1.0,V,0.0046666666666666,0.0036666666666666,0.79,0.09,,,earthquake,depth free,middle auto,24.097223390254964,-289.62444745245034,14.322019957505528,,False,2.0928786872816723
2018-04-09 09:31:59.250000,35.16883333333333,132.59116666666668,10.85,1.3,V,0.0023333333333333,0.0026666666666666,0.58,0.04,,,earthquake,depth free,middle auto,21.37640951666674,-288.41276550161695,14.672046299986311,,False,2.2121415296276647
2018-04-09 09:32:47.120000,35.18683333333333,132.59083333333334,12.84,0.9,v,0.0031666666666666,0.0028333333333333,0.53,0.05,,,earthquake,depth free,middle auto,23.38450145240243,-288.3065223080484,16.649025864753444,,False,0.8394867413373863
2018-04-09 09:33:18.780000,35.19433333333333,132.591,12.03,0.8,V,0.0033333333333333,0.0033333333333333,0.66,0.06,,,earthquake,depth free,middle auto,24.211855543706065,-288.29428971567313,15.833891336415364,,False,1.1469439144533016
2018-04-09 09:34:03.850000,35.181666666666665,132.591,12.97,2.4,V,0.0018333333333333,0.0023333333333333,0.46,0.03,,,earthquake,depth free,high manual,22.811640643810684,-288.30503894526396,16.781989957632973,,False,0.9853544659403909
2018-04-09 09:34:49.160000,35.175666666666665,132.58633333333333,9.1,0.9,V,0.0033333333333333,0.0031666666666666,0.63,0.05,,,earthquake,depth free,middle auto,22.139477381744292,-288.89041397050084,12.934227533627908,,False,3.1906095618389174
2018-04-09 09:35:00.200000,35.189166666666665,132.57516666666666,10.72,1.3,V,0.0031666666666666,0.004,0.69,0.08,,,earthquake,depth free,middle auto,23.67854262744324,-289.79509689788273,14.580537218583428,,False,1.8236968162410931
2018-04-09 09:35:25.110000,35.19733333333333,132.56716666666665,9.97,0.7,v,0.004,0.0041666666666666,0.8,0.07,,,earthquake,depth free,middle auto,24.604489569941713,-290.5183398056602,13.852009893381696,,False,3.125964613998892
2018-04-09 09:41:11.230000,35.166,132.58883333333335,8.59,1.7,V,0.002,0.0025,0.57,0.03,,,earthquake,depth free,high manual,21.056615684320867,-288.71675367532856,12.423329673716236,,False,4.106644605612506
2018-04-09 09:44:06.980000,35.17516666666666,132.58533333333335,11.22,0.7,v,0.0036666666666666,0.0028333333333333,0.6,0.07,,,earthquake,depth free,middle auto,22.098084120478852,-288.90542308168045,15.056437982854591,,False,1.3980428786881496
2018-04-09 09:45:40.970000,35.19,132.57466666666667,10.73,1.1,V,0.0026666666666666,0.0026666666666666,0.48,0.04,,,earthquake,depth free,middle auto,23.772518161787417,-289.8370607063791,14.591612317606607,,False,1.8695994978393056
2018-04-09 09:46:35.610000,35.171499999999995,132.586,9.01,1.2,V,0.0021666666666666,0.0023333333333333,0.51,0.03,,,earthquake,depth free,middle auto,21.677570546652287,-288.93874581439746,12.848379585495538,,False,3.445931406731493
2018-04-09 09:48:23.740000,35.18833333333333,132.57666666666665,11.87,0.9,v,0.0026666666666666,0.0026666666666666,0.52,0.05,,,earthquake,depth free,middle auto,23.58746980092611,-289.62001883249195,15.725362346073036,,False,1.0276034721948817
2018-04-09 09:50:04.870000,35.178666666666665,132.57999999999998,13.7,0.8,V,0.0025,0.0026666666666666,0.46,0.05,,,earthquake,depth free,middle auto,22.51490696869166,-289.28551407046314,17.549851756793434,,False,1.8093709403592158
2018-04-09 09:50:50.590000,35.17633333333333,132.59266666666667,12.06,0.8,V,0.0028333333333333,0.0028333333333333,0.52,0.05,,,earthquake,depth free,middle auto,22.210477126474817,-288.206122403591,15.870897973541457,,False,1.07540938947426
2018-04-09 09:51:40.340000,35.164833333333334,132.59433333333334,11.45,1.3,V,0.0016666666666666,0.002,0.4,0.03,,,earthquake,depth free,middle auto,20.926643101030777,-288.11810548147315,15.26415241673796,,False,2.4066218333819807
2018-04-09 09:52:33.180000,35.186499999999995,132.5931666666667,9.4,1.1,V,0.0031666666666666,0.003,0.64,0.05,,,earthquake,depth free,middle auto,23.323264130068956,-288.22155961441115,13.203912303539576,,False,2.8003710157637043
2018-04-09 09:53:41.730000,35.18566666666666,132.57916666666665,13.1,1.0,v,0.0056666666666666,0.0053333333333333,0.81,0.11,,,earthquake,depth free,middle auto,23.290575873351415,-289.3580106810926,16.948105032423783,,False,1.1899350274240605
2018-04-09 09:55:31.220000,35.18666666666666,132.57583333333332,9.64,0.5,v,0.0033333333333333,0.0033333333333333,0.63,0.06,,,earthquake,depth free,low auto,23.393746897337003,-289.7831945749454,13.500797154168229,,False,2.6861405143280632
2018-04-09 09:57:31.360000,35.17616666666667,132.57533333333333,8.03,1.8,V,0.0033333333333333,0.0041666666666666,0.99,0.05,,,earthquake,depth free,high manual,22.221617143242423,-289.92503133144845,11.900940721894331,,False,4.331060722469198
2018-04-09 09:58:14.800000,35.18633333333333,132.58933333333334,14.44,1.1,V,0.0038333333333333,0.0043333333333333,0.75,0.07,,,earthquake,depth free,middle auto,23.34154818930418,-288.38584849821615,18.25322124428773,,False,2.329975884618386
2018-04-09 09:58:29.450000,35.19183333333333,132.5765,10.18,0.7,v,0.004,0.003,0.67,0.07,,,earthquake,depth free,middle auto,23.967804371819582,-289.68454357607686,14.034667274761569,,False,2.299114933137537
2018-04-09 10:02:56.840000,35.16883333333333,132.5825,8.82,1.5,V,0.0018333333333333,0.0023333333333333,0.5,0.03,,,earthquake,depth free,middle auto,21.39086279483834,-289.27249726827336,12.67198912653302,,False,3.7667656278530397
2018-04-09 10:10:02.370000,35.16733333333333,132.59283333333337,13.37,0.6,v,0.0061666666666666,0.005,0.91,0.11,,,earthquake,depth free,low auto,21.218746030779187,-288.17525747759095,17.185949700036502,,False,2.3559330797747657
2018-04-09 10:10:28.630000,35.1885,132.59466666666668,9.99,0.5,V,0.0033333333333333,0.0025,0.54,0.06,,,earthquake,depth free,middle manual,23.543800222066235,-288.05704036978693,13.78720402192566,,False,2.2994302487013605
2018-04-09 10:14:18.860000,35.162166666666664,132.56,13.03,0.9,V,0.0033333333333333,0.0034999999999999,0.59,0.06,,,earthquake,depth free,middle auto,20.740273830913264,-291.18103010348653,16.95857029820634,,False,3.591143837792663
2018-04-09 10:15:05.470000,35.1885,132.57066666666665,9.91,1.5,V,0.0018333333333333,0.0021666666666666,0.48,0.03,,,earthquake,depth free,middle auto,23.61373069140504,-290.23498615565853,13.786457494547522,,False,2.686331583457481
2018-04-09 10:18:04.140000,35.21933333333334,132.5631666666667,11.34,0.6,v,0.0041666666666666,0.0053333333333333,0.95,0.1,,,earthquake,depth free,low auto,27.06356485542409,-290.751469416374,15.220020555311455,,False,4.468883509220564
2018-04-09 10:18:41.340000,35.190666666666665,132.5775,11.36,0.8,v,0.0041666666666666,0.003,0.59,0.07,,,earthquake,depth free,middle manual,23.84131018811055,-289.55487325700796,15.211352038933276,,False,1.3144431584731393
2018-04-09 10:18:45.950000,35.18,132.58433333333335,14.29,0.7,v,0.0116666666666666,0.0136666666666666,0.8,0.14,,,earthquake,depth free,low manual,22.653131549776855,-288.86668755540364,18.12421210080991,,False,2.2312629125263115
2018-04-09 10:19:17.790000,35.17016666666667,132.59066666666666,10.28,1.3,V,0.0021666666666666,0.0025,0.51,0.04,,,earthquake,depth free,middle auto,21.522746134745777,-288.47412184940794,14.103110585521144,,False,2.478843457490409
2018-04-09 10:19:32.310000,35.1675,132.58883333333335,9.23,1.1,V,0.0026666666666666,0.0028333333333333,0.6,0.04,,,earthquake,depth free,middle auto,21.22655185154827,-288.68807669188254,13.06179758387856,,False,3.47564927919705
2018-04-09 10:21:07.260000,35.18533333333333,132.602,11.96,0.7,V,0.0028333333333333,0.0031666666666666,0.65,0.05,,,earthquake,depth free,middle auto,23.181078026590463,-287.3321938917219,15.734019840193412,,False,1.4031486893749558
2018-04-09 10:23:36.700000,35.19633333333333,132.57316666666665,11.36,2.3,V,0.0018333333333333,0.0023333333333333,0.47,0.03,,,earthquake,depth free,high manual,24.482678514146865,-289.92723736316213,15.221837140395442,,False,1.9414117292286148
2018-04-09 10:24:38.570000,35.192166666666665,132.66366666666667,7.19,1.1,V,0.002,0.0023333333333333,0.61,0.03,,,earthquake,depth free,middle auto,23.737391871281233,-281.89002097599206,10.762927182189143,,False,8.597220838664624
2018-04-09 10:26:17.800000,35.19083333333333,132.56983333333332,9.83,0.6,v,0.005,0.0048333333333333,0.89,0.08,,,earthquake,depth free,low auto,23.874695144762295,-290.3050985893428,13.707671637893,,False,2.844404176471834
2018-04-09 10:27:31.370000,35.18583333333333,132.5725,13.13,1.3,V,0.0016666666666666,0.002,0.38,0.03,,,earthquake,depth free,middle auto,23.328782383002363,-289.9602054364434,17.000016896849345,,False,1.6333175457091675
2018-04-09 10:27:47.710000,35.187,132.57883333333334,12.29,0.7,V,0.0055,0.005,0.84,0.06,,,earthquake,depth free,middle manual,23.435332304156496,-289.4131026212071,16.13883503714597,,False,0.7729751725956917
2018-04-09 10:28:35.390000,35.19783333333333,132.57483333333332,11.13,1.5,V,0.0018333333333333,0.0023333333333333,0.45,0.03,,,earthquake,depth free,middle auto,24.643068848919334,-289.77931710460587,14.985468515791451,,False,2.0706927838526115
2018-04-09 10:32:00.450000,35.19649999999999,132.56766666666667,9.53,0.5,v,0.0046666666666666,0.004,0.71,0.07,,,earthquake,depth free,middle manual,24.50839958194888,-290.4921906125393,13.41121420695697,,False,3.384735629141886
2018-04-09 10:37:14.750000,35.192499999999995,132.56799999999998,9.26,0.8,V,0.0038333333333333,0.0038333333333333,0.7,0.06,,,earthquake,depth free,middle auto,24.062204697867937,-290.48622819662285,13.143006665225233,,False,3.4439722772127226
2018-04-09 10:39:01.880000,35.184999999999995,132.57233333333332,9.57,1.7,V,0.002,0.0023333333333333,0.52,0.03,,,earthquake,depth free,high manual,23.218730955166496,-290.10893216502285,13.443592652966188,,False,2.871579907172907
2018-04-09 10:40:15.190000,35.19649999999999,132.57633333333334,10.49,0.6,v,0.0036666666666666,0.0034999999999999,0.64,0.06,,,earthquake,depth free,low auto,24.48761275267297,-289.67162746057227,14.3418404776792,,False,2.300746841334333
2018-04-09 10:40:34.490000,35.17916666666667,132.58816666666667,11.64,0.7,V,0.0046666666666666,0.0043333333333333,0.74,0.1,,,earthquake,depth free,middle manual,22.53573478967657,-288.61911563977105,15.463974907615812,,False,0.7945068921278887
2018-04-09 10:45:02.360000,35.20016666666667,132.61983333333333,8.22,0.6,V,0.0021666666666666,0.0023333333333333,0.58,0.03,,,earthquake,depth free,middle manual,24.756601752088137,-285.7989122679367,11.928229704693049,,False,5.225288923074078
2018-04-09 10:45:38.300000,35.195166666666665,132.5655,8.88,0.5,V,0.0036666666666666,0.0031666666666666,0.67,0.07,,,earthquake,depth free,middle manual,24.36363162165043,-290.71722961430424,12.76975769692874,,False,3.9507979369606763
2018-04-09 10:49:07.980000,35.19533333333333,132.5655,8.35,0.5,v,0.0045,0.0038333333333333,0.74,0.07,,,earthquake,depth free,middle manual,24.37952794349027,-290.7361319836347,12.240010085072774,,False,4.402112628687522
2018-04-09 10:49:19.670000,35.18183333333333,132.60383333333334,10.7,1.3,V,0.0018333333333333,0.0021666666666666,0.48,0.03,,,earthquake,depth free,middle auto,22.780993458593848,-287.224151418262,14.471306276913744,,False,2.1375406697688804
2018-04-09 10:51:12.320000,35.200500000000005,132.57333333333332,10.74,0.7,V,0.0023333333333333,0.0023333333333333,0.45,0.04,,,earthquake,depth free,middle manual,24.941438421713933,-289.91998875692127,14.598916944493888,,False,2.5462478848747816
2018-04-09 10:52:07.860000,35.168499999999995,132.5585,10.64,0.7,V,0.0031666666666666,0.0028333333333333,0.56,0.06,,,earthquake,depth free,middle manual,21.43427577704669,-291.38243585285994,14.57057423517858,,False,3.459833790729912
2018-04-09 10:52:45.480000,35.168166666666664,132.58783333333335,10.79,0.6,v,0.005,0.004,0.8,0.09,,,earthquake,depth free,low auto,21.311870485747267,-288.71944351112336,14.62354385410401,,False,2.2717588071141406
2018-04-09 10:53:59.400000,35.17783333333333,132.58633333333333,10.39,1.1,V,0.0026666666666666,0.0026666666666666,0.5,0.04,,,earthquake,depth free,middle auto,22.38666243227564,-288.83561262944255,14.221807631338212,,False,1.898373038078198
2018-04-09 10:54:13.960000,35.19283333333333,132.57399999999998,9.34,0.7,V,0.0031666666666666,0.0038333333333333,0.7,0.07,,,earthquake,depth free,middle manual,24.08194360681589,-289.93832103473306,13.202833612770736,,False,3.150632340731216
2018-04-09 10:54:27.360000,35.168,132.5931666666667,10.36,1.6,V,0.0018333333333333,0.0023333333333333,0.5,0.03,,,earthquake,depth free,middle auto,21.275465960427237,-288.252294150732,14.176408598026931,,False,2.6273759781460284
2018-04-09 10:57:50.980000,35.189499999999995,132.57316666666665,10.74,2.7,V,0.0018333333333333,0.0025,0.5,0.03,,,earthquake,depth free,high manual,23.721501535062984,-289.97439917125917,14.606915150800386,,False,1.9286365622821493
2018-04-09 10:59:26.150000,35.183166666666665,132.582,12.94,1.3,V,0.0018333333333333,0.002,0.4,0.03,,,earthquake,depth free,middle auto,23.0041835600362,-289.1161104440209,16.780602979381737,,False,0.9289623904545173
2018-04-09 10:59:42.920000,35.178999999999995,132.58566666666667,9.78,0.6,V,0.0051666666666666,0.005,1.04,0.11,,,earthquake,depth free,middle manual,22.514888519231143,-288.9141551944254,13.613593231133468,,False,2.434419608089344
2018-04-09 11:03:00.600000,35.181,132.59733333333335,11.53,2.1,V,0.002,0.0025,0.51,0.03,,,earthquake,depth free,high manual,22.71176855275955,-287.78599505504735,15.32263098288875,,False,1.2090784789618294
2018-04-09 11:04:04.300000,35.178666666666665,132.61,12.31,1.4,V,0.0021666666666666,0.0025,0.5,0.04,,,earthquake,depth free,middle auto,22.420119097819065,-286.6182547901715,16.062303935965446,,False,2.2260998910690564
2018-04-09 11:07:54.360000,35.196,132.56716666666665,10.91,1.2,V,0.0021666666666666,0.0023333333333333,0.46,0.03,,,earthquake,depth free,middle auto,24.461143169403655,-290.488552857115,14.79226175603018,,False,2.489884167261616
2018-04-09 11:14:33.530000,35.16983333333333,132.59666666666666,12.29,1.1,V,0.0023333333333333,0.0025,0.47,0.04,,,earthquake,depth free,middle auto,21.479019614336146,-287.8583615132274,16.092275688474547,,False,1.8864173749740947
2018-04-09 11:17:11.260000,35.175666666666665,132.57983333333334,8.74,0.9,V,0.0028333333333333,0.0026666666666666,0.61,0.05,,,earthquake,depth free,middle auto,22.156636842444236,-289.49282977042367,12.595926186359788,,False,3.5881422566583874
2018-04-09 11:17:47.370000,35.187666666666665,132.5695,9.84,1.1,V,0.0023333333333333,0.0026666666666666,0.51,0.04,,,earthquake,depth free,middle auto,23.52434177546871,-290.34626908764045,13.720949997644793,,False,2.7893416352276375
2018-04-09 11:18:56.500000,35.180499999999995,132.58066666666667,8.92,0.8,V,0.0026666666666666,0.0026666666666666,0.55,0.04,,,earthquake,depth free,middle auto,22.69154018649512,-289.39346502878624,12.76961998007944,,False,3.2885270636609603
2018-04-09 11:20:31.100000,35.172999999999995,132.60033333333334,13.75,0.6,V,0.012,0.0113333333333333,2.27,0.23,,,earthquake,depth free,low auto,21.82733620605571,-287.46188587132986,17.53698480851655,,False,2.4160019020477623
2018-04-09 11:21:14.170000,35.15983333333333,132.59616666666668,9.58,0.8,V,0.0026666666666666,0.0036666666666666,0.8,0.07,,,earthquake,depth free,middle manual,20.356252100706637,-288.03769410268126,13.393093954708052,,False,3.8528706850027756
2018-04-09 11:24:26.500000,35.1915,132.57566666666665,11.67,1.2,V,0.0025,0.0028333333333333,0.51,0.04,,,earthquake,depth free,middle auto,23.94068250811852,-289.7066422417,15.52663242072902,,False,1.3350377894600407
2018-04-09 11:24:42.340000,35.1855,132.57033333333334,9.43,1.2,V,0.002,0.0025,0.53,0.03,,,earthquake,depth free,middle auto,23.279386307311626,-290.2935544435514,13.309970675320406,,False,3.0813025584420726
2018-04-09 11:24:52.360000,35.181999999999995,132.58233333333334,13.23,2.5,V,0.0018333333333333,0.0021666666666666,0.43,0.03,,,earthquake,depth free,high manual,22.87530483258607,-289.07946671818024,17.07012260324451,,False,1.2050103739963043
2018-04-09 11:26:54.660000,35.1885,132.5725,11.98,1.2,V,0.0025,0.0026666666666666,0.53,0.04,,,earthquake,depth free,middle auto,23.61874886209906,-289.99287889903263,15.848960996198608,,False,1.361876601131313
2018-04-09 11:28:35.660000,35.199,132.57,14.21,2.0,V,0.0016666666666666,0.0021666666666666,0.4,0.03,,,earthquake,depth free,high manual,24.80162645417297,-290.0999189881765,18.07858118775689,,False,3.023309499545583
2018-04-09 11:30:50.680000,35.1875,132.58116666666666,13.53,0.5,v,0.0248333333333333,0.0203333333333333,2.34,0.4,,,earthquake,depth free,low auto,23.49021381785929,-289.15458451289925,17.36993869225435,,False,1.5191056670601695
2018-04-09 11:32:50.710000,35.16566666666667,132.59616666666668,9.09,0.5,v,0.0034999999999999,0.0034999999999999,0.73,0.06,,,earthquake,depth free,low auto,21.000904408169944,-288.0348287997119,12.899117021121342,,False,3.799123251178456
2018-04-09 11:33:43.320000,35.17283333333333,132.58800000000002,10.35,0.8,V,0.0025,0.0025,0.48,0.04,,,earthquake,depth free,middle auto,21.82680079842449,-288.7037984893695,14.179916480958664,,False,2.2154630647956175
2018-04-09 11:40:50.300000,35.19649999999999,132.56883333333332,9.93,1.1,V,0.0026666666666666,0.0031666666666666,0.68,0.04,,,earthquake,depth free,middle auto,24.50692027753147,-290.37176770177837,13.807067834125236,,False,3.030265340145189
2018-04-09 11:43:39.500000,35.186,132.5705,12.58,1.8,V,0.0018333333333333,0.0025,0.47,0.03,,,earthquake,depth free,high manual,23.35035628279435,-290.16097422024086,16.456904862144587,,False,1.5409738914176334
2018-04-09 11:44:57.980000,35.190666666666665,132.58116666666666,11.73,0.6,V,0.0031666666666666,0.0033333333333333,0.58,0.06,,,earthquake,depth free,middle manual,23.832404428529152,-289.2091304166915,15.568987333019654,,False,0.9232193597365416
2018-04-09 11:47:09.160000,35.1905,132.5725,11.39,1.6,V,0.0018333333333333,0.0021666666666666,0.42,0.03,,,earthquake,depth free,middle auto,23.837654809811426,-290.007382106949,15.257990744967689,,False,1.6180540520284976
2018-04-09 11:49:45.950000,35.172333333333334,132.59183333333334,10.34,0.8,v,0.0028333333333333,0.0031666666666666,0.63,0.05,,,earthquake,depth free,middle auto,21.7600603448564,-288.35849197675316,14.157667381903842,,False,2.3017275919098954
2018-04-09 11:50:10.590000,35.19033333333333,132.576,9.64,0.7,V,0.0038333333333333,0.0034999999999999,0.67,0.07,,,earthquake,depth free,middle manual,23.80013678136104,-289.7549968408106,13.497717400886442,,False,2.744485958630662
2018-04-09 11:50:37.180000,35.18533333333333,132.57466666666667,11.15,0.5,v,0.0061666666666666,0.0075,1.33,0.16,,,earthquake,depth free,low auto,23.25689637794622,-289.8383275888163,15.014549487617163,,False,1.466571545387742
2018-04-09 11:52:14.670000,35.1855,132.57916666666665,11.98,1.2,V,0.0026666666666666,0.0031666666666666,0.56,0.05,,,earthquake,depth free,middle auto,23.266397127007828,-289.3995996329354,15.828985802980537,,False,0.7027562177509178
2018-04-09 11:55:43.110000,35.18,132.5775,8.82,0.5,v,0.0046666666666666,0.004,0.8,0.08,,,earthquake,depth free,low auto,22.64482534479299,-289.6859682528872,12.680508396179937,,False,3.4519899564367504
2018-04-09 11:57:27.600000,35.171499999999995,132.58816666666667,10.99,0.8,v,0.003,0.003,0.5,0.05,,,earthquake,depth free,middle auto,21.681785971610324,-288.6700843246177,14.819893207394664,,False,1.8584503782174184
2018-04-09 11:58:28.400000,35.19183333333333,132.58383333333333,10.59,1.4,V,0.0038333333333333,0.0045,0.93,0.06,,,earthquake,depth free,middle auto,23.948338604201684,-289.0050279959742,14.420167074861766,,False,1.7522677241756313
2018-04-09 12:12:24.380000,35.16166666666666,132.59283333333337,11.03,1.1,V,0.002,0.0023333333333333,0.46,0.04,,,earthquake,depth free,middle auto,20.5774145643553,-288.2805887593376,14.85170208531571,,False,2.835487250606528
2018-04-09 12:13:03.900000,35.184666666666665,132.583,8.99,0.9,v,0.0031666666666666,0.003,0.64,0.05,,,earthquake,depth free,middle auto,23.14747177837256,-289.1645461280521,12.828947968461094,,False,3.1575735990531375
2018-04-09 12:21:33.690000,35.18733333333333,132.57883333333334,9.54,0.6,V,0.0031666666666666,0.0031666666666666,0.65,0.06,,,earthquake,depth free,low auto,23.458412851800805,-289.5125810595266,13.390482723905722,,False,2.701994268743145
2018-04-09 12:24:53.780000,35.18833333333333,132.5675,8.65,0.5,V,0.0033333333333333,0.0031666666666666,0.58,0.07,,,earthquake,depth free,middle manual,23.598219657937836,-290.56888991949404,12.537945698640838,,False,3.911538324602564
2018-04-09 12:25:29.670000,35.18216666666667,132.5945,12.77,1.0,V,0.0018333333333333,0.0021666666666666,0.43,0.03,,,earthquake,depth free,middle auto,22.855845073703268,-287.99347283584245,16.57027455299359,,False,0.9956900724734773
2018-04-09 12:29:12.900000,35.1655,132.5975,11.66,0.8,V,0.0034999999999999,0.004,0.71,0.06,,,earthquake,depth free,middle auto,20.99250115513196,-287.82110767675556,15.463124999375394,,False,2.3899852157458947
2018-04-09 12:34:32.630000,35.19799999999999,132.569,9.81,0.6,v,0.0051666666666666,0.0043333333333333,0.74,0.08,,,earthquake,depth free,middle manual,24.672289235312423,-290.3557054432556,13.68558812078067,,False,3.1845562097208164
2018-04-09 12:39:53.860000,35.1825,132.58350000000002,9.93,0.5,v,0.0031666666666666,0.003,0.59,0.05,,,earthquake,depth free,low auto,22.910382903143915,-289.09259263574796,13.768171897670012,,False,2.2316762148228246
2018-04-09 12:45:09.280000,35.1735,132.58816666666667,8.86,0.7,V,0.0031666666666666,0.0034999999999999,0.61,0.05,,,earthquake,depth free,middle manual,21.892389648583013,-288.74067837973087,12.689901225453394,,False,3.499729969793886
2018-04-09 12:45:46.680000,35.183166666666665,132.59783333333334,10.04,0.6,v,0.005,0.0043333333333333,0.89,0.1,,,earthquake,depth free,low auto,22.943020357668,-287.78715157169654,13.8304760286461,,False,2.3285453565938097
2018-04-09 12:46:38.350000,35.19716666666666,132.57633333333334,11.43,0.8,V,0.0025,0.0028333333333333,0.54,0.04,,,earthquake,depth free,middle auto,24.56616759000853,-289.6348090606092,15.280749366728726,,False,1.8147395315724075
2018-04-09 12:47:58.550000,35.1875,132.5785,9.58,0.7,v,0.0034999999999999,0.0028333333333333,0.6,0.06,,,earthquake,depth free,middle auto,23.478087783210768,-289.5407328965369,13.431441931497051,,False,2.674015816217986
2018-04-09 12:49:30.280000,35.19016666666666,132.57433333333333,9.75,0.5,V,0.0046666666666666,0.004,0.72,0.08,,,earthquake,depth free,low auto,23.78708818737974,-289.9026048907313,13.613272585728854,,False,2.6998222637149727
2018-04-09 12:49:53.810000,35.18533333333333,132.58866666666668,11.79,0.6,V,0.0036666666666666,0.0041666666666666,0.83,0.07,,,earthquake,depth free,middle manual,23.219120524409707,-288.5464168785311,15.607904963836209,,False,0.3924115117220358
2018-04-09 12:54:46.120000,35.189499999999995,132.5761666666667,9.47,0.8,V,0.0031666666666666,0.0031666666666666,0.55,0.05,,,earthquake,depth free,middle manual,23.706322521557823,-289.74909700013023,13.32785460221417,,False,2.8759157406748788
2018-04-09 12:57:27.640000,35.178666666666665,132.5871666666667,10.75,0.9,V,0.0028333333333333,0.0028333333333333,0.55,0.05,,,earthquake,depth free,middle auto,22.478559758983877,-288.7439846354302,14.578226509189896,,False,1.5329630249730632
2018-04-09 12:58:39.130000,35.186499999999995,132.58416666666668,9.3,0.6,v,0.0033333333333333,0.0026666666666666,0.58,0.06,,,earthquake,depth free,low auto,23.34908547571333,-289.0409405615525,13.133613718727617,,False,2.8463595692189463
2018-04-09 12:59:49.270000,35.18433333333333,132.58866666666668,12.89,1.0,V,0.002,0.0023333333333333,0.45,0.03,,,earthquake,depth free,middle auto,23.11381029514069,-288.50985738236494,16.707854789940146,,False,0.7822245789228245
2018-04-09 13:01:36.210000,35.18966666666666,132.57566666666665,10.74,1.6,V,0.002,0.0023333333333333,0.48,0.03,,,earthquake,depth free,middle manual,23.73264854111391,-289.74727183359994,14.598525272318886,,False,1.7988338524654284
2018-04-09 13:07:39.510000,35.183,132.578,9.47,0.7,v,0.0036666666666666,0.0038333333333333,0.77,0.06,,,earthquake,depth free,middle auto,22.97963433784846,-289.6061341825818,13.326300964265192,,False,2.7799441292981717
2018-04-09 13:08:15.300000,35.1765,132.58316666666667,8.33,0.7,v,0.0031666666666666,0.0034999999999999,0.76,0.05,,,earthquake,depth free,middle auto,22.237197521352673,-289.2026556865368,12.174602599168235,,False,3.9195464015884505
2018-04-09 13:10:01.540000,35.18866666666666,132.58133333333333,12.7,1.2,V,0.0021666666666666,0.0023333333333333,0.4,0.04,,,earthquake,depth free,middle auto,23.614933274198258,-289.16568524562746,16.539149746046547,,False,0.8694582499945099
2018-04-09 13:11:48.970000,35.19483333333333,132.57033333333334,10.1,0.7,v,0.0038333333333333,0.0048333333333333,0.75,0.09,,,earthquake,depth free,middle manual,24.31840627405612,-290.2355625969415,13.97310279389922,,False,2.7549624907716526
2018-04-09 13:19:19.540000,35.19466666666666,132.56783333333334,10.19,0.5,v,0.0068333333333333,0.0065,1.02,0.14,,,earthquake,depth free,low auto,24.307712662936027,-290.4593901177477,14.071446611581148,,False,2.8132795929124286
2018-04-09 13:21:04.780000,35.1705,132.58700000000002,8.55,0.7,V,0.0025,0.0025,0.54,0.04,,,earthquake,depth free,middle auto,21.561203418791735,-288.868434437208,12.386119522133544,,False,3.910334407467313
2018-04-09 13:22:40.250000,35.19916666666666,132.5701666666667,13.84,1.4,V,0.0016666666666666,0.002,0.36,0.03,,,earthquake,depth free,middle auto,24.81782630901953,-290.0978185271131,17.70817138166068,,False,2.78425769356663
2018-04-09 13:26:52.620000,35.2,132.572,11.83,1.5,V,0.0016666666666666,0.002,0.38,0.03,,,earthquake,depth free,middle auto,24.895145501031617,-290.00257796605644,15.692919396334911,,False,2.180751433189838
2018-04-09 13:28:31.140000,35.17816666666666,132.59883333333337,7.95,0.6,V,0.0036666666666666,0.004,0.98,0.05,,,earthquake,depth free,low auto,22.37438752067621,-287.7901640227703,11.742122663758938,,False,4.383145932407609
2018-04-09 13:32:59.290000,35.18983333333333,132.59666666666666,8.73,0.6,v,0.0026666666666666,0.0021666666666666,0.41,0.04,,,earthquake,depth free,middle manual,23.679591088872623,-287.91685969447167,12.520569751175673,,False,3.5654078150990216
2018-04-09 13:34:05.840000,35.17883333333333,132.5836666666667,8.8,0.6,V,0.0034999999999999,0.0034999999999999,0.67,0.06,,,earthquake,depth free,middle auto,22.497154151418528,-289.1318381690108,12.640974703971963,,False,3.403284013063078
2018-04-09 13:36:40.390000,35.18216666666667,132.60366666666667,7.94,0.7,V,0.0026666666666666,0.0033333333333333,0.81,0.04,,,earthquake,depth free,middle auto,22.804237946532098,-287.3381404408118,11.713469306441084,,False,4.473541035868114
2018-04-09 13:38:39.450000,35.158833333333334,132.55933333333334,10.26,0.5,v,0.0051666666666666,0.0051666666666666,0.7,0.09,,,earthquake,depth free,middle manual,20.357204777995833,-291.35560091553293,14.19519879138489,,False,4.227307683719904
2018-04-09 13:40:28.990000,35.174,132.59016666666668,7.57,0.9,V,0.0025,0.003,0.77,0.04,,,earthquake,depth free,middle manual,21.935205050279745,-288.6046072569401,11.393832300207295,,False,4.721960562577056
2018-04-09 13:40:54.580000,35.2015,132.5755,10.29,0.5,v,0.0043333333333333,0.0031666666666666,0.6,0.07,,,earthquake,depth free,low auto,25.04386070778983,-289.7366064811086,14.14138819074576,,False,2.811205287804701
2018-04-09 13:41:57.270000,35.175999999999995,132.58033333333333,8.8,0.9,V,0.0021666666666666,0.0021666666666666,0.41,0.03,,,earthquake,depth free,middle manual,22.192479174769684,-289.4441171908585,12.653994966426737,,False,3.5135135652741005
2018-04-09 13:42:36.740000,35.174,132.57716666666667,7.56,0.7,V,0.0028333333333333,0.0026666666666666,0.55,0.05,,,earthquake,depth free,middle manual,21.973258437400965,-289.783762471656,11.426745571372743,,False,4.799012131572184
2018-04-09 13:50:05.900000,35.176833333333335,132.57766666666666,9.35,3.2,V,0.0018333333333333,0.0023333333333333,0.51,0.03,,,earthquake,depth free,high manual,22.295669379169254,-289.6627469132459,13.21183964470983,,False,3.02511631601821
2018-04-09 13:51:59.440000,35.174,132.58700000000002,10.3,0.7,V,0.0028333333333333,0.0034999999999999,0.69,0.05,,,earthquake,depth free,middle auto,21.958910324251853,-288.7921116496505,14.1324067437955,,False,2.1798279804843514
2018-04-09 13:53:21.800000,35.175333333333334,132.58016666666666,9.14,1.5,V,0.0018333333333333,0.0021666666666666,0.47,0.03,,,earthquake,depth free,middle auto,22.120769354388315,-289.44916164228215,12.994789429262593,,False,3.2189125997431933
2018-04-09 13:53:48.250000,35.223333333333336,132.55,12.44,0.9,V,0.0051666666666666,0.0069999999999999,0.94,0.11,,,earthquake,depth free,middle manual,27.55104160428013,-291.8888699945574,16.360614816218582,,False,5.4375299547088005
2018-04-09 13:56:21.300000,35.18816666666666,132.59816666666669,8.09,0.9,V,0.0021666666666666,0.0021666666666666,0.53,0.03,,,earthquake,depth free,middle auto,23.48701216555079,-287.8100574965745,11.87722436625646,,False,4.190624756199219
2018-04-09 13:59:31.800000,35.17016666666667,132.59116666666668,7.22,1.0,V,0.0036666666666666,0.0043333333333333,1.15,0.06,,,earthquake,depth free,middle manual,21.50489144893046,-288.54030736426773,11.04354190245498,,False,5.18329772314323
2018-04-09 14:03:26.210000,35.18816666666666,132.59033333333335,12.07,0.6,v,0.0056666666666666,0.005,0.95,0.1,,,earthquake,depth free,low auto,23.529961887484333,-288.3751390814574,15.88027057064244,,False,0.5148793351674198
2018-04-09 14:03:51.110000,35.18366666666666,132.57583333333332,9.36,1.1,V,0.0026666666666666,0.0028333333333333,0.57,0.04,,,earthquake,depth free,middle auto,23.05941361259628,-289.80416869010986,13.223076914985445,,False,2.941302991901706
2018-04-09 14:05:26.270000,35.19433333333333,132.57216666666667,9.78,0.5,v,0.004,0.0041666666666666,0.82,0.07,,,earthquake,depth free,low auto,24.25595883147084,-290.0829642566936,13.647584892981069,,False,2.8990009740145224
2018-04-09 14:07:42.450000,35.186166666666665,132.59400000000002,10.9,1.0,V,0.0023333333333333,0.0025,0.48,0.04,,,earthquake,depth free,middle auto,23.29145850896462,-288.0926262971686,14.700391846475837,,False,1.4082479508830001
2018-04-09 14:12:10.220000,35.1875,132.5825,11.32,0.6,V,0.0103333333333333,0.0098333333333333,1.41,0.19,,,earthquake,depth free,low manual,23.47514523492225,-289.11460064605046,15.157044927455305,,False,0.9475482015936618
2018-04-09 14:14:39.110000,35.149166666666666,132.61583333333334,10.42,0.5,v,0.0143333333333333,0.0111666666666666,2.69,0.26,,,earthquake,depth free,low auto,19.120161491386167,-286.26188132727356,14.176238080465808,,False,5.045323463576376
2018-04-09 14:15:23.440000,35.1755,132.59416666666667,12.18,0.9,V,0.0025,0.003,0.6,0.05,,,earthquake,depth free,middle auto,22.11429092894017,-288.06879653910323,15.986482606074023,,False,1.2248836293177008
2018-04-09 14:19:42.220000,35.180499999999995,132.58266666666665,12.7,1.7,V,0.002,0.0023333333333333,0.47,0.03,,,earthquake,depth free,high manual,22.705229692243947,-289.0739866761167,16.54043870887039,,False,0.8187551684731167
2018-04-09 14:23:24.650000,35.177166666666665,132.5815,9.39,1.5,V,0.002,0.0025,0.55,0.03,,,earthquake,depth free,middle auto,22.3216220537141,-289.3126149564382,13.238907060039775,,False,2.9018086013340714
2018-04-09 14:28:09.800000,35.16083333333333,132.59133333333335,13.06,0.6,V,0.0048333333333333,0.0041666666666666,0.62,0.07,,,earthquake,depth free,middle manual,20.500551225342313,-288.3455304097501,16.885873148110328,,False,2.835425443784771
2018-04-09 14:29:30,35.19949999999999,132.56799999999998,12.97,0.8,V,0.0025,0.0031666666666666,0.63,0.05,,,earthquake,depth free,middle manual,24.856956402876552,-290.32480961613686,16.845729024465044,,False,2.506265621563646
2018-04-09 14:30:39.490000,35.1845,132.57833333333332,10.07,0.9,V,0.0025,0.0028333333333333,0.57,0.04,,,earthquake,depth free,middle auto,23.14817186930696,-289.548600658172,13.923740770162896,,False,2.19442345208238
2018-04-09 14:33:30.390000,35.198166666666665,132.5695,9.85,0.5,V,0.0053333333333333,0.0048333333333333,0.95,0.09,,,earthquake,depth free,middle manual,24.68950628795853,-290.3083315668531,13.723790323312617,,False,3.1415191076882425
2018-04-09 14:39:58.450000,35.1985,132.56883333333332,13.94,0.7,v,0.0023333333333333,0.0023333333333333,0.44,0.04,,,earthquake,depth free,middle auto,24.748303062547883,-290.217272416795,17.812968191573557,,False,2.871917986090289
2018-04-09 14:40:33.580000,35.172666666666665,132.61616666666666,9.99,2.5,V,0.0023333333333333,0.0026666666666666,0.59,0.04,,,earthquake,depth free,high manual,21.724339104944765,-286.1643726569685,13.728019160159116,,False,3.6766123791470564
2018-04-09 14:41:18.870000,35.18933333333333,132.66216666666668,6.73,1.1,V,0.0023333333333333,0.0025,0.73,0.03,,,earthquake,depth free,middle auto,23.42481678565363,-282.0521627561111,10.309950754071624,,False,8.738727280224838
2018-04-09 14:41:40.140000,35.205000000000005,132.57166666666666,10.44,0.7,V,0.0081666666666666,0.0053333333333333,0.66,0.13,,,earthquake,depth free,middle manual,25.444180254037622,-290.06590757785534,14.301663665413413,,False,3.130689353436319
2018-04-09 14:47:44.600000,35.18383333333333,132.56933333333333,9.41,1.0,V,0.0018333333333333,0.0023333333333333,0.47,0.03,,,earthquake,depth free,middle auto,23.097276006695836,-290.3908882260073,13.294463396598072,,False,3.143246230430354
2018-04-09 14:49:41.630000,35.1815,132.58233333333334,11.62,0.7,V,0.0033333333333333,0.0034999999999999,0.63,0.06,,,earthquake,depth free,middle manual,22.8115523034249,-289.1401082491146,15.461571313208196,,False,0.7335806111524378
2018-04-09 14:51:05.770000,35.19433333333333,132.56366666666668,8.87,0.5,v,0.0045,0.004,0.67,0.07,,,earthquake,depth free,low auto,24.27650267123563,-290.8867447991224,12.766422745003055,,False,4.016630434263845
2018-04-09 14:52:51.750000,35.17583333333333,132.58016666666666,9.74,1.3,V,0.0018333333333333,0.0021666666666666,0.46,0.03,,,earthquake,depth free,middle auto,22.179409233240285,-289.4254227570084,13.59402206727076,,False,2.6497807791314796
2018-04-09 14:53:30.460000,35.1935,132.57116666666667,12.99,1.2,V,0.0016666666666666,0.002,0.36,0.03,,,earthquake,depth free,middle auto,24.182289281024616,-290.05872010383405,16.859261776817984,,False,1.91749168944289
2018-04-09 14:54:55.110000,35.18433333333333,132.57466666666667,11.23,0.6,V,0.0038333333333333,0.0031666666666666,0.58,0.07,,,earthquake,depth free,middle manual,23.146363895410097,-289.83896524856465,15.095191165977344,,False,1.4129137853679188
2018-04-09 14:55:17.250000,35.1845,132.591,12.82,1.5,V,0.0018333333333333,0.0021666666666666,0.42,0.03,,,earthquake,depth free,middle auto,23.12511817241387,-288.3004409953089,16.63011088684914,,False,0.7943065927790512
2018-04-09 14:55:58.500000,35.17766666666667,132.585,10.07,0.6,v,0.0068333333333333,0.0068333333333333,0.72,0.09,,,earthquake,depth free,middle manual,22.37040250229615,-288.96873582126574,13.906538891446964,,False,2.2068543194193437
2018-04-09 15:08:10.700000,35.18433333333333,132.57733333333334,9.96,1.0,V,0.0016666666666666,0.0021666666666666,0.45,0.03,,,earthquake,depth free,middle auto,23.13205227302161,-289.6438529371564,13.817238527061615,,False,2.3296432747409104
2018-04-09 15:15:38.220000,35.1945,132.58566666666667,11.62,0.8,V,0.0036666666666666,0.0031666666666666,0.6,0.06,,,earthquake,depth free,middle auto,24.243917413460256,-288.7918112779252,15.441610552780356,,False,1.2080707294193747
2018-04-09 15:16:36.480000,35.19,132.58766666666668,11.82,1.3,V,0.0018333333333333,0.0021666666666666,0.45,0.03,,,earthquake,depth free,middle auto,23.73986895976519,-288.6193296781826,15.637954641340151,,False,0.6743164276535074
2018-04-09 15:20:28.950000,35.171499999999995,132.58066666666667,8.11,0.5,V,0.0076666666666666,0.0075,1.67,0.12,,,earthquake,depth free,low auto,21.688406274364255,-289.4551868547403,11.966596494742552,,False,4.3120201331227195
2018-04-09 15:20:41.910000,35.17366666666666,132.5795,7.99,0.7,V,0.003,0.004,0.91,0.05,,,earthquake,depth free,middle auto,21.93168130909696,-289.55763468925267,11.8489735219017,,False,4.36507445970938
2018-04-09 15:20:52.580000,35.18433333333333,132.60399999999998,10.2,1.0,V,0.0034999999999999,0.004,0.79,0.08,,,earthquake,depth free,middle auto,23.055324253322553,-287.2183258805325,13.96934910353744,,False,2.489776339903347
2018-04-09 15:29:22.400000,35.18583333333333,132.58533333333335,12.87,0.9,V,0.0034999999999999,0.003,0.55,0.05,,,earthquake,depth free,middle auto,23.289825955869336,-288.80721370223625,16.6978020195052,,False,0.7609127938210439
2018-04-09 15:33:22.570000,35.20466666666667,132.55733333333333,14.39,0.5,V,0.0111666666666666,0.0091666666666666,0.96,0.15,,,earthquake,depth free,middle manual,25.46814985025179,-291.2199266145437,18.296769649551734,,False,4.136175864109379
2018-04-09 15:33:59.730000,35.189,132.589,11.71,1.0,v,0.0034999999999999,0.0038333333333333,0.54,0.06,,,earthquake,depth free,middle manual,23.62448712719331,-288.50609797384845,15.52432715684484,,False,0.6726826663597572
2018-04-09 15:35:28.320000,35.1815,132.5745,8.6,0.5,v,0.0026666666666666,0.0026666666666666,0.52,0.04,,,earthquake,depth free,low auto,22.81897636580309,-289.96063047684333,12.46953069067376,,False,3.7152564243785244
2018-04-09 15:37:39.560000,35.164,132.5855,7.47,2.2,V,0.002,0.0025,0.61,0.03,,,earthquake,depth free,high manual,20.838286544587984,-289.0670145819765,11.316549170815806,,False,5.195335406890532
2018-04-09 15:38:48.110000,35.18033333333333,132.59383333333335,11.47,0.9,V,0.003,0.0036666666666666,0.73,0.05,,,earthquake,depth free,middle auto,22.647715017353818,-288.1076895519904,15.274630566437905,,False,1.0438216150951318
2018-04-09 15:39:07.650000,35.19466666666666,132.56866666666667,9.95,0.9,V,0.003,0.003,0.57,0.05,,,earthquake,depth free,middle auto,24.30407912178777,-290.3926972967499,13.828846491953502,,False,2.9412411557377336
2018-04-09 15:44:21.770000,35.19566666666666,132.596,9.31,1.3,V,0.0034999999999999,0.004,0.92,0.05,,,earthquake,depth free,middle auto,24.331792351209536,-287.9354977645157,13.098397829859715,,False,3.1875371647525594
2018-04-09 15:45:04.580000,35.20516666666667,132.56483333333335,10.34,0.8,v,0.0066666666666666,0.006,0.9,0.13,,,earthquake,depth free,middle manual,25.48230922466206,-290.6880858177929,14.224293089757028,,False,3.5077184920763096
2018-04-09 15:45:19.240000,35.183166666666665,132.60016666666667,11.01,0.7,V,0.0033333333333333,0.004,0.71,0.07,,,earthquake,depth free,middle auto,22.9411975661723,-287.54046187765897,14.792172559670243,,False,1.6679037245336061
2018-04-09 15:46:57.960000,35.17983333333333,132.59033333333335,12.5,0.5,V,0.005,0.0045,0.75,0.1,,,earthquake,depth free,middle manual,22.60781624452926,-288.38907538885826,16.315790709079863,,False,0.7316044240050797
2018-04-09 15:52:01.820000,35.181666666666665,132.56616666666667,6.87,1.4,V,0.0028333333333333,0.0036666666666666,0.94,0.04,,,earthquake,depth free,middle auto,22.85309588547209,-290.7791133186734,10.768247773804708,,False,5.589204958768358
2018-04-09 15:52:56.110000,35.192499999999995,132.5715,10.22,2.5,V,0.0018333333333333,0.0023333333333333,0.5,0.03,,,earthquake,depth free,high manual,24.05666582733871,-290.13378273571453,14.090739101114616,,False,2.5094036326142812
2018-04-09 15:53:51.290000,35.184666666666665,132.60166666666666,7.93,0.7,v,0.0023333333333333,0.0023333333333333,0.43,0.03,,,earthquake,depth free,middle manual,23.08750758040641,-287.51097297504333,11.708280712591495,,False,4.415025229631601
2018-04-09 15:55:59.100000,35.17016666666667,132.58683333333337,8.08,1.2,V,0.002,0.0021666666666666,0.53,0.03,,,earthquake,depth free,middle auto,21.522179032188383,-288.9018873089333,11.917230267953476,,False,4.35822040842006
2018-04-09 15:58:30.610000,35.18533333333333,132.60983333333334,8.21,1.1,V,0.0028333333333333,0.003,0.78,0.04,,,earthquake,depth free,middle auto,23.139166345749583,-286.75809494354274,11.960913820327884,,False,4.448629754631595
2018-04-09 15:59:26.400000,35.215333333333334,132.559,8.21,0.5,V,0.0138333333333333,0.0106666666666666,2.48,0.24,,,earthquake,depth free,low auto,26.617846953560047,-291.2586199188213,12.108575775863164,,False,5.766851703067218
2018-04-09 15:59:55.660000,35.190666666666665,132.56716666666665,11.68,0.9,V,0.0028333333333333,0.0026666666666666,0.51,0.05,,,earthquake,depth free,middle auto,23.873279376813123,-290.47933363143403,15.56536021107816,,False,1.9428108461045699
2018-04-09 16:01:39.850000,35.180499999999995,132.58766666666668,9.36,1.0,V,0.003,0.0031666666666666,0.7,0.05,,,earthquake,depth free,middle auto,22.673307794582545,-288.74286466640376,13.186228945709257,,False,2.8098160793803104
2018-04-09 16:03:12.110000,35.19333333333333,132.57216666666667,10.57,0.8,V,0.0023333333333333,0.0028333333333333,0.57,0.04,,,earthquake,depth free,middle auto,24.14890025286393,-290.05754821724673,14.437722434984968,,False,2.2559029152386176
2018-04-09 16:03:50.940000,35.190666666666665,132.57316666666665,10.42,0.8,V,0.0051666666666666,0.0043333333333333,0.67,0.1,,,earthquake,depth free,middle manual,23.849343458583263,-289.981969525039,14.286333669795932,,False,2.206224358496448
2018-04-09 16:09:36.380000,35.189,132.57516666666666,10.01,1.1,V,0.002,0.0025,0.53,0.03,,,earthquake,depth free,middle auto,23.65648614998983,-289.82171890396296,13.871138094623054,,False,2.4112614612583703
2018-04-09 16:18:53.160000,35.18633333333333,132.57983333333334,9.48,1.2,V,0.0016666666666666,0.002,0.46,0.03,,,earthquake,depth free,middle auto,23.344205844824216,-289.4277101426275,13.327911779539315,,False,2.727832009362835
2018-04-09 16:19:46.450000,35.178666666666665,132.58450000000002,11.07,0.7,V,0.0028333333333333,0.0028333333333333,0.59,0.05,,,earthquake,depth free,middle auto,22.488032624642816,-288.9739635026837,14.90679755790483,,False,1.2671737932318912
2018-04-09 16:21:47.250000,35.17966666666666,132.5865,9.92,1.2,V,0.0018333333333333,0.0021666666666666,0.46,0.03,,,earthquake,depth free,middle auto,22.58715179684533,-288.8311402146743,13.75028013126778,,False,2.2786767054995987
2018-04-09 16:22:21.840000,35.1575,132.56983333333332,9.79,0.6,v,0.0078333333333333,0.0083333333333333,1.18,0.15,,,earthquake,depth free,low auto,20.17569172237322,-290.42578238314866,13.691616430917284,,False,4.11126185879867
2018-04-09 16:22:43.480000,35.184,132.57383333333334,10.05,1.5,V,0.0018333333333333,0.0023333333333333,0.46,0.03,,,earthquake,depth free,middle auto,23.105805050259622,-289.9589471944048,13.91899180102918,,False,2.3848231646824383
2018-04-09 16:24:26.780000,35.20566666666667,132.56683333333334,8.95,0.9,v,0.0034999999999999,0.0034999999999999,0.71,0.06,,,earthquake,depth free,middle manual,25.5253260355689,-290.55619996621033,12.82827841375339,,False,4.3340812498389925
2018-04-09 16:25:51.890000,35.22,132.54283333333333,8.1,0.5,v,0.0208333333333333,0.0208333333333333,3.6,0.42,,,earthquake,depth free,low auto,27.1831602373415,-292.710847599041,12.049698556386838,,False,6.887636396546512
2018-04-09 16:29:52.100000,35.180499999999995,132.57883333333334,10.15,1.1,V,0.0016666666666666,0.002,0.43,0.03,,,earthquake,depth free,middle auto,22.703279793928154,-289.51462502188485,14.004837351062202,,False,2.1539150488209455
2018-04-09 16:31:29.440000,35.18933333333333,132.573,10.21,0.7,V,0.0033333333333333,0.0041666666666666,0.82,0.06,,,earthquake,depth free,middle auto,23.700842394704473,-290.00954162369663,14.077945235633637,,False,2.3434685695923165
2018-04-09 16:33:21.640000,35.19566666666666,132.5701666666667,12.23,0.9,V,0.0031666666666666,0.0031666666666666,0.55,0.06,,,earthquake,depth free,middle auto,24.421805014724765,-290.16945981631477,16.101629030065393,,False,1.9339107159711542
2018-04-09 16:34:19.820000,35.175666666666665,132.58566666666667,8.98,1.1,V,0.0018333333333333,0.0021666666666666,0.5,0.03,,,earthquake,depth free,middle auto,22.14079856382171,-288.9552308718346,12.816506974419584,,False,3.305892638317099
2018-04-09 16:37:58.950000,35.209500000000006,132.57183333333333,12.11,0.6,v,0.0036666666666666,0.0033333333333333,0.64,0.07,,,earthquake,depth free,low auto,25.95076533959061,-289.9734366538553,15.967028804798655,,False,3.0669506467199645
2018-04-09 16:42:24.740000,35.175333333333334,132.58083333333332,8.99,1.8,V,0.0018333333333333,0.0023333333333333,0.53,0.03,,,earthquake,depth free,high manual,22.11802442000797,-289.3942146659626,12.842689453395534,,False,3.3486177674796194
2018-04-09 16:48:47.430000,35.19033333333333,132.5956666666667,12.42,0.6,V,0.0045,0.0046666666666666,0.85,0.08,,,earthquake,depth free,low auto,23.756479092288696,-287.87154208061105,16.21102310636692,,False,1.070498713948993
2018-04-09 16:49:57.100000,35.18716666666666,132.5701666666667,9.71,1.2,V,0.0016666666666666,0.0021666666666666,0.43,0.03,,,earthquake,depth free,middle auto,23.466241844976032,-290.29241417030136,13.589174248187453,,False,2.8590519605760876
2018-04-09 16:50:11.630000,35.19133333333333,132.56766666666667,8.98,0.9,V,0.0028333333333333,0.0026666666666666,0.54,0.04,,,earthquake,depth free,middle manual,23.932323517945107,-290.5309090450509,12.865103006590816,,False,3.666281618804852
2018-04-09 16:51:39.740000,35.186166666666665,132.57166666666666,10.11,1.5,V,0.0021666666666666,0.0023333333333333,0.48,0.03,,,earthquake,depth free,middle auto,23.352891519513257,-290.1453610425779,13.984619851200682,,False,2.4412909735775887
2018-04-09 16:53:01.150000,35.16,132.58700000000002,8.55,1.2,V,0.0018333333333333,0.0021666666666666,0.48,0.03,,,earthquake,depth free,middle auto,20.395847505415865,-288.90578669473416,12.393828941488348,,False,4.507317552671567
2018-04-09 16:54:15.940000,35.180166666666665,132.58583333333334,8.3,0.6,V,0.0031666666666666,0.0031666666666666,0.71,0.05,,,earthquake,depth free,low auto,22.63619276452238,-288.94893204426427,12.133226342594536,,False,3.863184238318586
2018-04-09 16:55:02.540000,35.17216666666666,132.58333333333334,8.2,0.9,V,0.002,0.0021666666666666,0.52,0.03,,,earthquake,depth free,middle auto,21.755060558498503,-289.20773311498317,12.047247398256635,,False,4.1787740678401635
2018-04-09 16:59:47.190000,35.17466666666667,132.58350000000002,9.01,1.1,V,0.0036666666666666,0.004,0.78,0.06,,,earthquake,depth free,middle manual,22.036325739895943,-289.1541135892287,12.85434841281664,,False,3.3240468819605056
2018-04-09 17:03:59.500000,35.17366666666666,132.58166666666665,8.53,1.6,V,0.0016666666666666,0.0021666666666666,0.51,0.03,,,earthquake,depth free,middle auto,21.928182067709155,-289.3414328659236,12.381445444109907,,False,3.8284552995813046
2018-04-09 17:07:44.960000,35.21233333333333,132.66150000000002,10.83,0.5,v,0.0216666666666666,0.0081666666666666,3.01,0.42,,,earthquake,depth free,middle manual,25.99928632074402,-281.8874256879767,14.39422941870112,,False,7.5623408435997845
2018-04-09 17:11:49.900000,35.17816666666666,132.5875,10.51,0.6,v,0.0033333333333333,0.0033333333333333,0.56,0.05,,,earthquake,depth free,middle manual,22.42085849166985,-288.7243113629753,14.337645847132771,,False,1.7750078890859473
2018-04-09 17:11:52.830000,35.19233333333333,132.5755,11.11,1.6,V,0.0023333333333333,0.0025,0.4,0.04,,,earthquake,depth free,middle auto,24.0308355182263,-289.73929105905836,14.966997984570195,,False,1.6704820502650743
2018-04-09 17:19:04.770000,35.183166666666665,132.59650000000002,12.46,0.7,V,0.0023333333333333,0.0023333333333333,0.4,0.04,,,earthquake,depth free,middle auto,22.95933168980404,-287.82001027568947,16.253219473125252,,False,0.9654820087910153
2018-04-09 17:22:53.820000,35.177166666666665,132.579,8.95,0.7,V,0.0023333333333333,0.0023333333333333,0.45,0.04,,,earthquake,depth free,middle auto,22.326654677378215,-289.5553389970372,12.807467590414586,,False,3.3599826874196688
2018-04-09 17:26:47.310000,35.173833333333334,132.59633333333335,13.15,0.8,V,0.0023333333333333,0.0025,0.46,0.04,,,earthquake,depth free,middle auto,21.92823206014929,-287.8431116065996,16.949905998340878,,False,1.8040360483834894
2018-04-09 17:34:47.330000,35.178,132.57816666666668,12.63,0.6,v,0.0034999999999999,0.0036666666666666,0.6,0.08,,,earthquake,depth free,middle manual,22.440772755656944,-289.4931444445858,16.48711203402233,,False,1.179763678764903
2018-04-09 17:37:20.690000,35.17883333333333,132.57999999999998,11.01,1.4,V,0.0018333333333333,0.0021666666666666,0.45,0.03,,,earthquake,depth free,middle auto,22.51939940176176,-289.3833590086577,14.861571952084208,,False,1.4280644427060973
2018-04-09 17:41:47.300000,35.174166666666665,132.57999999999998,9.04,0.8,V,0.0031666666666666,0.0033333333333333,0.71,0.06,,,earthquake,depth free,middle auto,21.99125828640657,-289.47208975078604,12.896243911507804,,False,3.3574750137255864
2018-04-09 17:43:35.910000,35.18183333333333,132.573,9.32,0.6,v,0.004,0.0031666666666666,0.7,0.07,,,earthquake,depth free,middle auto,22.864085418799753,-290.0689989679469,13.193770619845006,,False,3.0874750319153543
2018-04-09 17:44:33.630000,35.18666666666666,132.60133333333332,12.12,1.0,V,0.0025,0.0026666666666666,0.54,0.04,,,earthquake,depth free,middle auto,23.33173475304197,-287.3820683776609,15.895171346376893,,False,1.3487738775955351
2018-04-09 17:45:50.410000,35.19883333333333,132.57033333333334,13.41,0.6,V,0.003,0.0033333333333333,0.57,0.05,,,earthquake,depth free,middle manual,24.778287341080773,-290.09970733877793,17.278137193133546,,False,2.5107857813914882
2018-04-09 17:47:43.900000,35.19716666666666,132.584,13.6,0.5,v,0.0051666666666666,0.0051666666666666,0.93,0.11,,,earthquake,depth free,middle manual,24.55428594719168,-288.86098388133587,17.42395959059889,,False,2.035562474588211
2018-04-09 17:52:08.570000,35.18783333333333,132.57516666666666,8.67,0.6,v,0.0046666666666666,0.004,0.77,0.08,,,earthquake,depth free,middle manual,23.52027631871258,-289.8750074576804,12.532860430564408,,False,3.630955892324146
2018-04-09 17:54:01.520000,35.1785,132.58350000000002,9.14,0.5,V,0.0028333333333333,0.0028333333333333,0.57,0.05,,,earthquake,depth free,middle manual,22.46241942041815,-289.13570919510266,12.981529057264432,,False,3.080790337637637
2018-04-09 17:56:51.180000,35.1825,132.57583333333332,9.6,0.5,V,0.0036666666666666,0.004,0.72,0.06,,,earthquake,depth free,middle auto,22.93117875556568,-289.79953801389377,13.463729224627302,,False,2.724841984362631
2018-04-09 17:58:21.210000,35.199,132.56616666666667,9.33,0.5,v,0.0033333333333333,0.0034999999999999,0.65,0.05,,,earthquake,depth free,middle manual,24.789270313282223,-290.6265233901985,13.214652000267767,,False,3.718900270086926
2018-04-09 17:59:19.640000,35.19533333333333,132.56616666666667,8.88,0.6,V,0.0026666666666666,0.0026666666666666,0.52,0.04,,,earthquake,depth free,middle manual,24.380164123501075,-290.65621091191144,12.767430260256289,,False,3.9272940426458396
2018-04-09 18:01:34.760000,35.163666666666664,132.59333333333333,10.88,0.6,V,0.0048333333333333,0.0048333333333333,0.92,0.08,,,earthquake,depth free,middle auto,20.797019541678324,-288.23363260954557,14.698682892454071,,False,2.7131764282139477
2018-04-09 18:04:33.980000,35.18483333333333,132.595,12.11,1.0,V,0.0021666666666666,0.0025,0.48,0.04,,,earthquake,depth free,middle auto,23.14678621464414,-287.9627253251504,15.907216797354932,,False,0.7563785642942469
2018-04-09 18:15:19.870000,35.1985,132.57283333333334,11.22,0.5,V,0.0041666666666666,0.004,0.72,0.07,,,earthquake,depth free,low auto,24.7233420370362,-289.95482873642084,15.081580360791316,,False,2.181718906858183
2018-04-09 18:16:09.890000,35.190666666666665,132.57366666666667,11.69,0.7,V,0.0055,0.0063333333333333,0.93,0.1,,,earthquake,depth free,middle auto,23.85421329865011,-289.89008048925643,15.553807534679644,,False,1.4239107491761176
2018-04-09 18:25:37.360000,35.18333333333333,132.58933333333334,12.63,1.1,V,0.002,0.0021666666666666,0.45,0.03,,,earthquake,depth free,middle auto,22.999617502535195,-288.46249756201803,16.446535102531982,,False,0.5748042003151863
2018-04-09 18:37:37.800000,35.17133333333333,132.58783333333335,11.02,1.2,V,0.0021666666666666,0.0025,0.51,0.03,,,earthquake,depth free,middle auto,21.66443065614725,-288.69979245001036,14.851090880428217,,False,1.8529496806339363
2018-04-09 18:40:01.430000,35.18283333333333,132.58583333333334,13.08,1.0,V,0.002,0.0023333333333333,0.45,0.03,,,earthquake,depth free,middle auto,22.956707517678467,-288.7649258383876,16.908102380847144,,False,0.9744775404180104
2018-04-09 18:40:22.210000,35.189166666666665,132.5755,10.41,2.0,V,0.0018333333333333,0.0023333333333333,0.48,0.03,,,earthquake,depth free,high manual,23.67600791800888,-289.7762546830023,14.269646433659531,,False,2.0576825106512904
2018-04-09 18:42:48.520000,35.17366666666666,132.61333333333332,12.2,0.5,v,0.005,0.0058333333333333,1.09,0.12,,,earthquake,depth free,low auto,21.85524940944314,-286.33784344675786,15.945062628883054,,False,2.7104956226039536
2018-04-09 18:46:26.790000,35.18066666666667,132.5865,9.49,0.8,V,0.0026666666666666,0.0031666666666666,0.64,0.05,,,earthquake,depth free,middle auto,22.695890410046577,-288.84327731614434,13.319867218093131,,False,2.6771228712508295
2018-04-09 18:50:51.350000,35.18133333333333,132.60883333333334,12.25,0.6,v,0.004,0.0036666666666666,0.71,0.07,,,earthquake,depth free,low auto,22.71898932094846,-286.71671331696007,16.00427453225228,,False,2.0479504556148513
2018-04-09 18:59:14.980000,35.18716666666666,132.5705,13.07,0.6,V,0.0028333333333333,0.0025,0.44,0.04,,,earthquake,depth free,middle auto,23.482232854043417,-290.1388081144266,16.94575938920571,,False,1.7636835669492241
2018-04-09 19:03:59.710000,35.16983333333333,132.55100000000002,10.82,0.9,V,0.002,0.0023333333333333,0.42,0.03,,,earthquake,depth free,middle auto,21.60534366900237,-292.05074979596463,14.774500557758692,,False,3.859711614622716
2018-04-09 19:04:47.600000,35.17466666666667,132.60216666666665,7.49,0.6,V,0.0025,0.0031666666666666,0.79,0.04,,,earthquake,depth free,low auto,21.973747917211583,-287.5170243933731,11.273995996736998,,False,4.973993262450538
2018-04-09 19:05:33.900000,35.17016666666667,132.55066666666667,11.46,0.6,V,0.0048333333333333,0.0055,0.86,0.09,,,earthquake,depth free,low auto,21.646728764086006,-292.0560704299403,15.414924461864548,,False,3.7020213087253078
2018-04-09 19:07:30.250000,35.206,132.5745,12.51,1.5,V,0.002,0.0025,0.47,0.03,,,earthquake,depth free,middle auto,25.556587227267663,-289.72975414626023,16.360210474977134,,False,2.639568945757739
2018-04-09 19:19:24.210000,35.180166666666665,132.58350000000002,12.93,0.7,V,0.0045,0.0045,0.72,0.07,,,earthquake,depth free,middle auto,22.66700861588982,-288.9912718886982,16.76776829417857,,False,0.9858462541816942
2018-04-09 19:23:28.820000,35.171499999999995,132.58116666666666,9.21,1.0,V,0.0021666666666666,0.0025,0.55,0.03,,,earthquake,depth free,middle auto,21.692801707744135,-289.3696113588951,13.06419266095576,,False,3.3032951005033224
2018-04-09 19:32:07.110000,35.180499999999995,132.586,9.87,0.6,V,0.009,0.0073333333333333,0.99,0.15,,,earthquake,depth free,low auto,22.680825610505035,-288.8753182100184,13.701374167001232,,False,2.307634244035747
2018-04-09 19:35:18.470000,35.18933333333333,132.57183333333333,11.65,0.9,V,0.0018333333333333,0.0021666666666666,0.41,0.03,,,earthquake,depth free,middle auto,23.711492219857476,-290.0624105877848,15.520821932744546,,False,1.5195430464310136
2018-04-09 19:39:18.170000,35.16983333333333,132.58266666666665,8.48,1.6,V,0.0016666666666666,0.002,0.46,0.03,,,earthquake,depth free,middle auto,21.499533521256495,-289.26625516065496,12.330944624677445,,False,4.020689053828245
2018-04-09 19:43:07.750000,35.18216666666667,132.5855,12.78,1.0,V,0.0021666666666666,0.0025,0.5,0.04,,,earthquake,depth free,middle auto,22.882201211823748,-288.8084478380691,16.609871569498708,,False,0.7146139282758428
2018-04-09 19:47:44.560000,35.12766666666667,132.51666666666668,7.14,0.5,V,0.0205,0.0209999999999999,2.6,0.27,,,earthquake,depth free,low auto,17.007057479977906,-295.45369724984147,11.245046223110128,,False,10.262836109922217
2018-04-09 19:48:20.250000,35.1915,132.5765,11.71,0.8,V,0.0018333333333333,0.0021666666666666,0.42,0.03,,,earthquake,depth free,middle auto,23.93843522868282,-289.62967879824777,15.563848887838844,,False,1.2656981220635064
2018-04-09 19:52:10.330000,35.17583333333333,132.59050000000002,8.13,2.3,V,0.002,0.0025,0.65,0.03,,,earthquake,depth free,high manual,22.140681097648063,-288.54745481381144,11.95104348637872,,False,4.133120411275746
2018-04-09 19:52:28.260000,35.175666666666665,132.59216666666669,8.06,2.0,V,0.0021666666666666,0.0026666666666666,0.67,0.03,,,earthquake,depth free,high manual,22.11694066568028,-288.39948545783955,11.875726104505214,,False,4.220463438017707
2018-04-09 19:52:37.310000,35.17583333333333,132.59166666666667,8.06,2.7,V,0.002,0.0025,0.63,0.03,,,earthquake,depth free,high manual,22.13690153953275,-288.44422719024317,11.877251916387875,,False,4.210991619001532
2018-04-09 19:54:46.540000,35.19233333333333,132.57116666666667,10.76,0.6,V,0.0033333333333333,0.0033333333333333,0.6,0.06,,,earthquake,depth free,low auto,24.04183233956807,-290.1447594935981,14.631586846623962,,False,2.139620136129014
2018-04-09 19:55:54.950000,35.17666666666666,132.59,8.54,1.4,V,0.002,0.0023333333333333,0.57,0.03,,,earthquake,depth free,middle auto,22.23678812221123,-288.5748798036274,12.361817128048974,,False,3.7105700058284
2018-04-09 19:57:13.870000,35.202000000000005,132.57383333333334,10.24,0.7,V,0.0045,0.0048333333333333,1.01,0.07,,,earthquake,depth free,middle auto,25.103994368513405,-289.88766302624265,14.096606368920389,,False,2.937519578668629
2018-04-09 19:59:51,35.18533333333333,132.596,12.59,1.2,V,0.0018333333333333,0.0021666666666666,0.44,0.03,,,earthquake,depth free,middle auto,23.201776182360852,-287.8528976382,16.383263120223877,,False,0.966300900464112
2018-04-09 20:01:05.800000,35.1535,132.56133333333335,9.34,0.6,V,0.0041666666666666,0.0053333333333333,0.94,0.07,,,earthquake,depth free,low auto,19.754355127763525,-291.2273364550752,13.273193775551842,,False,5.003853168855086
2018-04-09 20:02:28.650000,35.183,132.58533333333335,10.17,0.5,V,0.0043333333333333,0.004,0.77,0.07,,,earthquake,depth free,low auto,22.96172527823202,-288.9158884190913,14.001612288982896,,False,1.9724241354315675
2018-04-09 20:03:00.200000,35.18966666666666,132.56883333333332,9.17,0.7,V,0.0034999999999999,0.0034999999999999,0.61,0.06,,,earthquake,depth free,middle auto,23.744876007770184,-290.42415095960985,13.052243596223514,,False,3.418677927090657
2018-04-09 20:04:22.840000,35.1915,132.5745,11.62,0.8,V,0.0031666666666666,0.0031666666666666,0.54,0.07,,,earthquake,depth free,middle auto,23.943859686542783,-289.81417257491967,15.480526818012992,,False,1.4329036727872697
2018-04-09 20:07:18.350000,35.13283333333333,132.57666666666665,9.01,0.5,v,0.0085,0.0096666666666666,1.55,0.12,,,earthquake,depth free,low auto,17.41380432407099,-289.9228393108843,12.90859036131393,,False,6.60810740309713
2018-04-09 20:07:56.970000,35.14366666666667,132.56633333333335,11.64,0.5,v,0.0088333333333333,0.012,2.0,0.18,,,earthquake,depth free,low auto,18.661746032778534,-290.72450639716027,15.56251118474095,,False,4.934642250018601
2018-04-09 20:18:32.450000,35.1615,132.5975,10.01,1.0,V,0.0016666666666666,0.0018333333333333,0.4,0.03,,,earthquake,depth free,middle auto,20.539678031086655,-287.8952680455375,13.817188144998145,,False,3.4746830195914424
2018-04-09 20:18:59.460000,35.1785,132.5855,12.55,0.9,V,0.0018333333333333,0.0021666666666666,0.44,0.03,,,earthquake,depth free,middle auto,22.474323596403163,-288.8298915710018,16.38261165486792,,False,0.8099176050444449
2018-04-09 20:19:21.430000,35.174499999999995,132.59383333333335,12.01,0.5,v,0.0058333333333333,0.0056666666666666,1.04,0.14,,,earthquake,depth free,low auto,22.00344274225898,-288.10873604749054,15.818407211554907,,False,1.307743925111109
2018-04-09 20:20:52.790000,35.16383333333333,132.5785,6.2,0.6,V,0.0021666666666666,0.003,0.82,0.03,,,earthquake,depth free,middle manual,20.833381544295044,-289.74894139100974,10.07066472918747,,False,6.408222606035393
2018-04-09 20:23:23.940000,35.17583333333333,132.598,8.84,1.3,V,0.0021666666666666,0.0025,0.61,0.03,,,earthquake,depth free,middle auto,22.122507750326942,-287.8416523638447,12.635915985676,,False,3.58373361518229
2018-04-09 20:30:09.440000,35.18783333333333,132.591,12.19,0.8,V,0.0023333333333333,0.0025,0.48,0.04,,,earthquake,depth free,middle auto,23.491644516660266,-288.311553560202,15.998226865718374,,False,0.5306633130670209
2018-04-09 20:35:05.210000,35.172,132.58266666666665,8.48,0.8,V,0.0023333333333333,0.0028333333333333,0.61,0.04,,,earthquake,depth free,middle auto,21.740006225068345,-289.2585361292201,12.329377173491253,,False,3.928308976709396
2018-04-09 20:35:51.810000,35.1695,132.58633333333333,10.3,1.4,V,0.0021666666666666,0.0026666666666666,0.55,0.03,,,earthquake,depth free,middle auto,21.46156073870031,-288.868545698737,14.13785016734314,,False,2.4867539738703637
2018-04-09 20:36:35.100000,35.17783333333333,132.58883333333335,8.93,1.6,V,0.0018333333333333,0.0021666666666666,0.51,0.03,,,earthquake,depth free,middle auto,22.371722250900657,-288.6622776727192,12.754564191375144,,False,3.2945538006461046
2018-04-09 20:40:31.450000,35.17733333333333,132.58883333333335,8.81,1.6,V,0.0018333333333333,0.0021666666666666,0.49,0.03,,,earthquake,depth free,middle auto,22.31560459956866,-288.66843197872294,12.635000774883537,,False,3.424001968532788
2018-04-09 20:43:38.160000,35.18816666666666,132.5931666666667,11.57,0.9,V,0.0028333333333333,0.003,0.58,0.05,,,earthquake,depth free,middle auto,23.519162986218316,-288.13664900722273,15.371294637712207,,False,0.9011850376620991
2018-04-09 20:45:19.530000,35.181999999999995,132.58683333333337,11.94,0.7,v,0.003,0.0031666666666666,0.62,0.05,,,earthquake,depth free,middle auto,22.855489133662697,-288.718905995627,15.76616683426759,,False,0.35202370217670687
2018-04-09 20:45:31.940000,35.1955,132.57183333333333,11.88,0.8,V,0.0026666666666666,0.0028333333333333,0.56,0.05,,,earthquake,depth free,middle auto,24.396700900932025,-290.03192678800775,15.74645916497003,,False,1.8216121846350621
2018-04-09 20:47:05.950000,35.19833333333333,132.5715,11.27,0.8,V,0.005,0.0048333333333333,0.6,0.09,,,earthquake,depth free,middle manual,24.709013955469796,-290.0743838992792,15.136074348566622,,False,2.221043416705495
2018-04-09 20:48:51.820000,35.187999999999995,132.57216666666667,9.96,0.7,V,0.0028333333333333,0.0028333333333333,0.56,0.05,,,earthquake,depth free,middle auto,23.55409008137382,-290.0990000810515,13.83179654650925,,False,2.564408630860357
2018-04-09 20:56:07.980000,35.202333333333335,132.61333333333332,10.13,0.9,V,0.0021666666666666,0.0025,0.53,0.04,,,earthquake,depth free,middle auto,25.02511562790763,-286.31146004294527,13.856693251751494,,False,3.700935059723632
2018-04-09 20:57:34.320000,35.175333333333334,132.59,8.59,0.9,V,0.0018333333333333,0.002,0.48,0.03,,,earthquake,depth free,middle auto,22.08906921904695,-288.5777968169057,12.412734253713944,,False,3.700898367838464
2018-04-09 21:01:47,35.18266666666666,132.56466666666668,9.87,0.5,V,0.0026666666666666,0.0026666666666666,0.49,0.05,,,earthquake,depth free,low auto,22.98391362133875,-290.8011110169638,13.770458618327876,,False,3.023340984148717
2018-04-09 21:07:46.770000,35.15933333333333,132.60016666666667,11.11,0.7,V,0.0023333333333333,0.0025,0.51,0.04,,,earthquake,depth free,middle auto,20.297589637231493,-287.6212413332589,14.909307902727544,,False,3.232154274338421
2018-04-09 21:11:10.400000,35.18516666666666,132.58533333333335,8.99,0.5,V,0.0041666666666666,0.0053333333333333,1.13,0.07,,,earthquake,depth free,low auto,23.19612506637197,-288.951263343357,12.82090296815412,,False,3.142819583662731
2018-04-09 21:13:51.920000,35.1675,132.59216666666669,8.15,0.6,V,0.003,0.0031666666666666,0.72,0.05,,,earthquake,depth free,low auto,21.210967242887605,-288.4252175971855,11.971559841968515,,False,4.4409007650764165
2018-04-09 21:14:25.510000,35.18433333333333,132.6,13.01,0.9,V,0.003,0.0031666666666666,0.62,0.05,,,earthquake,depth free,middle auto,23.08134617202347,-287.47881900159916,16.7905601336975,,False,1.4960843272776325
2018-04-09 21:19:27.810000,35.18266666666666,132.60316666666665,8.21,0.9,V,0.0021666666666666,0.0023333333333333,0.6,0.03,,,earthquake,depth free,middle auto,22.862582150022067,-287.37191082342935,11.98457522189524,,False,4.202037339872744
2018-04-09 21:21:45.200000,35.183499999999995,132.58216666666667,14.34,0.6,v,0.0143333333333333,0.0135,1.8,0.22,,,earthquake,depth free,middle manual,23.047833768997933,-289.04863983910604,18.178865743729027,,False,2.2510917561825243
2018-04-09 21:21:48.850000,35.176833333333335,132.5765,9.45,2.1,V,0.0018333333333333,0.0023333333333333,0.53,0.03,,,earthquake,depth free,high manual,22.299618562313743,-289.76483725463635,13.31563036435582,,False,2.9646890918608513
2018-04-09 21:22:54.200000,35.1885,132.57083333333333,11.0,0.5,V,0.0055,0.0065,0.8,0.09,,,earthquake,depth free,low auto,23.618720951846388,-290.179857606355,14.875156068764497,,False,1.8763867619150476
2018-04-09 21:24:10.610000,35.18566666666666,132.56516666666667,10.27,0.6,V,0.0046666666666666,0.0041666666666666,0.79,0.08,,,earthquake,depth free,low auto,23.31735795659737,-290.7303272619406,14.166425939071583,,False,2.6974479670345595
2018-04-09 21:26:47.510000,35.16383333333333,132.59550000000002,10.88,0.6,V,0.006,0.0073333333333333,1.21,0.09,,,earthquake,depth free,low auto,20.80918338736664,-288.0366521813279,14.691441877302749,,False,2.748066147521237
2018-04-09 21:29:11.210000,35.171166666666664,132.582,9.0,1.4,V,0.0016666666666666,0.002,0.42,0.03,,,earthquake,depth free,middle auto,21.65224595377382,-289.30293265219575,12.851824958892326,,False,3.4960158097613743
2018-04-09 21:31:14.760000,35.18583333333333,132.60299999999998,11.68,1.1,V,0.002,0.0021666666666666,0.47,0.03,,,earthquake,depth free,middle auto,23.232205285740232,-287.24997561972583,15.450587199874183,,False,1.553817516762842
2018-04-09 21:33:24.300000,35.16683333333333,132.59616666666668,12.28,1.0,V,0.0018333333333333,0.0018333333333333,0.36,0.03,,,earthquake,depth free,middle auto,21.147659998032612,-287.91466824198363,16.08610573085903,,False,2.1638704677321474
2018-04-09 21:37:25.920000,35.1845,132.59616666666668,12.03,1.0,V,0.0025,0.0026666666666666,0.56,0.04,,,earthquake,depth free,middle auto,23.105998431239048,-287.8611161250643,15.823673279751016,,False,0.8676994254513369
2018-04-09 21:37:53.900000,35.196,132.57283333333334,9.56,0.5,v,0.0058333333333333,0.0041666666666666,1.02,0.1,,,earthquake,depth free,low auto,24.437862433136097,-290.0246636826518,13.424399146275505,,False,3.1244994873326837
2018-04-09 21:40:35.600000,35.175666666666665,132.5865,10.62,0.7,V,0.0033333333333333,0.0033333333333333,0.58,0.05,,,earthquake,depth free,middle auto,22.146983197117528,-288.8198198692209,14.452644108799737,,False,1.8105979105437295
2018-04-09 21:41:02.760000,35.192,132.57583333333332,10.14,0.7,V,0.0026666666666666,0.0028333333333333,0.58,0.04,,,earthquake,depth free,middle auto,23.98805608151671,-289.7458265731029,13.996786208719676,,False,2.36400636805068
2018-04-09 21:41:55.330000,35.181,132.57366666666667,9.24,1.2,V,0.0025,0.003,0.65,0.04,,,earthquake,depth free,middle auto,22.769235730343524,-290.0144833550154,13.112203292865862,,False,3.147847613219438
2018-04-09 21:48:09.130000,35.18266666666666,132.57716666666667,12.84,0.5,V,0.003,0.0036666666666666,0.62,0.05,,,earthquake,depth free,middle manual,22.962387799430825,-289.5594041665231,16.696983912209006,,False,1.1383522745488648
2018-04-09 21:53:29.500000,35.166666666666664,132.55816666666666,11.55,1.4,V,0.0016666666666666,0.0021666666666666,0.39,0.03,,,earthquake,depth free,middle auto,21.23677078859079,-291.3856367182209,15.482390887746565,,False,3.3185196827310213
2018-04-09 21:57:15.190000,35.183,132.585,12.61,0.6,V,0.0025,0.0025,0.46,0.04,,,earthquake,depth free,low auto,22.97521974444028,-288.8569874194418,16.441051365306077,,False,0.5361580393995504
2018-04-09 22:08:37.120000,35.189499999999995,132.5785,11.86,0.9,V,0.0026666666666666,0.0026666666666666,0.54,0.04,,,earthquake,depth free,middle auto,23.711456388324734,-289.4501268658864,15.708505960175057,,False,0.9536182555136462
2018-04-09 22:09:50.590000,35.186166666666665,132.56933333333333,9.67,0.5,v,0.0038333333333333,0.0034999999999999,0.65,0.06,,,earthquake,depth free,low auto,23.357525645789263,-290.372986636252,13.552659089442512,,False,2.924413113301171
2018-04-09 22:10:54.750000,35.16866666666667,132.59416666666667,9.23,0.6,V,0.0018333333333333,0.0023333333333333,0.52,0.03,,,earthquake,depth free,low auto,21.3404302355582,-288.20041460279526,13.04340218117234,,False,3.4681073838134955
2018-04-09 22:17:38.170000,35.181666666666665,132.60416666666666,8.56,0.8,V,0.002,0.0023333333333333,0.56,0.03,,,earthquake,depth free,middle auto,22.75048377370048,-287.2721046635201,12.331767300680848,,False,3.92135797677136
2018-04-09 22:24:29.750000,35.17283333333333,132.59016666666668,9.3,1.6,V,0.0016666666666666,0.0021666666666666,0.47,0.03,,,earthquake,depth free,middle auto,21.814887521363605,-288.545691281737,13.123496218052006,,False,3.136124464750714
2018-04-09 22:28:56.750000,35.19433333333333,132.5725,13.55,1.2,V,0.0018333333333333,0.0021666666666666,0.41,0.03,,,earthquake,depth free,middle auto,24.273553680704406,-289.914426490138,17.413896025089723,,False,2.194950061612171
2018-04-09 22:29:19.770000,35.19483333333333,132.5725,13.68,0.6,V,0.0038333333333333,0.0038333333333333,0.65,0.07,,,earthquake,depth free,low auto,24.3296424724268,-289.90787010027753,17.54346817412004,,False,2.3078030381087866
2018-04-09 22:29:39.860000,35.1935,132.57233333333332,13.69,0.7,V,0.0023333333333333,0.0026666666666666,0.51,0.04,,,earthquake,depth free,middle auto,24.1823194868471,-289.92736114466885,17.554917508204415,,False,2.254813487638617
2018-04-09 22:33:33.610000,35.166666666666664,132.59116666666668,9.31,1.7,V,0.002,0.0025,0.57,0.03,,,earthquake,depth free,high manual,21.127681727475423,-288.4765813821734,13.1346712417693,,False,3.4801850310055347
2018-04-09 22:45:22.570000,35.19566666666666,132.56816666666666,11.92,0.6,V,0.0031666666666666,0.0033333333333333,0.67,0.06,,,earthquake,depth free,middle manual,24.426168742631823,-290.3620221886289,15.798473924916433,,False,2.085706170665078
2018-04-09 22:49:45.110000,35.186,132.58266666666665,8.85,0.6,V,0.0033333333333333,0.0038333333333333,0.86,0.05,,,earthquake,depth free,middle auto,23.295709515727857,-289.1951269254669,12.689216181778718,,False,3.3033342376716797
2018-04-09 22:50:38.710000,35.184666666666665,132.57683333333333,10.21,1.0,V,0.002,0.0023333333333333,0.51,0.03,,,earthquake,depth free,middle auto,23.17178176316864,-289.67881912146373,14.06848869810814,,False,2.117123023784063
2018-04-09 23:04:58.200000,35.1985,132.57466666666667,11.73,1.0,V,0.0018333333333333,0.0021666666666666,0.43,0.03,,,earthquake,depth free,middle auto,24.720432304308655,-289.7700398703843,15.585162520263122,,False,1.9240198749932926
2018-04-09 23:05:28.710000,35.18933333333333,132.57366666666667,9.87,0.6,V,0.0031666666666666,0.0038333333333333,0.77,0.05,,,earthquake,depth free,low auto,23.697178060180654,-289.9615986769757,13.735970424750455,,False,2.6013127889485044
2018-04-09 23:09:38.100000,35.15033333333333,132.5246666666667,7.71,0.5,V,0.0093333333333333,0.0101666666666666,1.7,0.15,,,earthquake,depth free,middle manual,19.502550792917024,-294.62436441531105,11.769710944770086,,False,8.107300361330745
2018-04-09 23:10:36.290000,35.18233333333333,132.58666666666667,12.83,1.1,V,0.0023333333333333,0.0028333333333333,0.53,0.04,,,earthquake,depth free,middle auto,22.8975297399163,-288.700338481332,16.655877378873708,,False,0.7463600576932854
2018-04-09 23:13:13.760000,35.18816666666666,132.5755,9.32,0.6,V,0.0038333333333333,0.0038333333333333,0.79,0.06,,,earthquake,depth free,middle manual,23.55956506249725,-289.8197775058942,13.181081839252954,,False,3.0122096225554205
2018-04-09 23:13:17.780000,35.178666666666665,132.5795,8.61,0.7,V,0.0033333333333333,0.0056666666666666,1.12,0.08,,,earthquake,depth free,middle manual,22.489886940446524,-289.51710767470763,12.464982412189396,,False,3.6410046144873425
2018-04-09 23:14:15.830000,35.183,132.57533333333333,9.47,0.6,V,0.002,0.0021666666666666,0.47,0.03,,,earthquake,depth free,low auto,22.987464950139767,-289.84783663039815,13.335122718472809,,False,2.857812244762895
2018-04-09 23:16:34.100000,35.17983333333333,132.57316666666665,8.88,1.8,V,0.0018333333333333,0.0023333333333333,0.51,0.03,,,earthquake,depth free,high manual,22.639371113835516,-290.0771830599413,12.754929702237346,,False,3.514361989234573
2018-04-09 23:18:21.370000,35.187666666666665,132.5775,9.52,0.5,v,0.005,0.0063333333333333,0.97,0.09,,,earthquake,depth free,low auto,23.49921478712395,-289.63296750577064,13.374673943252656,,False,2.7594586018487
2018-04-09 23:33:55.680000,35.17066666666666,132.58133333333333,8.93,0.7,V,0.0025,0.0026666666666666,0.59,0.04,,,earthquake,depth free,middle auto,21.59833775727485,-289.36771428932127,12.784436153795134,,False,3.590207549994137
2018-04-09 23:44:42.360000,35.19483333333333,132.56916666666666,12.69,0.6,V,0.002,0.0023333333333333,0.47,0.03,,,earthquake,depth free,middle auto,24.33457310839301,-290.2461250707021,16.56519183988088,,False,2.026277604806316
2018-04-09 23:52:49.680000,35.190999999999995,132.57116666666667,12.53,0.6,V,0.0025,0.0026666666666666,0.43,0.04,,,earthquake,depth free,middle auto,23.902725075707593,-290.0845443470979,16.40128287208893,,False,1.621865308169406
2018-04-10 00:01:39.800000,35.18566666666666,132.59716666666668,12.85,0.6,v,0.0031666666666666,0.0036666666666666,0.68,0.06,,,earthquake,depth free,middle auto,23.236668811755333,-287.7365742609718,16.63902896957875,,False,1.1990422384493233
2018-04-10 00:16:12.610000,35.20766666666667,132.5645,11.83,0.9,V,0.004,0.0045,0.89,0.08,,,earthquake,depth free,middle auto,25.76766710947684,-290.65449456039164,15.712736831229408,,False,3.263119269457528
2018-04-10 00:16:36.700000,35.160333333333334,132.601,12.39,0.5,V,0.0053333333333333,0.0041666666666666,0.86,0.09,,,earthquake,depth free,middle manual,20.41318538574786,-287.4956943935867,16.18496936559845,,False,3.008531568677043
2018-04-10 00:22:30.490000,35.17366666666666,132.58683333333337,9.57,1.2,V,0.0018333333333333,0.0023333333333333,0.49,0.03,,,earthquake,depth free,middle auto,21.918548168697797,-288.83504851909595,13.403691698115606,,False,2.8363389991902697
2018-04-10 00:29:30.230000,35.176833333333335,132.592,13.89,0.5,V,0.0058333333333333,0.0053333333333333,0.82,0.11,,,earthquake,depth free,middle manual,22.277478733106346,-288.1980970479241,17.701493880578834,,False,2.0216779322947978
2018-04-10 00:33:00.910000,35.172333333333334,132.58766666666668,9.63,0.8,V,0.0025,0.0028333333333333,0.57,0.04,,,earthquake,depth free,middle auto,21.768469910109264,-288.7620611411289,13.461863951432298,,False,2.8517649086237724
2018-04-10 00:33:34.500000,35.19033333333333,132.60933333333332,11.94,1.0,V,0.002,0.0021666666666666,0.47,0.03,,,earthquake,depth free,middle auto,23.71428704096671,-286.6508378325704,15.686611216324112,,False,2.158392250371118
2018-04-10 00:35:36.210000,35.194,132.573,11.62,0.5,V,0.0041666666666666,0.0038333333333333,0.75,0.08,,,earthquake,depth free,middle manual,24.225597715630652,-289.94113670729257,15.483789468082271,,False,1.6940630478901297
2018-04-10 00:41:52.510000,35.186166666666665,132.57266666666666,10.52,0.6,V,0.0025,0.0023333333333333,0.49,0.04,,,earthquake,depth free,middle manual,23.3520298287367,-290.0396907838317,14.391024962433296,,False,2.057382348088074
2018-04-10 00:45:27.480000,35.18133333333333,132.57583333333332,10.25,1.0,V,0.002,0.0023333333333333,0.51,0.03,,,earthquake,depth free,middle auto,22.80506736113813,-289.7798794756818,14.114103168220536,,False,2.153423390991097
2018-04-10 00:48:54.200000,35.172,132.58316666666667,8.27,1.0,V,0.0021666666666666,0.0025,0.59,0.03,,,earthquake,depth free,middle auto,21.73742291270444,-289.2208796362221,12.117869954555054,,False,4.120425189004299
2018-04-10 00:50:20.890000,35.184999999999995,132.5805,11.87,0.6,V,0.0031666666666666,0.0028333333333333,0.57,0.05,,,earthquake,depth free,middle auto,23.206463870056805,-289.2846057495823,15.715004991780752,,False,0.6179482517546506
2018-04-10 01:01:25.940000,35.193666666666665,132.57433333333333,10.86,1.0,V,0.002,0.0021666666666666,0.46,0.03,,,earthquake,depth free,middle auto,24.180949063315374,-289.84940032552873,14.720122223377928,,False,1.965306434635773
2018-04-10 01:02:14.300000,35.19566666666666,132.56816666666666,11.57,0.7,V,0.0046666666666666,0.005,0.91,0.09,,,earthquake,depth free,middle auto,24.424453131863903,-290.3748859101897,15.448714605744826,,False,2.1493969465662945
2018-04-10 01:04:47.430000,35.18983333333333,132.57666666666665,13.6,1.9,V,0.002,0.0026666666666666,0.49,0.04,,,earthquake,depth free,high manual,23.76252500300139,-289.5512860505751,17.45314707665718,,False,1.8199315887616356
2018-04-10 01:07:07.800000,35.174,132.59883333333337,7.64,1.8,V,0.0018333333333333,0.0023333333333333,0.61,0.03,,,earthquake,depth free,high manual,21.910257762127877,-287.8161978420027,11.435301797524987,,False,4.772993281818457
2018-04-10 01:09:27.180000,35.19616666666666,132.56883333333332,12.69,0.8,V,0.002,0.002,0.41,0.03,,,earthquake,depth free,middle auto,24.48343858598733,-290.27154807373756,16.56539587395673,,False,2.1350508215362773
2018-04-10 01:14:09.720000,35.18333333333333,132.58950000000002,13.62,1.8,V,0.002,0.0025,0.47,0.03,,,earthquake,depth free,high manual,23.004205745478725,-288.41130665134096,17.435315624676853,,False,1.5192194492329798
2018-04-10 01:17:34.740000,35.172999999999995,132.58833333333334,11.22,0.7,V,0.0025,0.003,0.66,0.04,,,earthquake,depth free,middle auto,21.848934614883344,-288.64125660171214,15.04810755103333,,False,1.5898801987832671
2018-04-10 01:19:29.180000,35.18,132.5885,13.17,1.1,V,0.0018333333333333,0.0023333333333333,0.44,0.03,,,earthquake,depth free,middle auto,22.635135790360003,-288.5301458831077,16.991250575923857,,False,1.1736482300008775
2018-04-10 01:34:43.670000,35.1735,132.58883333333335,12.5,1.0,V,0.0016666666666666,0.002,0.4,0.03,,,earthquake,depth free,middle auto,21.909723377292973,-288.54748315351327,16.325232649154362,,False,1.3081795517781503
2018-04-10 01:36:27.120000,35.256,132.6225,13.34,1.8,V,0.0018333333333333,0.0023333333333333,0.46,0.03,,,earthquake,depth free,high manual,30.965875554249724,-285.1764964256663,17.002091827588707,,False,8.641828311346705
2018-04-10 01:37:44.860000,35.18716666666666,132.59016666666668,11.7,0.8,V,0.002,0.0023333333333333,0.47,0.03,,,earthquake,depth free,middle auto,23.417651513080877,-288.4072765564872,15.511759602809962,,False,0.6022298628007411
2018-04-10 01:46:30.620000,35.168166666666664,132.59583333333333,12.27,2.0,V,0.0016666666666666,0.0021666666666666,0.43,0.03,,,earthquake,depth free,high manual,21.29647412906989,-287.9405104973266,16.076234531422624,,False,2.0160312182903146
2018-04-10 01:47:47.150000,35.19033333333333,132.57,10.83,0.5,V,0.0061666666666666,0.0065,1.14,0.11,,,earthquake,depth free,middle auto,23.823718604455557,-290.2550529085484,14.706774498870434,,False,2.0907828907093373
2018-04-10 01:52:10.840000,35.16,132.58566666666667,7.33,0.8,V,0.002,0.0023333333333333,0.58,0.03,,,earthquake,depth free,middle auto,20.393003612258394,-289.07125003801394,11.179057798596547,,False,5.527049011483216
2018-04-10 01:55:08.550000,35.189499999999995,132.57433333333333,12.94,0.6,V,0.0021666666666666,0.0026666666666666,0.52,0.04,,,earthquake,depth free,middle auto,23.72910024175269,-289.7880121458631,16.801545095514605,,False,1.4815850564480388
2018-04-10 01:58:45.790000,35.16883333333333,132.5896666666667,11.36,0.7,V,0.0021666666666666,0.0026666666666666,0.53,0.04,,,earthquake,depth free,middle manual,21.38353876810138,-288.5301231805663,15.186635245803537,,False,1.9378386495766042
2018-04-10 02:07:20.480000,35.19266666666666,132.56333333333333,10.0,0.5,V,0.003,0.0031666666666666,0.62,0.04,,,earthquake,depth free,middle auto,24.098114189261853,-290.88132071087483,13.897884874080976,,False,3.1314591589548164
2018-04-10 02:15:38.390000,35.183,132.57916666666665,9.93,0.6,V,0.0021666666666666,0.0028333333333333,0.59,0.04,,,earthquake,depth free,middle auto,22.978569279659,-289.48355140014814,13.782130007198802,,False,2.3102385954555187
2018-04-10 02:19:59.600000,35.16566666666667,132.59466666666668,8.05,1.0,V,0.002,0.0021666666666666,0.57,0.03,,,earthquake,depth free,middle auto,20.99962971433064,-288.20867411718285,11.864748697004307,,False,4.650034498747853
2018-04-10 02:32:53.140000,35.183,132.57466666666667,9.93,1.3,V,0.002,0.0023333333333333,0.5,0.03,,,earthquake,depth free,middle auto,22.991781448892706,-289.89139487398245,13.797014192252078,,False,2.4615939421144857
2018-04-10 02:33:46.910000,35.169,132.59516666666667,13.65,1.2,V,0.0018333333333333,0.0021666666666666,0.4,0.03,,,earthquake,depth free,middle auto,21.398278025380037,-287.9477566007333,17.45688369898978,,False,2.434605792573441
2018-04-10 02:35:08.990000,35.172999999999995,132.5865,9.54,0.7,V,0.002,0.0023333333333333,0.49,0.03,,,earthquake,depth free,middle auto,21.845385827511635,-288.86873166926614,13.375289638334122,,False,2.8957778694411687
2018-04-10 02:41:52.600000,35.19866666666666,132.57266666666666,11.6,1.1,V,0.0018333333333333,0.002,0.42,0.03,,,earthquake,depth free,middle auto,24.744165309160692,-289.95539102584206,15.461760343085691,,False,2.075515911511097
2018-04-10 02:46:57.800000,35.194,132.56833333333333,13.78,1.5,V,0.0016666666666666,0.002,0.36,0.03,,,earthquake,depth free,middle auto,24.24997124746213,-290.284529212982,17.657770733502726,,False,2.5611654003438917
2018-04-10 02:50:37.180000,35.205000000000005,132.57083333333333,17.11,0.6,v,0.012,0.0136666666666666,2.23,0.26,,,earthquake,depth free,middle auto,25.47824735506588,-289.8965498904695,20.96985421822351,,False,5.6523817752197
2018-04-10 02:53:35.600000,35.17483333333333,132.60583333333332,8.19,0.6,V,0.0023333333333333,0.0026666666666666,0.63,0.04,,,earthquake,depth free,middle auto,21.985267154186793,-287.158588804471,11.96140169221396,,False,4.442984753453178
2018-04-10 02:54:19.720000,35.18483333333333,132.59533333333334,11.66,1.0,V,0.0016666666666666,0.002,0.42,0.03,,,earthquake,depth free,middle auto,23.143517021282,-287.94889290333714,15.456426127095172,,False,0.9161199632098308
2018-04-10 02:56:54.460000,35.180499999999995,132.57733333333334,10.4,1.1,V,0.0016666666666666,0.002,0.42,0.03,,,earthquake,depth free,middle auto,22.708974862643657,-289.6414146068722,14.25962534058077,,False,1.980846462537538
2018-04-10 02:58:35.650000,35.195166666666665,132.57366666666667,10.44,1.6,V,0.0016666666666666,0.002,0.42,0.03,,,earthquake,depth free,middle auto,24.34726289117719,-289.9198488456929,14.301599760187615,,False,2.367510502320911
2018-04-10 02:58:52.230000,35.19266666666666,132.57566666666665,9.25,1.8,V,0.0016666666666666,0.002,0.47,0.03,,,earthquake,depth free,high manual,24.05810558631873,-289.7911660329539,13.107491760212016,,False,3.174738280562135
2018-04-10 02:59:56.330000,35.1855,132.6025,11.54,0.8,V,0.0025,0.0028333333333333,0.54,0.04,,,earthquake,depth free,middle auto,23.195970220577017,-287.3015362309794,15.312549031687553,,False,1.555459760150356
2018-04-10 03:05:54.310000,35.1785,132.591,12.76,0.5,V,0.0055,0.0051666666666666,0.89,0.09,,,earthquake,depth free,middle auto,22.45933285329812,-288.3239372275244,16.574364290426157,,False,1.0098246855401503
2018-04-10 03:08:51.490000,35.19433333333333,132.56833333333333,9.87,0.6,V,0.0046666666666666,0.0048333333333333,0.94,0.08,,,earthquake,depth free,middle auto,24.267679069374218,-290.42703658098327,13.75023355513166,,False,3.004172760316571
2018-04-10 03:09:47.830000,35.15533333333333,132.61,12.4,0.6,V,0.0023333333333333,0.003,0.57,0.04,,,earthquake,depth free,middle auto,19.832456259977203,-286.69735943143496,16.169264826480084,,False,3.8925202461700956
2018-04-10 03:10:50.530000,35.183,132.57583333333332,10.21,1.1,V,0.0018333333333333,0.002,0.42,0.03,,,earthquake,depth free,middle auto,22.989789634001127,-289.77539543878004,14.072961015478644,,False,2.1648428303373994
2018-04-10 03:11:38.700000,35.169999999999995,132.58666666666667,7.84,0.5,V,0.0051666666666666,0.0046666666666666,0.95,0.1,,,earthquake,depth free,middle manual,21.50288207688132,-288.92635361526834,11.678063901049324,,False,4.588623995624948
2018-04-10 03:15:03.830000,35.18216666666667,132.58350000000002,10.63,0.5,V,0.0028333333333333,0.0031666666666666,0.61,0.05,,,earthquake,depth free,middle auto,22.876996507213068,-289.0682000366254,14.46792880703041,,False,1.5522655517740105
2018-04-10 03:25:06.820000,35.193666666666665,132.57216666666667,13.41,0.6,V,0.0021666666666666,0.0026666666666666,0.49,0.04,,,earthquake,depth free,middle auto,24.19990914041624,-289.95213535270216,17.275548163893323,,False,2.089312236226266
2018-04-10 03:25:54.580000,35.1815,132.59366666666668,8.84,1.2,V,0.003,0.0036666666666666,0.88,0.05,,,earthquake,depth free,middle auto,22.764054273978303,-288.21437803896663,12.64613536041713,,False,3.369133239196451
2018-04-10 03:27:42.100000,35.169333333333334,132.58733333333333,9.69,0.7,V,0.0023333333333333,0.0025,0.54,0.04,,,earthquake,depth free,middle auto,21.43686519380742,-288.8007580500008,13.525091141747604,,False,2.9756172765964584
2018-04-10 03:41:31.780000,35.18533333333333,132.59766666666667,12.45,1.4,V,0.002,0.0023333333333333,0.46,0.03,,,earthquake,depth free,middle auto,23.196202071772817,-287.70699692301423,16.237889935762134,,False,1.0504111106343126
2018-04-10 03:43:55.730000,35.1635,132.59383333333335,8.11,1.5,V,0.0021666666666666,0.0025,0.64,0.03,,,earthquake,depth free,middle auto,20.761903179279415,-288.289747479157,11.929040301376515,,False,4.7016304882275595
2018-04-10 03:52:20.800000,35.189166666666665,132.60516666666666,11.08,0.7,V,0.0023333333333333,0.0026666666666666,0.57,0.04,,,earthquake,depth free,middle auto,23.5926557953675,-287.0636111684988,14.841600042534706,,False,2.041615538219561
2018-04-10 04:02:13.330000,35.166,132.55516666666668,10.35,0.5,V,0.0026666666666666,0.003,0.51,0.05,,,earthquake,depth free,middle auto,21.165183169237363,-291.70425374264835,14.293717389497075,,False,3.953422591894121
2018-04-10 04:13:12.230000,35.1875,132.58950000000002,13.24,0.6,V,0.0021666666666666,0.0026666666666666,0.49,0.04,,,earthquake,depth free,middle auto,23.46436076023123,-288.41035438536767,17.052679238202753,,False,1.181947178876099
2018-04-10 04:14:18.500000,35.19649999999999,132.5675,9.76,0.6,V,0.0028333333333333,0.003,0.58,0.05,,,earthquake,depth free,middle auto,24.51001428688174,-290.49883886781765,13.641609197753017,,False,3.2195519041081884
2018-04-10 04:28:40.520000,35.183499999999995,132.608,10.71,0.6,V,0.0026666666666666,0.0031666666666666,0.68,0.05,,,earthquake,depth free,middle auto,22.953839766962616,-286.84029775772734,14.46650930993015,,False,2.4038638648655017
2018-04-10 04:29:12.140000,35.19283333333333,132.57083333333333,11.18,2.0,V,0.0021666666666666,0.0028333333333333,0.57,0.04,,,earthquake,depth free,high manual,24.10036630841539,-290.1577533360973,15.05206243140894,,False,1.9459824590458326
2018-04-10 04:39:36.100000,35.168,132.59050000000002,10.24,0.9,V,0.0023333333333333,0.003,0.62,0.04,,,earthquake,depth free,middle manual,21.282612403225457,-288.49838457002596,14.065260150447788,,False,2.667497673854131
2018-04-10 04:40:20.790000,35.192499999999995,132.56866666666667,10.48,0.5,V,0.0034999999999999,0.0034999999999999,0.66,0.06,,,earthquake,depth free,middle auto,24.066289908236865,-290.3809753393276,14.35995521885749,,False,2.478849838017984
2018-04-10 04:50:17.800000,35.18716666666666,132.5875,12.94,2.0,V,0.0021666666666666,0.0026666666666666,0.51,0.04,,,earthquake,depth free,high manual,23.431722267139147,-288.6036456669235,16.75969467476963,,False,0.8595265643812584
2018-04-10 04:50:41.550000,35.17983333333333,132.596,8.26,0.6,V,0.0051666666666666,0.0043333333333333,0.87,0.1,,,earthquake,depth free,middle manual,22.569260485630895,-288.02986622574184,12.060034770387604,,False,3.9977519180624204
2018-04-10 04:54:42.790000,35.189499999999995,132.57566666666665,11.62,0.5,V,0.0026666666666666,0.0031666666666666,0.57,0.05,,,earthquake,depth free,middle auto,23.718568470937857,-289.71561481888654,15.478037542728726,,False,1.242351249830731
2018-04-10 05:20:43.140000,35.1985,132.56933333333333,10.67,0.7,V,0.0021666666666666,0.0023333333333333,0.5,0.04,,,earthquake,depth free,middle auto,24.730963800255616,-290.29211833549607,14.543556387968504,,False,2.63842604105095
2018-04-10 05:24:38.160000,35.17983333333333,132.57416666666666,9.44,0.5,V,0.0026666666666666,0.0028333333333333,0.55,0.05,,,earthquake,depth free,middle auto,22.63933269093459,-289.9659938655172,13.311232942873705,,False,2.968191406901509
2018-04-10 05:27:34.630000,35.18333333333333,132.60266666666666,11.63,0.6,V,0.0026666666666666,0.0033333333333333,0.61,0.05,,,earthquake,depth free,middle auto,22.955587993935644,-287.2908397563978,15.403451349493569,,False,1.5422003768033348
2018-04-10 05:36:22.730000,35.183,132.5925,15.51,0.6,V,0.0056666666666666,0.0046666666666666,0.85,0.1,,,earthquake,depth free,middle auto,22.96817860603762,-288.071927523447,19.31440753912111,,False,3.4261381483210456
2018-04-10 05:41:33.410000,35.17766666666667,132.579,7.64,0.6,V,0.0066666666666666,0.0076666666666666,1.55,0.12,,,earthquake,depth free,middle auto,22.37530507573762,-289.6015136643909,11.498008132148811,,False,4.609561775038219
2018-04-10 05:42:34.800000,35.183499999999995,132.57933333333332,10.63,0.6,V,0.0025,0.0025,0.51,0.04,,,earthquake,depth free,middle auto,23.03714475046118,-289.4410419867653,14.480751265070047,,False,1.6460089628174241
2018-04-10 05:44:22.690000,35.17816666666666,132.58950000000002,12.51,0.6,V,0.003,0.003,0.59,0.05,,,earthquake,depth free,middle auto,22.42544159314291,-288.47013284577895,16.32970373457366,,False,0.8548830180328699
2018-04-10 05:51:42.540000,35.19783333333333,132.57,14.12,0.6,V,0.0023333333333333,0.0025,0.46,0.04,,,earthquake,depth free,middle auto,24.671820149947393,-290.10739574598153,17.989424740377153,,False,2.8946754121119995
2018-04-10 05:54:54.730000,35.174,132.58583333333334,11.49,1.0,V,0.0016666666666666,0.002,0.41,0.03,,,earthquake,depth free,middle auto,21.96861824138908,-288.8544036642223,15.32544132886174,,False,1.347919943660465
2018-04-10 05:55:16.400000,35.17183333333333,132.59366666666668,12.76,0.8,V,0.0034999999999999,0.0038333333333333,0.68,0.08,,,earthquake,depth free,middle auto,21.71212301555878,-288.1059983783219,16.570362262523833,,False,1.681804124664376
2018-04-10 06:02:20.830000,35.216833333333334,132.5608333333333,14.47,0.5,V,0.0034999999999999,0.0041666666666666,0.73,0.07,,,earthquake,depth free,middle auto,26.80727619385149,-290.8564434939823,18.35720210582068,,False,4.868486049775321
2018-04-10 06:05:41.250000,35.16,132.58483333333334,13.28,0.8,V,0.0021666666666666,0.0028333333333333,0.47,0.04,,,earthquake,depth free,middle auto,20.428358671564723,-288.9294400517185,17.127743397444522,,False,2.9737483745838214
2018-04-10 06:07:47.900000,35.158,132.60716666666667,12.81,0.5,V,0.0026666666666666,0.0026666666666666,0.43,0.04,,,earthquake,depth free,middle auto,20.13876467546547,-286.9298755116876,16.58624607795946,,False,3.5607380446688826
2018-04-10 06:16:31.120000,35.193,132.5695,10.36,1.4,V,0.0016666666666666,0.002,0.42,0.03,,,earthquake,depth free,middle auto,24.118719974666913,-290.30808407937695,14.23693277728202,,False,2.532504352912151
2018-04-10 06:19:57.160000,35.1985,132.569,13.97,1.8,V,0.0018333333333333,0.0021666666666666,0.42,0.03,,,earthquake,depth free,high manual,24.747958482023343,-290.2010774064984,17.842395054731973,,False,2.882487027802997
2018-04-10 06:21:35.210000,35.181666666666665,132.57733333333334,9.05,0.9,V,0.002,0.0025,0.53,0.04,,,earthquake,depth free,middle auto,22.831468221833283,-289.68670320790756,12.909728239745686,,False,3.2116045830541573
2018-04-10 06:25:54.580000,35.19833333333333,132.55700000000002,17.19,0.5,V,0.0148333333333333,0.0156666666666666,2.08,0.23,,,earthquake,depth free,middle auto,24.78045046619211,-291.16949384025787,21.100147937585493,,False,5.927617086633007
2018-04-10 06:45:59.900000,35.1815,132.58700000000002,12.92,0.5,V,0.0045,0.0041666666666666,0.72,0.08,,,earthquake,depth free,middle auto,22.8045922240472,-288.6698201973543,16.7453030138962,,False,0.865166837087135
2018-04-10 06:47:28.320000,35.18083333333333,132.59116666666668,12.98,0.6,V,0.006,0.0046666666666666,0.81,0.1,,,earthquake,depth free,middle auto,22.718780834567166,-288.29253555861635,16.792020698908214,,False,1.0344405044230245
2018-04-10 07:02:05.220000,35.198166666666665,132.56883333333332,13.77,0.6,V,0.0051666666666666,0.0048333333333333,0.76,0.09,,,earthquake,depth free,middle auto,24.710513150806435,-290.2247109683848,17.643308431534546,,False,2.747610142268723
2018-04-10 07:13:23.630000,35.17016666666667,132.58883333333335,10.92,2.7,V,0.0018333333333333,0.0023333333333333,0.49,0.03,,,earthquake,depth free,high manual,21.531535711271655,-288.6169562593173,14.748709810055129,,False,2.023101170657856
2018-04-10 07:14:21.250000,35.1605,132.58700000000002,8.57,1.1,V,0.0023333333333333,0.0025,0.53,0.03,,,earthquake,depth free,middle auto,20.451451095272667,-288.90327809539735,12.413443348467426,,False,4.457821529199788
2018-04-10 07:16:18.810000,35.17666666666666,132.60649999999998,6.05,0.6,V,0.0033333333333333,0.0034999999999999,1.08,0.05,,,earthquake,depth free,middle auto,22.175578077343577,-287.1691662195616,9.819347031670082,,False,6.402758536276426
2018-04-10 07:19:52.240000,35.1985,132.56933333333333,13.43,0.7,V,0.0018333333333333,0.002,0.4,0.03,,,earthquake,depth free,middle auto,24.74435769507734,-290.1907289726794,17.301660954638777,,False,2.5529583190437504
2018-04-10 07:22:10.470000,35.189499999999995,132.57466666666667,9.91,0.7,V,0.0046666666666666,0.0045,0.96,0.08,,,earthquake,depth free,middle auto,23.71293403228924,-289.8689112916972,13.772517485704771,,False,2.530093447881007
2018-04-10 07:25:11.780000,35.19733333333333,132.57366666666667,11.07,1.3,V,0.0016666666666666,0.0021666666666666,0.42,0.03,,,earthquake,depth free,middle auto,24.59073274180723,-289.8890018059126,14.929706966676994,,False,2.1191173696797296
2018-04-10 07:25:43.950000,35.19633333333333,132.57399999999998,10.83,0.8,V,0.0031666666666666,0.0034999999999999,0.79,0.06,,,earthquake,depth free,middle manual,24.477637025959893,-289.87117548439574,14.689441117002,,False,2.164953680357744
2018-04-10 07:37:12.790000,35.194,132.60183333333333,11.66,0.5,V,0.0045,0.0041666666666666,0.74,0.07,,,earthquake,depth free,middle auto,24.14145178052959,-287.327491181192,15.428821570756012,,False,1.7850672853448997
2018-04-10 07:47:13.100000,35.162166666666664,132.59816666666669,9.39,0.9,V,0.0023333333333333,0.0026666666666666,0.56,0.04,,,earthquake,depth free,middle auto,20.608297147970564,-287.855001703087,13.194926013876698,,False,3.8515952867509755
2018-04-10 07:47:51.680000,35.199,132.56916666666666,13.96,1.6,V,0.0016666666666666,0.0021666666666666,0.41,0.03,,,earthquake,depth free,high manual,24.802865618287413,-290.18456375132405,17.83151468044489,,False,2.897799317501414
2018-04-10 07:51:42.380000,35.18033333333333,132.57983333333334,9.84,0.8,V,0.0021666666666666,0.0028333333333333,0.56,0.04,,,earthquake,depth free,middle auto,22.680248815039917,-289.4359322797795,13.691862181848656,,False,2.4207064105492506
2018-04-10 07:53:25.960000,35.200500000000005,132.56466666666668,14.5,0.8,V,0.0056666666666666,0.0065,1.2,0.1,,,earthquake,depth free,middle auto,24.98504582464953,-290.5668202819387,18.38507073111117,,False,3.561397521614822
2018-04-10 07:53:51.770000,35.19,132.57433333333333,10.47,0.5,v,0.0034999999999999,0.003,0.59,0.05,,,earthquake,depth free,middle auto,23.77219647782779,-289.87679876534753,14.332893767192129,,False,2.0875376903069545
2018-04-10 08:06:25.340000,35.1905,132.57366666666667,10.93,0.6,V,0.0041666666666666,0.0041666666666666,0.69,0.07,,,earthquake,depth free,middle auto,23.83192899684747,-289.9185511777922,14.79444262598715,,False,1.8027331634757393
2018-04-10 08:11:51.250000,35.1975,132.57366666666667,13.3,0.5,V,0.0069999999999999,0.0055,0.82,0.11,,,earthquake,depth free,middle auto,24.620088347371443,-289.8066230262815,17.158068276178177,,False,2.187947384806889
2018-04-10 08:20:14.420000,35.17666666666666,132.57833333333332,7.46,0.5,V,0.0048333333333333,0.0041666666666666,0.86,0.08,,,earthquake,depth free,middle auto,22.26531741487342,-289.672120580722,11.32104743518687,,False,4.813483787637695
2018-04-10 08:29:50.600000,35.19649999999999,132.56766666666667,10.44,1.1,V,0.0018333333333333,0.0021666666666666,0.46,0.03,,,earthquake,depth free,middle auto,24.512846731090765,-290.45873888157587,14.320588279910488,,False,2.7480654031935305
2018-04-10 08:31:16.140000,35.18116666666666,132.55933333333334,12.4,0.5,V,0.016,0.017,2.8,0.29,,,earthquake,depth free,middle auto,22.846233138557626,-291.19653906220475,16.317500781568565,,False,2.5240374798250333
2018-04-10 08:39:39.330000,35.192499999999995,132.58133333333333,14.0,0.5,V,0.011,0.0106666666666666,2.04,0.21,,,earthquake,depth free,middle auto,24.046555350642898,-289.1044885134434,17.83563862222779,,False,2.1181169552236834
2018-04-10 08:41:43.980000,35.1945,132.56166666666667,9.25,0.6,V,0.0033333333333333,0.0031666666666666,0.65,0.06,,,earthquake,depth free,middle auto,24.30276701939872,-291.05341161288413,13.152699048463992,,False,3.824911718003336
2018-04-10 08:46:49.880000,35.177499999999995,132.58583333333334,10.78,0.5,V,0.0045,0.0053333333333333,0.96,0.1,,,earthquake,depth free,middle auto,22.3531799228019,-288.8678750220001,14.613426810740698,,False,1.5687506486649727
2018-04-10 08:52:02.600000,35.16466666666666,132.5931666666667,9.62,1.2,V,0.0016666666666666,0.002,0.45,0.03,,,earthquake,depth free,middle auto,20.901580185219597,-288.29107282253005,13.439349318909894,,False,3.4024691494929864
2018-04-10 08:53:33.170000,35.18533333333333,132.61033333333333,10.98,1.2,V,0.0016666666666666,0.0018333333333333,0.39,0.03,,,earthquake,depth free,middle auto,23.151844048316235,-286.61260765834754,14.72743352003988,,False,2.436632628428838
2018-04-10 08:54:58.800000,35.1825,132.58683333333337,12.79,2.0,V,0.0018333333333333,0.0023333333333333,0.45,0.03,,,earthquake,depth free,high manual,22.915321820727073,-288.6861068747019,16.615238891454798,,False,0.702598953188873
2018-04-10 09:13:28.130000,35.161833333333334,132.59383333333335,10.08,0.6,V,0.002,0.0023333333333333,0.49,0.03,,,earthquake,depth free,middle auto,20.587755308713955,-288.2239425561275,13.898936123652078,,False,3.324026971320673
2018-04-10 09:24:59.240000,35.19333333333333,132.57466666666667,9.45,1.7,V,0.002,0.0025,0.57,0.03,,,earthquake,depth free,high manual,24.13601488746751,-289.87208245552887,13.310210725640282,,False,3.048460441860738
2018-04-10 09:28:20.870000,35.17466666666667,132.59033333333335,11.08,1.7,V,0.0018333333333333,0.0023333333333333,0.48,0.03,,,earthquake,depth free,high manual,22.027246711554128,-288.45918705925607,14.900424560427869,,False,1.5636748847037536
2018-04-10 09:29:05.570000,35.19683333333333,132.42766666666665,0.0,0.5,V,0.0171666666666666,0.0188333333333333,,0.35,,,earthquake,depth slice,low auto,24.92069477718795,-303.5465589947363,4.365558541663068,,False,18.903247575003938
2018-04-10 09:51:14.350000,35.18266666666666,132.58183333333332,11.86,0.5,V,0.0105,0.0139999999999999,2.12,0.26,,,earthquake,depth free,middle auto,22.943671441595548,-289.1724809686016,15.70223929240702,,False,0.5607062725996648
2018-04-10 09:55:20.240000,35.14116666666666,132.611,13.57,0.7,v,0.011,0.0121666666666666,1.82,0.22,,,earthquake,depth free,middle auto,18.265057866057703,-286.6143760013635,17.346062475342176,,False,5.499898115491735
2018-04-10 10:16:14.600000,35.19916666666666,132.56466666666668,9.94,0.9,V,0.0018333333333333,0.0023333333333333,0.49,0.03,,,earthquake,depth free,middle auto,24.815136963199365,-290.73940972746476,13.829103148178683,,False,3.3718763676032384
2018-04-10 10:17:15.600000,35.17666666666666,132.59083333333334,9.12,0.6,V,0.0018333333333333,0.0023333333333333,0.52,0.03,,,earthquake,depth free,middle auto,22.23739234421865,-288.47819408520303,12.938681256101365,,False,3.160965335196187
2018-04-10 10:17:51.440000,35.19949999999999,132.57416666666666,12.14,0.7,V,0.0023333333333333,0.0028333333333333,0.56,0.04,,,earthquake,depth free,middle auto,24.834814891474803,-289.7967289688208,15.99586760077874,,False,1.9988933321515236
2018-04-10 10:19:14.360000,35.190999999999995,132.5755,12.77,1.5,V,0.0016666666666666,0.002,0.39,0.03,,,earthquake,depth free,middle auto,23.89119121033239,-289.68321015789627,16.62677299501521,,False,1.3890179970334444
2018-04-10 10:26:36.670000,35.17633333333333,132.57733333333334,8.56,1.8,V,0.0021666666666666,0.0026666666666666,0.63,0.03,,,earthquake,depth free,high manual,22.237019845733492,-289.7236875125518,12.423839549262116,,False,3.7839058704758926
2018-04-10 10:34:56.710000,35.19016666666666,132.578,12.28,0.7,V,0.0034999999999999,0.0034999999999999,0.57,0.05,,,earthquake,depth free,middle manual,23.78897647715368,-289.4776683717991,16.12941360194892,,False,1.0064897281811032
2018-04-10 10:35:00.790000,35.1725,132.58266666666665,9.39,0.8,V,0.008,0.0071666666666666,1.12,0.13,,,earthquake,depth free,low manual,21.80033436078797,-289.22348525489883,13.238395526488889,,False,3.0762645459374545
2018-04-10 10:35:29.720000,35.174166666666665,132.57233333333332,12.63,0.9,V,0.0018333333333333,0.0021666666666666,0.42,0.03,,,earthquake,depth free,middle auto,22.032729377430837,-290.0353311767057,16.50914651019508,,False,1.816118567362547
2018-04-10 10:36:19.760000,35.17833333333333,132.57866666666666,7.86,0.6,V,0.004,0.0034999999999999,0.7,0.06,,,earthquake,depth free,middle auto,22.451430876870862,-289.62130349183656,11.718486495587824,,False,4.3879672600891935
2018-04-10 10:41:13.210000,35.184,132.59733333333335,12.5,1.7,V,0.002,0.0025,0.52,0.03,,,earthquake,depth free,high manual,23.04953821501399,-287.74010472267724,16.289877184313195,,False,1.03848586621239
2018-04-10 11:13:24.340000,35.19499999999999,132.56816666666666,10.41,0.6,V,0.0045,0.0053333333333333,0.88,0.1,,,earthquake,depth free,middle auto,24.344798138712953,-290.41990626006816,14.289963313420472,,False,2.662759741779014
2018-04-10 11:14:30.260000,35.178666666666665,132.57783333333333,9.32,1.6,V,0.0021666666666666,0.0025,0.52,0.03,,,earthquake,depth free,middle auto,22.498472891257386,-289.6421964611499,13.180006776649474,,False,2.9970044238791105
2018-04-10 11:19:54.800000,35.18133333333333,132.58433333333335,12.76,2.0,V,0.0018333333333333,0.0023333333333333,0.44,0.03,,,earthquake,depth free,high manual,22.793086198429982,-288.91783602659103,16.594315274025277,,False,0.7606165417025745
2018-04-10 11:22:36.770000,35.183,132.6025,11.16,0.6,V,0.0041666666666666,0.004,0.81,0.07,,,earthquake,depth free,middle auto,22.916680410579875,-287.324168747148,14.934545294520598,,False,1.7430166952734583
2018-04-10 11:30:28.230000,35.186166666666665,132.57516666666666,9.77,0.6,V,0.0036666666666666,0.0038333333333333,0.73,0.06,,,earthquake,depth free,middle auto,23.34088078887821,-289.84063582416104,13.63326117974659,,False,2.5856946549372526
2018-04-10 11:35:58.100000,35.18783333333333,132.61283333333333,12.33,0.5,V,0.0095,0.0078333333333333,1.29,0.17,,,earthquake,depth free,middle auto,23.428777098301246,-286.32847943773487,16.066650411489938,,False,2.4076029715579548
2018-04-10 11:39:29.160000,35.1985,132.5705,13.88,1.4,V,0.0015,0.0018333333333333,0.34,0.03,,,earthquake,depth free,middle auto,24.743111388802586,-290.0685473445597,17.74748567759808,,False,2.751060350957964
2018-04-10 11:39:53.660000,35.198166666666665,132.57,13.79,0.9,V,0.002,0.0021666666666666,0.41,0.04,,,earthquake,depth free,middle auto,24.707179628113657,-290.1183234784597,17.659427630406896,,False,2.6989486977185173
2018-04-10 11:48:41.100000,35.159,132.59766666666667,13.08,0.6,V,0.0031666666666666,0.0026666666666666,0.44,0.05,,,earthquake,depth free,middle auto,20.278842574835853,-287.7774136213119,16.88642274873694,,False,3.164071382051336
2018-04-10 11:54:36.490000,35.18533333333333,132.58616666666668,12.65,1.1,V,0.002,0.0025,0.47,0.03,,,earthquake,depth free,middle auto,23.23081181720447,-288.741533389702,16.475553210354033,,False,0.5271912635031387
2018-04-10 11:55:04.730000,35.1855,132.58766666666668,12.67,0.8,V,0.0031666666666666,0.003,0.55,0.06,,,earthquake,depth free,middle manual,23.245011137021137,-288.60432419686043,16.49048403151151,,False,0.555319566115473
2018-04-10 12:10:55.370000,35.175,132.58166666666665,7.0,0.5,V,0.004,0.0041666666666666,0.81,0.08,,,earthquake,depth free,middle manual,22.06810332008148,-289.39263723229146,10.85153446438822,,False,5.2606740575362965
2018-04-10 12:25:46.310000,35.189499999999995,132.57583333333332,12.6,1.7,V,0.0021666666666666,0.0026666666666666,0.53,0.04,,,earthquake,depth free,high manual,23.722991724229736,-289.6645999600851,16.456815576589026,,False,1.2141265542233675
2018-04-10 12:44:38.480000,35.18566666666666,132.57816666666668,12.63,0.7,V,0.0018333333333333,0.0021666666666666,0.42,0.03,,,earthquake,depth free,middle auto,23.29112076644525,-289.4658043825706,16.48172987912664,,False,0.9255869416785414
2018-04-10 12:47:55.300000,35.176833333333335,132.57166666666666,13.24,0.6,V,0.0034999999999999,0.0036666666666666,0.6,0.06,,,earthquake,depth free,middle auto,22.333653006070858,-290.06380971973886,17.119030036472605,,False,1.959298349842394
2018-04-10 12:59:15.770000,35.19883333333333,132.58016666666666,12.65,0.7,V,0.0033333333333333,0.0031666666666666,0.58,0.06,,,earthquake,depth free,middle auto,24.745735120385593,-289.2369575881237,16.486133151378798,,False,1.7577645872827252
2018-04-10 13:03:51.200000,35.19533333333333,132.56866666666667,10.22,0.7,V,0.0055,0.0046666666666666,0.98,0.1,,,earthquake,depth free,middle auto,24.379378553685655,-290.38038964070955,14.098209412789458,,False,2.7777990978155724
2018-04-10 13:10:07.630000,35.172999999999995,132.58416666666668,8.23,1.3,V,0.0018333333333333,0.0021666666666666,0.5,0.03,,,earthquake,depth free,middle auto,21.84527086924175,-289.12811165874535,12.073876680414774,,False,4.1157026157662235
2018-04-10 13:16:29.400000,35.19833333333333,132.57133333333334,13.64,0.7,V,0.0021666666666666,0.0023333333333333,0.43,0.04,,,earthquake,depth free,middle auto,24.72101430293306,-290.00248780559207,17.50500140304506,,False,2.5522104446092198
2018-04-10 13:20:03.210000,35.186499999999995,132.5755,10.16,0.6,V,0.0038333333333333,0.0043333333333333,0.86,0.06,,,earthquake,depth free,middle auto,23.37886526821332,-289.7949401976775,14.021659657490394,,False,2.2245340186991456
2018-04-10 13:22:04.780000,35.178,132.58633333333333,10.4,1.0,V,0.003,0.0033333333333333,0.59,0.05,,,earthquake,depth free,middle auto,22.405206996585356,-288.8346545889754,14.231682576704896,,False,1.8818602169098249
2018-04-10 13:23:03.330000,35.171,132.58216666666667,9.16,0.8,V,0.0031666666666666,0.0028333333333333,0.61,0.05,,,earthquake,depth free,middle auto,21.63411503590597,-289.28256582360143,13.01128586003052,,False,3.3599529483208666
2018-04-10 13:38:33.440000,35.180499999999995,132.5825,11.73,1.0,V,0.0021666666666666,0.0026666666666666,0.54,0.04,,,earthquake,depth free,middle auto,22.70070022459724,-289.12454701322014,15.571649929072958,,False,0.7188273614698886
2018-04-10 13:57:19.620000,35.195166666666665,132.5765,10.92,1.0,V,0.0033333333333333,0.0036666666666666,0.8,0.05,,,earthquake,depth free,middle auto,24.341300132275208,-289.6455331142046,14.771895684269465,,False,1.9164578381583337
2018-04-10 13:59:44.490000,35.17466666666667,132.59900000000002,7.65,0.8,V,0.0023333333333333,0.0028333333333333,0.73,0.04,,,earthquake,depth free,middle auto,21.983826169847777,-287.79835846021615,11.444270752918126,,False,4.749268431145614
2018-04-10 14:01:10.810000,35.18866666666666,132.57733333333334,10.31,1.4,V,0.0016666666666666,0.002,0.44,0.03,,,earthquake,depth free,middle auto,23.614645484542983,-289.61556851591604,14.163994899693508,,False,2.055826806265183
2018-04-10 14:08:03.280000,35.194,132.5701666666667,10.02,0.9,V,0.0016666666666666,0.0018333333333333,0.4,0.03,,,earthquake,depth free,middle auto,24.226036239855983,-290.2565844055671,13.89427555597096,,False,2.7867356768912295
2018-04-10 14:40:04.700000,35.19166666666666,132.57366666666667,10.39,0.6,V,0.004,0.0038333333333333,0.77,0.07,,,earthquake,depth free,middle auto,23.958678300128778,-289.93418878953526,14.254014082251292,,False,2.2409926349418474
2018-04-10 14:43:04.910000,35.19466666666666,132.5735,10.95,0.9,V,0.0021666666666666,0.0026666666666666,0.54,0.04,,,earthquake,depth free,middle auto,24.294786112991183,-289.91803155422275,14.812140831635894,,False,2.0126605862132294
2018-04-10 14:53:16.670000,35.17733333333333,132.589,11.44,1.1,V,0.0018333333333333,0.0021666666666666,0.44,0.03,,,earthquake,depth free,middle auto,22.32887493110191,-288.55741471185684,15.262666620546854,,False,1.0878288086823975
2018-04-10 15:04:16.190000,35.17166666666667,132.55550000000002,11.63,0.8,V,0.0025,0.003,0.48,0.05,,,earthquake,depth free,middle auto,21.799738396481732,-291.6063934952312,15.567585948798218,,False,3.213366671595579
2018-04-10 15:46:48.560000,35.16233333333333,132.60016666666667,10.88,0.5,v,0.0033333333333333,0.0028333333333333,0.57,0.06,,,earthquake,depth free,middle auto,20.62915125036776,-287.6189712314492,14.677237239600254,,False,3.034384553637981
2018-04-10 15:46:54.530000,35.19483333333333,132.57316666666665,10.07,0.6,V,0.0036666666666666,0.0041666666666666,0.76,0.07,,,earthquake,depth free,middle auto,24.30992793085876,-289.979918123697,13.93373459143203,,False,2.6489488540151394
2018-04-10 15:49:09.640000,35.178666666666665,132.58800000000002,9.64,0.5,V,0.0043333333333333,0.0033333333333333,0.66,0.07,,,earthquake,depth free,middle manual,22.470341150068933,-288.7089564021446,13.466235746227722,,False,2.5803738674220047
2018-04-10 15:59:39.560000,35.19633333333333,132.57399999999998,10.9,0.9,V,0.0025,0.0026666666666666,0.56,0.04,,,earthquake,depth free,middle auto,24.47797952284984,-289.8686085832544,14.759393198560566,,False,2.123650501579378
2018-04-10 16:10:50.930000,35.1845,132.584,9.65,0.5,V,0.0063333333333333,0.005,1.17,0.12,,,earthquake,depth free,middle auto,23.129413504818075,-289.0503832807281,13.485315357276589,,False,2.491841301592015
2018-04-10 16:28:22.980000,35.190666666666665,132.57133333333334,8.1,0.5,V,0.0118333333333333,0.0098333333333333,2.28,0.21,,,earthquake,depth free,middle auto,23.843155334207772,-290.2332688073413,11.974000354544009,,False,4.315101604632111
2018-04-10 17:22:33.200000,35.170833333333334,132.589,10.25,1.5,V,0.0018333333333333,0.0023333333333333,0.5,0.03,,,earthquake,depth free,middle auto,21.60143073633857,-288.6239166014325,14.078133952300568,,False,2.4365878132674736
2018-04-10 17:23:49.700000,35.164,132.59766666666667,9.18,0.5,V,0.0028333333333333,0.003,0.72,0.05,,,earthquake,depth free,low auto,20.812056434761683,-287.9014687142527,12.985355970126164,,False,3.868080688884531
2018-04-10 17:25:07.200000,35.181999999999995,132.58633333333333,12.3,0.7,V,0.0026666666666666,0.0028333333333333,0.54,0.05,,,earthquake,depth free,middle auto,22.858805738252187,-288.7510677032404,16.127569217893353,,False,0.3426388160382473
2018-04-10 17:29:00.790000,35.199666666666666,132.56433333333334,15.17,0.5,v,0.0178333333333333,0.0139999999999999,1.84,0.24,,,earthquake,depth free,low auto,24.89686194109971,-290.57532727120883,19.056271656380545,,False,4.014065286989066
2018-04-10 17:32:44.580000,35.189,132.57516666666666,9.73,0.7,V,0.0028333333333333,0.0028333333333333,0.58,0.05,,,earthquake,depth free,middle auto,23.655080193366032,-289.83198300792833,13.591329818376012,,False,2.660796859798732
2018-04-10 17:34:56.370000,35.19266666666666,132.5745,11.4,1.3,V,0.0016666666666666,0.002,0.41,0.03,,,earthquake,depth free,middle auto,24.07219044723098,-289.8180721410606,15.25988126934464,,False,1.5934990523806807
2018-04-10 17:46:19.400000,35.19783333333333,132.57433333333333,11.19,0.7,V,0.0026666666666666,0.0031666666666666,0.64,0.05,,,earthquake,depth free,middle auto,24.64482940227553,-289.82241627167747,15.047082149103808,,False,2.066580221920959
2018-04-10 17:55:17.750000,35.15933333333333,132.58283333333333,13.42,1.0,V,0.002,0.0023333333333333,0.43,0.03,,,earthquake,depth free,middle auto,20.361056827918844,-289.10791422651204,17.27473983500065,,False,3.1126136220348544
2018-04-10 17:55:25.160000,35.153166666666664,132.59116666666668,13.79,0.8,V,0.0046666666666666,0.005,0.69,0.06,,,earthquake,depth free,middle manual,19.65487336520335,-288.3612380909796,17.62167068540781,,False,3.8911253253570215
2018-04-10 17:58:47.960000,35.171,132.57483333333332,13.37,0.6,V,0.0068333333333333,0.0061666666666666,0.92,0.11,,,earthquake,depth free,low auto,21.67810190738791,-289.79298843590055,17.24264128570169,,False,2.233789492097521
2018-04-10 18:01:15.930000,35.1935,132.56650000000002,10.43,0.7,V,0.0041666666666666,0.0045,0.83,0.07,,,earthquake,depth free,middle auto,24.183373814097894,-290.5755607492823,14.316499582342724,,False,2.6829132760546135
2018-04-10 18:04:58.300000,35.1655,132.553,10.54,0.7,V,0.0021666666666666,0.0025,0.39,0.04,,,earthquake,depth free,middle auto,21.117144098671144,-291.89541679490605,14.491183012456265,,False,4.047746716184658
2018-04-10 18:15:10.720000,35.16566666666667,132.554,10.77,0.5,V,0.0028333333333333,0.0028333333333333,0.43,0.04,,,earthquake,depth free,middle auto,21.13392417761748,-291.79567343930455,14.717561781247609,,False,3.883407283980935
2018-04-10 18:17:29.310000,35.1615,132.59583333333333,8.82,1.6,V,0.0018333333333333,0.002,0.47,0.03,,,earthquake,depth free,middle auto,20.5379849212645,-288.0896520629492,12.633465552059256,,False,4.273413557316872
2018-04-10 18:43:58.620000,35.168166666666664,132.59783333333334,11.83,0.6,V,0.0023333333333333,0.003,0.57,0.04,,,earthquake,depth free,middle auto,21.28826587652638,-287.7752696264842,15.629968985097156,,False,2.114175312467457
2018-04-10 18:51:52.620000,35.18983333333333,132.57166666666666,13.12,0.8,V,0.0028333333333333,0.0031666666666666,0.6,0.05,,,earthquake,depth free,middle auto,23.77480565332953,-290.0217641960828,16.9900213242425,,False,1.777546278820866
2018-04-10 19:12:46.970000,35.1825,132.57933333333332,9.59,0.9,V,0.0021666666666666,0.0025,0.51,0.04,,,earthquake,depth free,middle auto,22.92085280545807,-289.48267385405234,13.442161802092125,,False,2.636683531144169
2018-04-10 20:00:42.700000,35.19466666666666,132.56733333333332,10.25,0.9,V,0.0018333333333333,0.0021666666666666,0.45,0.03,,,earthquake,depth free,middle auto,24.309479825457633,-290.50249138715327,14.133064821218843,,False,2.8004180604541347
2018-04-10 20:02:03.650000,35.17966666666666,132.58283333333333,12.87,2.4,V,0.0016666666666666,0.0021666666666666,0.43,0.03,,,earthquake,depth free,high manual,22.613195099086987,-289.0556405786979,16.710360691871657,,False,0.9881246861405436
2018-04-10 20:14:52.430000,35.1785,132.57283333333334,13.27,1.0,V,0.002,0.002,0.38,0.03,,,earthquake,depth free,middle auto,22.51522039076439,-289.9510667086871,17.143961545073022,,False,1.8281704709605586
2018-04-10 20:31:13.670000,35.183499999999995,132.58766666666668,12.55,1.0,V,0.002,0.0023333333333333,0.47,0.03,,,earthquake,depth free,middle auto,23.022567121568787,-288.6158134411384,16.37195842982937,,False,0.4487664356630142
2018-04-10 20:51:11.200000,35.166333333333334,132.55233333333334,10.89,0.8,V,0.002,0.0021666666666666,0.38,0.03,,,earthquake,depth free,middle auto,21.213467270682283,-291.93989977047625,14.842552672498634,,False,3.921868169843066
2018-04-10 20:54:23.780000,35.16233333333333,132.59300000000002,9.71,0.8,V,0.0025,0.0028333333333333,0.62,0.04,,,earthquake,depth free,middle auto,20.643636812727053,-288.31118804740817,13.531556459708916,,False,3.5117742050130856
2018-04-10 21:00:55.100000,35.17033333333333,132.58883333333335,8.56,0.6,V,0.0026666666666666,0.0028333333333333,0.65,0.04,,,earthquake,depth free,middle auto,21.537393019794113,-288.70244071587945,12.390193220466085,,False,3.9135008825245143
2018-04-10 21:06:26.560000,35.19616666666666,132.5625,9.14,0.6,V,0.0021666666666666,0.0026666666666666,0.56,0.04,,,earthquake,depth free,middle auto,24.484726911605236,-290.9759629658719,13.038874709730685,,False,3.921299601425548
2018-04-10 21:13:13.180000,35.2,132.579,12.55,0.5,V,0.0034999999999999,0.0031666666666666,0.57,0.06,,,earthquake,depth free,middle auto,24.87807300438349,-289.34212808715574,16.389274488979087,,False,1.8856345446243234
2018-04-10 21:23:16.400000,35.200500000000005,132.56433333333334,10.74,1.6,V,0.002,0.0025,0.5,0.03,,,earthquake,depth free,middle auto,24.967920514583227,-290.73539059444767,14.628768764874978,,False,3.0206823545347925
2018-04-10 21:30:55.900000,35.19833333333333,132.5715,12.72,0.6,V,0.0028333333333333,0.0028333333333333,0.49,0.05,,,earthquake,depth free,middle auto,24.716056271475484,-290.02116236602234,16.58508017125417,,False,2.13086315096258
2018-04-10 21:35:50.580000,35.1875,132.56483333333335,12.6,0.5,v,0.009,0.0085,1.41,0.15,,,earthquake,depth free,middle auto,23.53350836326545,-290.66820984147313,16.494653493965565,,False,2.0594731099102366
2018-04-10 21:41:51.830000,35.18383333333333,132.57933333333332,12.84,0.6,V,0.0025,0.0025,0.46,0.05,,,earthquake,depth free,middle manual,23.085428497545344,-289.3589649860206,16.689008678006264,,False,0.9772786119630154
2018-04-10 21:51:07.750000,35.16916666666666,132.5885,9.05,0.5,V,0.0018333333333333,0.0023333333333333,0.5,0.03,,,earthquake,depth free,middle auto,21.411517519089394,-288.7189369885442,12.881804271519558,,False,3.531958570848308
2018-04-10 22:17:18.830000,35.181999999999995,132.58233333333334,13.3,1.4,V,0.0018333333333333,0.0021666666666666,0.41,0.03,,,earthquake,depth free,middle auto,22.875665100682976,-289.07690756488915,17.140074879414463,,False,1.2692310019976634
2018-04-10 22:30:17.780000,35.178666666666665,132.5825,9.22,1.0,V,0.0026666666666666,0.0026666666666666,0.58,0.04,,,earthquake,depth free,middle auto,22.484262782038055,-289.22283928151904,13.064656761254726,,False,3.009093247229142
2018-04-10 22:44:13.830000,35.11383333333333,132.52200000000002,8.44,0.6,v,0.0171666666666666,0.0256666666666666,1.97,0.27,,,earthquake,depth free,low auto,15.463687863335698,-294.9712938871233,12.53744033536092,,False,10.483720042950088
2018-04-10 23:00:47.430000,35.183166666666665,132.5805,10.49,1.0,V,0.003,0.0033333333333333,0.67,0.05,,,earthquake,depth free,middle auto,22.99602210249749,-289.34162692010153,14.337226000801136,,False,1.7407720632999024
2018-04-10 23:13:26.540000,35.20283333333334,132.57133333333334,10.93,1.0,V,0.0018333333333333,0.0021666666666666,0.43,0.03,,,earthquake,depth free,middle auto,25.207103125754532,-290.085871446363,14.793861888567417,,False,2.7276653488577067
2018-04-10 23:22:54.700000,35.159,132.57966666666667,7.14,1.2,V,0.0018333333333333,0.0023333333333333,0.57,0.03,,,earthquake,depth free,middle auto,20.2985392077731,-289.6259419117849,11.009748753250577,,False,5.781385106264836
2018-04-10 23:26:43.670000,35.172333333333334,132.59033333333335,12.27,0.7,v,0.0034999999999999,0.0041666666666666,0.69,0.07,,,earthquake,depth free,middle auto,21.77471083074836,-288.42410056190687,16.091291841515453,,False,1.4155507221580264
2018-04-10 23:29:46.720000,35.190999999999995,132.57466666666667,11.76,0.8,V,0.0028333333333333,0.0033333333333333,0.64,0.05,,,earthquake,depth free,middle auto,23.88860196151362,-289.7957256077215,15.620221409766287,,False,1.3474972923782313
2018-04-10 23:32:45.420000,35.1885,132.58683333333337,12.66,0.7,V,0.0021666666666666,0.0021666666666666,0.44,0.04,,,earthquake,depth free,middle auto,23.58014231629593,-288.6695111536506,16.481159802323408,,False,0.6797859515314247
2018-04-10 23:33:12.900000,35.189,132.583,12.07,0.5,V,0.0031666666666666,0.0026666666666666,0.54,0.06,,,earthquake,depth free,middle manual,23.64385603262975,-289.03654461340574,15.903850524064952,,False,0.5877965517202267
2018-04-10 23:37:50.340000,35.16383333333333,132.58266666666665,7.61,2.4,V,0.002,0.0025,0.6,0.03,,,earthquake,depth free,high manual,20.82885591335321,-289.3194405416009,11.46592748661299,,False,5.0903840117095465
2018-04-10 23:40:51.300000,35.18216666666667,132.5761666666667,9.79,1.0,V,0.0021666666666666,0.0021666666666666,0.42,0.03,,,earthquake,depth free,middle auto,22.894187267981017,-289.76355272713414,13.652729916243445,,False,2.5416674237079855
2018-04-10 23:41:28.300000,35.19333333333333,132.572,10.69,0.9,V,0.0026666666666666,0.0028333333333333,0.55,0.05,,,earthquake,depth free,middle auto,24.149983527318938,-290.06824600563095,14.558192303457307,,False,2.183815069092944
2018-04-11 00:03:47.800000,35.16083333333333,132.59900000000002,10.18,0.5,V,0.0028333333333333,0.0031666666666666,0.67,0.05,,,earthquake,depth free,middle auto,20.462267147161803,-287.755468727252,13.982646197803236,,False,3.4718107696939895
2018-04-11 00:22:11.520000,35.17183333333333,132.59033333333335,10.09,1.0,V,0.0021666666666666,0.0025,0.49,0.04,,,earthquake,depth free,middle auto,21.70763562122683,-288.5053398238021,13.913131760772885,,False,2.5102802378361733
2018-04-11 00:28:56.740000,35.186499999999995,132.5975,11.59,1.0,V,0.0023333333333333,0.0025,0.51,0.04,,,earthquake,depth free,middle auto,23.321728708660793,-287.7492133518381,15.378206771339254,,False,1.1395927306856906
2018-04-11 00:48:25.560000,35.197,132.61983333333333,11.06,0.6,V,0.0041666666666666,0.004,0.75,0.08,,,earthquake,depth free,middle auto,24.419044451213033,-285.7077817920362,14.768469473300035,,False,3.4741359375720933
2018-04-11 00:54:42.730000,35.203833333333336,132.57,10.64,1.1,V,0.0023333333333333,0.0025,0.5,0.04,,,earthquake,depth free,middle auto,25.320588009043657,-290.21373675002957,14.50781895474051,,False,3.0052466178052066
2018-04-11 00:57:16.900000,35.1735,132.5931666666667,12.0,0.6,V,0.0025,0.0023333333333333,0.47,0.04,,,earthquake,depth free,middle auto,21.894410277461606,-288.1730579742453,15.81132096672977,,False,1.3785865651644353
2018-04-11 01:07:59.850000,35.178,132.5836666666667,12.91,0.7,V,0.0021666666666666,0.0026666666666666,0.5,0.04,,,earthquake,depth free,middle auto,22.426111394946595,-288.98461640955856,16.748764349620362,,False,1.108969464908929
2018-04-11 01:14:54.350000,35.161,132.59816666666669,7.83,0.7,V,0.0021666666666666,0.0025,0.68,0.03,,,earthquake,depth free,middle auto,20.47021817837883,-287.9158354642272,11.636844758930458,,False,5.146150926569
2018-04-11 01:15:35.590000,35.19466666666666,132.571,11.28,0.6,v,0.0088333333333333,0.0098333333333333,1.74,0.21,,,earthquake,depth free,middle auto,24.303758455663743,-290.13242599141734,15.150195854292866,,False,1.9934514377221768
2018-04-11 01:21:20.320000,35.18966666666666,132.57133333333334,11.81,0.5,v,0.0031666666666666,0.0031666666666666,0.6,0.06,,,earthquake,depth free,middle auto,23.750740729794185,-290.1006450577302,15.682139535196892,,False,1.5312549070475527
2018-04-11 01:27:50.690000,35.157666666666664,132.60466666666667,12.64,0.8,V,0.0033333333333333,0.0031666666666666,0.66,0.05,,,earthquake,depth free,middle auto,20.10811742734872,-287.1637693615037,16.42478405558113,,False,3.4503780227595544
2018-04-11 01:42:02.770000,35.18683333333333,132.56833333333333,12.19,1.4,V,0.0016666666666666,0.0021666666666666,0.41,0.03,,,earthquake,depth free,middle auto,23.447187529355652,-290.36860669796215,16.073779549501097,,False,1.681288985183484
2018-04-11 01:47:57.950000,35.19483333333333,132.56766666666667,10.82,3.0,V,0.0018333333333333,0.0023333333333333,0.47,0.03,,,earthquake,depth free,high manual,24.329793305063472,-290.45073636454066,14.701453346142069,,False,2.4412942095439263
2018-04-11 01:58:10.790000,35.178999999999995,132.55883333333335,11.35,0.5,V,0.0025,0.0028333333333333,0.55,0.04,,,earthquake,depth free,middle auto,22.601938370309018,-291.2883516295102,15.271424669828994,,False,2.716454299063896
2018-04-11 02:02:48.750000,35.22716666666667,132.541,13.37,0.5,v,0.0068333333333333,0.0063333333333333,1.05,0.12,,,earthquake,depth free,middle auto,28.006920854046427,-292.6554431884513,17.317695797666108,,False,6.3974492886104875
2018-04-11 02:03:44.710000,35.18633333333333,132.56866666666667,9.21,0.9,V,0.0021666666666666,0.0023333333333333,0.52,0.04,,,earthquake,depth free,middle auto,23.375652436859028,-290.449716901754,13.095071923322278,,False,3.350755714719218
2018-04-11 02:10:52.200000,35.18783333333333,132.57116666666667,10.84,0.5,V,0.0046666666666666,0.0046666666666666,0.9,0.08,,,earthquake,depth free,middle auto,23.54297219382864,-290.15791219081365,14.714621316523829,,False,1.9402734052961186
2018-04-11 02:25:48.220000,35.20366666666667,132.56666666666666,9.57,0.5,V,0.0034999999999999,0.004,0.8,0.06,,,earthquake,depth free,middle auto,25.306811091561276,-290.55567086715274,13.449722829765912,,False,3.7806808937045395
2018-04-11 02:27:19.140000,35.19916666666666,132.5715,11.44,1.5,V,0.0016666666666666,0.002,0.4,0.03,,,earthquake,depth free,middle auto,24.802285972242835,-290.0651646351246,15.30539972815397,,False,2.226779631666922
2018-04-11 02:57:56.910000,35.20283333333334,132.5695,9.95,0.5,V,0.0041666666666666,0.0046666666666666,0.93,0.07,,,earthquake,depth free,middle auto,25.207812844131865,-290.2879581654969,13.820611208331169,,False,3.3531735759743806
2018-04-11 02:59:53.770000,35.193666666666665,132.56983333333332,10.38,1.2,V,0.0016666666666666,0.002,0.42,0.03,,,earthquake,depth free,middle auto,24.19180758833612,-290.2747597937095,14.255360041263735,,False,2.528291514544668
2018-04-11 03:11:40.680000,35.174166666666665,132.582,7.77,0.6,V,0.0023333333333333,0.0023333333333333,0.46,0.03,,,earthquake,depth free,middle auto,21.978682619937217,-289.33722225188217,11.620504768637476,,False,4.532972199750619
2018-04-11 03:14:09.810000,35.18216666666667,132.57583333333332,10.45,1.0,V,0.0021666666666666,0.0023333333333333,0.49,0.04,,,earthquake,depth free,middle auto,22.898559175334057,-289.7695740838405,14.313380693289966,,False,1.966035671426739
2018-04-11 03:29:08.970000,35.17616666666667,132.5836666666667,12.08,0.6,V,0.0028333333333333,0.003,0.49,0.05,,,earthquake,depth free,middle auto,22.21841926580799,-289.0214732962101,15.920633607775796,,False,0.9831009224001627
2018-04-11 03:34:28.600000,35.168499999999995,132.58433333333335,7.93,2.0,V,0.002,0.0025,0.61,0.03,,,earthquake,depth free,high manual,21.3437043365138,-289.1399859210222,11.776788199960984,,False,4.572331622475831
2018-04-11 03:39:05.790000,35.16916666666666,132.58283333333333,8.07,1.9,V,0.0018333333333333,0.0023333333333333,0.57,0.03,,,earthquake,depth free,high manual,21.42285126854585,-289.2685081293539,11.921158523148696,,False,4.42331503422882
2018-04-11 03:44:43.540000,35.17516666666666,132.58033333333333,8.61,0.6,V,0.0025,0.0031666666666666,0.66,0.04,,,earthquake,depth free,middle auto,22.09899401177861,-289.4540407588102,12.464720227251243,,False,3.7192595416800875
2018-04-11 03:49:44.950000,35.196666666666665,132.57066666666665,13.1,0.6,V,0.0026666666666666,0.003,0.52,0.05,,,earthquake,depth free,middle auto,24.535506923348844,-290.08864780831414,16.968700241688893,,False,2.1954424171997418
2018-04-11 04:00:09.150000,35.16016666666667,132.59300000000002,7.47,2.4,V,0.0018333333333333,0.0023333333333333,0.6,0.03,,,earthquake,depth free,high manual,20.39081731338396,-288.4004589125474,11.294683604230007,,False,5.42630854817461
2018-04-11 04:02:28.220000,35.19133333333333,132.5755,11.7,0.5,v,0.0043333333333333,0.0034999999999999,0.62,0.08,,,earthquake,depth free,middle auto,23.922832671542903,-289.7212373312066,15.557277182542064,,False,1.326009430327679
2018-04-11 04:06:47.990000,35.17733333333333,132.59883333333337,9.44,0.6,V,0.0021666666666666,0.0023333333333333,0.55,0.04,,,earthquake,depth free,middle auto,22.289690929017137,-287.7389915181367,13.231710112928072,,False,3.019490732502433
2018-04-11 04:07:48.950000,35.19033333333333,132.572,12.19,0.8,V,0.002,0.0021666666666666,0.41,0.03,,,earthquake,depth free,middle auto,23.82463233241147,-290.0239174959731,16.059212327732354,,False,1.4726982376200557
2018-04-11 04:32:20.390000,35.18883333333333,132.57333333333332,11.27,0.7,V,0.0043333333333333,0.0036666666666666,0.69,0.08,,,earthquake,depth free,middle auto,23.649708886314603,-289.94223670410065,15.13645860950533,,False,1.554441909564833
2018-04-11 04:50:45.610000,35.20483333333333,132.55933333333334,11.49,0.8,V,0.0051666666666666,0.006,0.82,0.09,,,earthquake,depth free,middle auto,25.46699050467364,-291.1451781879695,15.392008143631008,,False,3.40081539870511
2018-04-11 04:54:27.490000,35.18083333333333,132.57083333333333,12.64,0.6,V,0.0036666666666666,0.0034999999999999,0.54,0.06,,,earthquake,depth free,middle auto,22.77662200353704,-290.1470418065701,16.519371717355263,,False,1.58229049995331
2018-04-11 05:03:12.460000,35.172666666666665,132.59083333333334,10.91,0.7,V,0.0031666666666666,0.0031666666666666,0.59,0.05,,,earthquake,depth free,middle auto,21.802997065498666,-288.4271740569993,14.7303299966832,,False,1.8453503157877273
2018-04-11 05:26:23.270000,35.169999999999995,132.60399999999998,12.91,0.9,V,0.0056666666666666,0.0061666666666666,1.35,0.09,,,earthquake,depth free,middle auto,21.47946474536639,-287.1707845837048,16.68770887269942,,False,2.3936911256385787
2018-04-11 05:26:55.780000,35.177166666666665,132.59683333333334,7.17,0.5,V,0.0026666666666666,0.0026666666666666,0.66,0.04,,,earthquake,depth free,middle auto,22.265140722091967,-288.00340303128297,10.969922615644458,,False,5.113330597891546
2018-04-11 05:58:06.890000,35.20483333333333,132.573,10.24,0.5,V,0.0043333333333333,0.0048333333333333,1.04,0.08,,,earthquake,depth free,middle auto,25.42082028433969,-289.9530396268614,14.097493682906547,,False,3.181159630168837
2018-04-11 06:06:00.490000,35.189499999999995,132.57233333333332,12.8,0.7,V,0.0031666666666666,0.0033333333333333,0.55,0.06,,,earthquake,depth free,middle auto,23.734274075017797,-289.9743127621602,16.668261914315085,,False,1.5577755729961305
2018-04-11 06:06:53.950000,35.186166666666665,132.56716666666665,9.08,0.5,V,0.0031666666666666,0.0036666666666666,0.75,0.05,,,earthquake,depth free,middle auto,23.360914793668513,-290.59105076627543,12.970256374294625,,False,3.529906559477228
2018-04-11 06:08:18.380000,35.18216666666667,132.58466666666666,12.79,1.0,V,0.0025,0.0025,0.49,0.04,,,earthquake,depth free,middle auto,22.88469203794436,-288.88357660404785,16.62261112793298,,False,0.7385683726025143
2018-04-11 06:09:17.730000,35.20016666666667,132.56966666666665,10.43,0.8,V,0.0033333333333333,0.004,0.72,0.06,,,earthquake,depth free,middle auto,24.91374042189976,-290.2647690806134,14.30150124733892,,False,2.86844802368621
2018-04-11 06:18:14.610000,35.18716666666666,132.57266666666666,8.92,0.6,V,0.0033333333333333,0.0036666666666666,0.62,0.06,,,earthquake,depth free,middle auto,23.454898083672088,-290.09482768726065,12.791429808416114,,False,3.4633089627369036
2018-04-11 06:25:05.880000,35.18,132.58350000000002,11.12,0.6,V,0.003,0.0033333333333333,0.55,0.05,,,earthquake,depth free,middle auto,22.639144008986204,-289.0580095301907,14.95911912734085,,False,1.1708580341207395
2018-04-11 06:26:27.420000,35.16166666666666,132.59133333333335,7.8,1.2,V,0.0018333333333333,0.0021666666666666,0.56,0.03,,,earthquake,depth free,middle auto,20.564015274620314,-288.53425961143523,11.62882912712725,,False,5.044653424244381
2018-04-11 06:27:16.180000,35.222166666666666,132.549,13.25,0.9,V,0.002,0.0021666666666666,0.41,0.03,,,earthquake,depth free,middle auto,27.42818510760288,-291.95364160862357,17.174119846408892,,False,5.49893651021483
2018-04-11 06:30:59.650000,35.17183333333333,132.58166666666665,8.65,0.9,V,0.002,0.0021666666666666,0.49,0.03,,,earthquake,depth free,middle auto,21.725345642138663,-289.3435776420804,12.502683312913309,,False,3.787602622229249
2018-04-11 06:43:50.860000,35.17033333333333,132.55316666666667,10.65,0.7,V,0.003,0.003,0.49,0.05,,,earthquake,depth free,middle manual,21.653498198944252,-291.8588703184515,14.597020367038452,,False,3.736145240777797
2018-04-11 06:43:54.970000,35.171,132.58066666666667,12.74,0.5,V,0.006,0.005,0.92,0.09,,,earthquake,depth free,middle manual,21.657623404915174,-289.2875612028845,16.593791652243013,,False,1.7229886506492453
2018-04-11 06:53:38.230000,35.1655,132.59233333333333,11.3,1.3,V,0.0015,0.0018333333333333,0.36,0.03,,,earthquake,depth free,middle auto,21.00562630951373,-288.30246632978293,15.120337766831923,,False,2.340656877678685
2018-04-11 07:02:12.780000,35.17983333333333,132.583,9.94,0.5,V,0.0031666666666666,0.0033333333333333,0.69,0.05,,,earthquake,depth free,middle auto,22.616000604810043,-289.1470427147105,13.781690579130649,,False,2.2791677014189022
2018-04-11 07:08:57.530000,35.177,132.58183333333332,9.78,0.6,V,0.0034999999999999,0.0033333333333333,0.64,0.06,,,earthquake,depth free,middle auto,22.30419054961728,-289.2687313782025,13.627658757836729,,False,2.5375275769808017
2018-04-11 07:18:40.360000,35.186166666666665,132.573,8.83,0.9,V,0.0063333333333333,0.0068333333333333,1.38,0.11,,,earthquake,depth free,middle auto,23.342482239939997,-290.0714902959959,12.701080439074984,,False,3.529198595010821
2018-04-11 07:21:59.730000,35.177166666666665,132.58133333333333,15.0,0.7,V,0.0126666666666666,0.0126666666666666,2.1,0.23,,,earthquake,depth free,middle auto,22.35145410260903,-289.12252971397135,18.84562679917579,,False,3.0271077563515347
2018-04-11 07:26:55.760000,35.18383333333333,132.589,10.41,0.9,V,0.003,0.003,0.59,0.05,,,earthquake,depth free,middle auto,23.044688234769676,-288.5718670543436,14.22878821940366,,False,1.735443352085269
2018-04-11 07:42:25.390000,35.187666666666665,132.62366666666668,11.14,2.6,V,0.002,0.0025,0.55,0.03,,,earthquake,depth free,high manual,23.37287867743811,-285.39041579641236,14.842310193195887,,False,3.5151082688197226
2018-04-11 07:54:39.610000,35.1875,132.595,11.7,0.7,V,0.0031666666666666,0.0028333333333333,0.51,0.05,,,earthquake,depth free,middle auto,23.44051216188596,-287.9681782586689,15.49564536849669,,False,0.9247548351881404
2018-04-11 08:10:49.680000,35.17483333333333,132.58983333333333,11.7,2.0,V,0.002,0.0023333333333333,0.48,0.03,,,earthquake,depth free,high manual,22.050469554449258,-288.481304699693,15.521529731295493,,False,1.2076892604096379
2018-04-11 08:12:16.370000,35.17283333333333,132.58133333333333,11.71,0.7,V,0.0101666666666666,0.0076666666666666,1.39,0.17,,,earthquake,depth free,middle auto,21.853544406417125,-289.25830362299683,15.560972584978511,,False,1.4612855533657534
2018-04-11 08:23:37.550000,35.18366666666666,132.58516666666668,12.59,0.8,V,0.0033333333333333,0.003,0.57,0.05,,,earthquake,depth free,middle auto,23.048573198644508,-288.84024645279237,16.42004979591029,,False,0.4923692952801857
2018-04-11 08:26:57.160000,35.169,132.58066666666667,10.86,0.8,V,0.0068333333333333,0.0068333333333333,1.21,0.11,,,earthquake,depth free,middle auto,21.425696729606315,-289.36347590379046,14.716527369529867,,False,2.2210409040634014
2018-04-11 08:51:28.430000,35.187999999999995,132.5795,11.3,0.7,V,0.0043333333333333,0.0043333333333333,0.81,0.08,,,earthquake,depth free,middle auto,23.539307828564773,-289.3853718141881,15.14661755277535,,False,1.1173166113311992
2018-04-11 08:59:22.740000,35.16583333333333,132.58450000000002,8.99,0.8,V,0.004,0.0045,0.79,0.06,,,earthquake,depth free,middle auto,21.052979320869827,-289.0956383141782,12.837463364858328,,False,3.7774698632340393
2018-04-11 09:01:18.290000,35.166,132.5935,9.89,0.5,V,0.0025,0.0023333333333333,0.44,0.04,,,earthquake,depth free,middle auto,21.050029746205645,-288.246290324662,13.707092286326228,,False,3.1137449660612475
2018-04-11 09:02:02.410000,35.162166666666664,132.56433333333334,9.93,0.7,V,0.0028333333333333,0.003,0.54,0.05,,,earthquake,depth free,middle auto,20.710493788188124,-290.90255125665163,13.84630791942658,,False,3.896679489849795
2018-04-11 09:10:31.450000,35.168166666666664,132.5525,10.9,0.9,v,0.0071666666666666,0.0076666666666666,0.94,0.13,,,earthquake,depth free,middle auto,21.416425652508117,-291.9178338541894,14.850648054106616,,False,3.8046540816976298
2018-04-11 09:24:34.130000,35.20316666666667,132.57233333333332,11.15,0.7,V,0.0043333333333333,0.0041666666666666,0.81,0.08,,,earthquake,depth free,middle auto,25.242195158738493,-289.9860128530007,15.010177953304073,,False,2.6204657889894136
2018-04-11 09:34:25.350000,35.175333333333334,132.5865,10.47,0.9,V,0.0028333333333333,0.0028333333333333,0.52,0.05,,,earthquake,depth free,middle auto,22.109210043305925,-288.8264812509665,14.302984216804594,,False,1.9568035718836838
2018-04-11 09:39:25.750000,35.1815,132.5675,8.5,1.1,V,0.002,0.0025,0.57,0.03,,,earthquake,depth free,middle auto,22.839056506252295,-290.5988719303129,12.392811436383068,,False,4.040402642411149
2018-04-11 10:06:45,35.16,132.5995,7.88,2.0,V,0.0021666666666666,0.0026666666666666,0.67,0.03,,,earthquake,depth free,high manual,20.355605652499214,-287.79664524914216,11.68317887349522,,False,5.188280477553076
2018-04-11 10:19:16.720000,35.187999999999995,132.583,12.23,0.5,V,0.0034999999999999,0.0031666666666666,0.57,0.06,,,earthquake,depth free,middle auto,23.533737838799865,-289.0342586707518,16.06443058227467,,False,0.5074116575334608
2018-04-11 10:37:37.100000,35.20566666666667,132.6225,10.11,0.8,V,0.0036666666666666,0.0033333333333333,0.74,0.06,,,earthquake,depth free,middle auto,25.36832723675717,-285.4698504047786,13.80468685693952,,False,4.480984345666341
2018-04-11 10:40:15.520000,35.17433333333333,132.58016666666666,7.26,0.6,V,0.0041666666666666,0.0036666666666666,0.72,0.07,,,earthquake,depth free,middle auto,21.999868196110164,-289.52152462875966,11.116790757199343,,False,5.037960685677293
2018-04-11 11:04:54.300000,35.163666666666664,132.57216666666667,14.0,1.0,v,0.0148333333333333,0.0118333333333333,2.14,0.26,,,earthquake,depth free,middle auto,20.876098541751624,-290.0376373895801,17.886390779522817,,False,3.264510024118453
2018-04-11 11:05:38.190000,35.204,132.554,13.55,0.8,v,0.0055,0.0053333333333333,0.86,0.09,,,earthquake,depth free,middle auto,25.400079942820785,-291.55516937756016,17.468898070389038,,False,3.9236565434021755
2018-04-11 11:08:11.790000,35.18433333333333,132.60883333333334,11.84,0.6,v,0.0076666666666666,0.0061666666666666,1.29,0.16,,,earthquake,depth free,middle auto,23.049658976800146,-286.7209507244596,15.592451683066722,,False,2.03185263466486
2018-04-11 11:15:37.800000,35.17216666666666,132.56,11.93,0.7,V,0.0063333333333333,0.0065,0.78,0.11,,,earthquake,depth free,middle auto,21.843506882064897,-291.18575078533866,15.852023226382148,,False,2.7958011038357653
2018-04-11 11:21:52.680000,35.178666666666665,132.57916666666665,8.89,0.7,v,0.004,0.0031666666666666,0.63,0.07,,,earthquake,depth free,middle auto,22.49232207932299,-289.5370764745471,12.745892735223466,,False,3.3770288841317946
2018-04-11 11:47:57.640000,35.193666666666665,132.57416666666666,11.04,0.7,V,0.0031666666666666,0.003,0.6,0.06,,,earthquake,depth free,middle auto,24.182327768562473,-289.8579009691861,14.900550654399485,,False,1.8632286981213964
2018-04-11 11:56:22.380000,35.1585,132.5956666666667,10.11,0.9,V,0.0083333333333333,0.008,1.69,0.14,,,earthquake,depth free,middle auto,20.212702070913178,-288.06847239696924,13.925371034495024,,False,3.6309111523963447
2018-04-11 12:01:02.170000,35.16716666666667,132.61666666666667,10.16,0.7,V,0.0043333333333333,0.0046666666666666,1.02,0.07,,,earthquake,depth free,middle auto,21.113518173786105,-286.1322975124852,13.900258507479611,,False,3.8811110305974417
2018-04-11 12:08:25.100000,35.171,132.55800000000002,11.12,0.8,V,0.0041666666666666,0.0046666666666666,0.77,0.07,,,earthquake,depth free,middle auto,21.71568162463851,-291.4010641426205,15.050090087288256,,False,3.175623288255641
2018-04-11 12:09:00.340000,35.16683333333333,132.55550000000002,11.1,0.5,V,0.0081666666666666,0.0071666666666666,1.19,0.14,,,earthquake,depth free,middle auto,21.26070832540496,-291.6433337290165,15.041471453154127,,False,3.601923610270226
2018-04-11 12:13:06.500000,35.17133333333333,132.58433333333335,10.68,0.9,V,0.002,0.0021666666666666,0.44,0.03,,,earthquake,depth free,middle auto,21.67286357825325,-289.02942017880366,14.522857686851374,,False,2.0826784869657327
2018-04-11 12:19:56.800000,35.1705,132.59016666666668,9.92,1.9,V,0.0018333333333333,0.0023333333333333,0.52,0.03,,,earthquake,depth free,high manual,21.559267201817487,-288.53138205466666,13.744758947061676,,False,2.7308989826345034
2018-04-11 12:40:22.610000,35.18383333333333,132.56650000000002,8.84,1.2,V,0.0021666666666666,0.0023333333333333,0.5,0.03,,,earthquake,depth free,middle auto,23.102707588220657,-290.6686617795024,12.734261620959884,,False,3.7657097708489955
2018-04-11 12:43:14.720000,35.18133333333333,132.5915,12.76,0.7,v,0.0031666666666666,0.0028333333333333,0.54,0.06,,,earthquake,depth free,middle auto,22.77212591641056,-288.2685771525223,16.57072236611484,,False,0.8520219072175937
2018-04-11 12:50:03.920000,35.193666666666665,132.57216666666667,12.59,0.9,V,0.0065,0.0065,1.08,0.11,,,earthquake,depth free,middle auto,24.195859584564293,-289.9822274108423,16.456110509684667,,False,1.7142862437681867
2018-04-11 12:52:31.340000,35.198166666666665,132.56766666666667,10.24,0.7,V,0.0031666666666666,0.0033333333333333,0.57,0.05,,,earthquake,depth free,middle auto,24.69679670172282,-290.46012383077095,14.119604679725194,,False,2.9644843468766395
2018-04-11 13:00:07.700000,35.19766666666666,132.57233333333332,10.55,0.7,v,0.005,0.005,0.91,0.08,,,earthquake,depth free,middle auto,24.629099798570095,-290.0276897829125,14.41425456036921,,False,2.503800031268172
2018-04-11 13:08:37.250000,35.178,132.57516666666666,8.61,0.9,V,0.0034999999999999,0.0033333333333333,0.65,0.06,,,earthquake,depth free,middle auto,22.428621470164575,-289.91232937927697,12.479789653903076,,False,3.7452554055231606
2018-04-11 13:22:55.460000,35.1575,132.59833333333333,9.1,0.9,V,0.0023333333333333,0.0026666666666666,0.58,0.04,,,earthquake,depth free,middle auto,20.08832308393566,-287.8669690894333,12.908048031902366,,False,4.40414659799593
2018-04-11 13:23:54.720000,35.078,132.4385,11.64,0.9,V,0.0023333333333333,0.0026666666666666,0.4,0.04,,,earthquake,depth free,middle auto,11.761741168047456,-302.55611215469213,16.053203727887066,,False,17.923995512439227
2018-04-11 13:27:08.250000,35.172333333333334,132.59,10.72,0.9,V,0.0021666666666666,0.0023333333333333,0.49,0.04,,,earthquake,depth free,middle auto,21.76744101861415,-288.5108103987029,14.543440686095131,,False,1.9883567210806454
2018-04-11 13:32:27.790000,35.166333333333334,132.61866666666668,10.14,0.8,V,0.0028333333333333,0.0025,0.58,0.05,,,earthquake,depth free,middle auto,21.01514519996255,-285.9546541787166,13.874368751743246,,False,4.065837752113037
2018-04-11 13:52:49.730000,35.181999999999995,132.59650000000002,9.55,0.6,v,0.003,0.003,0.56,0.05,,,earthquake,depth free,middle auto,22.81493085396017,-287.92994732603466,13.34599857425383,,False,2.745895779810442
2018-04-11 13:58:07.310000,35.163666666666664,132.59400000000002,8.74,0.6,V,0.003,0.0034999999999999,0.76,0.05,,,earthquake,depth free,middle auto,20.78336248942396,-288.25110828867207,12.557942509767663,,False,4.167700782990807
2018-04-11 14:00:01.430000,35.11183333333334,132.606,8.68,0.6,v,0.0144999999999999,0.0135,2.98,0.24,,,earthquake,depth free,middle auto,14.995350388025226,-287.3484041279605,12.499409410309577,,False,8.964210088839115
2018-04-11 14:29:33.430000,35.1735,132.5885,11.63,1.7,V,0.0021666666666666,0.0025,0.53,0.04,,,earthquake,depth free,high manual,21.906089092596225,-288.6094197166547,15.45692100623032,,False,1.3467280975306462
2018-04-11 14:48:31.560000,35.1535,132.58433333333335,8.9,1.3,V,0.0018333333333333,0.0021666666666666,0.45,0.03,,,earthquake,depth free,middle auto,19.68422548375558,-289.1579411923273,12.757264354534264,,False,4.737967262226944
2018-04-11 14:50:14.650000,35.18233333333333,132.58466666666666,9.46,0.6,v,0.0045,0.0043333333333333,0.87,0.07,,,earthquake,depth free,middle auto,22.886054754626404,-289.00461472096134,13.29476044439688,,False,2.6886640376970448
2018-04-11 14:52:53.370000,35.16866666666667,132.58866666666668,9.2,0.8,V,0.002,0.0023333333333333,0.48,0.03,,,earthquake,depth free,middle auto,21.356348316654906,-288.7001331227806,13.031516844481658,,False,3.4311087921973846
2018-04-11 14:53:51.330000,35.1845,132.57633333333334,9.74,0.6,V,0.0038333333333333,0.0034999999999999,0.68,0.06,,,earthquake,depth free,middle auto,23.15235983909684,-289.7419494815198,13.600580544380335,,False,2.5673539427838876
2018-04-11 15:07:53.730000,35.18516666666666,132.57933333333332,10.48,2.2,V,0.0018333333333333,0.0023333333333333,0.49,0.03,,,earthquake,depth free,high manual,23.221297762075583,-289.44058854333986,14.329691456546024,,False,1.779931979088117
2018-04-11 15:09:16.680000,35.1885,132.575,9.35,0.5,V,0.0034999999999999,0.0028333333333333,0.6,0.06,,,earthquake,depth free,middle auto,23.59817567424487,-289.8628043944479,13.212486242475418,,False,3.004960610123512
2018-04-11 15:28:03.930000,35.18633333333333,132.5775,12.67,1.0,v,0.004,0.0038333333333333,0.65,0.07,,,earthquake,depth free,middle auto,23.36722274020257,-289.52235493705047,16.5234431415198,,False,1.0085095079804176
2018-04-11 15:33:11.650000,35.168499999999995,132.5896666666667,11.89,0.5,v,0.006,0.0056666666666666,0.75,0.1,,,earthquake,depth free,middle auto,21.349413982215506,-288.5119824663254,15.716517512858138,,False,1.8305858665254162
2018-04-11 15:43:24.530000,35.1755,132.58733333333333,12.44,1.6,V,0.002,0.0025,0.49,0.03,,,earthquake,depth free,high manual,22.1356300072084,-288.6784718578571,16.268780135924956,,False,1.0652228589959933
2018-04-11 15:48:36.550000,35.18416666666666,132.58133333333333,9.37,0.8,V,0.0028333333333333,0.0033333333333333,0.72,0.05,,,earthquake,depth free,middle auto,23.09880966464036,-289.30350405570186,13.214539528191548,,False,2.8026443031459563
2018-04-11 15:54:49.760000,35.17816666666666,132.62300000000002,6.97,1.2,V,0.0018333333333333,0.0021666666666666,0.62,0.03,,,earthquake,depth free,middle auto,22.299034566623504,-285.63428115220734,10.683865982758862,,False,6.165836875514967
2018-04-11 17:06:46.710000,35.18066666666667,132.578,13.24,1.4,V,0.0016666666666666,0.002,0.39,0.03,,,earthquake,depth free,middle auto,22.740187325643387,-289.47639536967165,17.09536053239555,,False,1.4307528557460536
2018-04-11 17:11:17.580000,35.178,132.5871666666667,7.17,0.7,V,0.003,0.0033333333333333,0.85,0.05,,,earthquake,depth free,middle auto,22.385911493004784,-288.87699975904326,11.001132286354176,,False,5.015129123703058
2018-04-11 17:35:52.300000,35.19266666666666,132.575,12.74,1.1,V,0.0021666666666666,0.0021666666666666,0.42,0.04,,,earthquake,depth free,middle auto,24.07736464314015,-289.7236506522769,16.597309533100688,,False,1.5099633033382795
2018-04-11 17:43:35.130000,35.175999999999995,132.55233333333334,12.51,0.5,v,0.0075,0.0063333333333333,0.99,0.13,,,earthquake,depth free,middle auto,22.294413193651977,-291.8452229839134,16.45442387039164,,False,3.2815475180909126
2018-04-11 17:59:01.720000,35.1615,132.56983333333332,10.99,0.6,V,0.0051666666666666,0.0056666666666666,0.76,0.1,,,earthquake,depth free,middle auto,20.626145806233485,-290.3673820705107,14.88780403482097,,False,3.200606393293421
2018-04-11 17:59:25.760000,35.18483333333333,132.577,9.02,0.6,v,0.0033333333333333,0.0028333333333333,0.53,0.06,,,earthquake,depth free,middle manual,23.18372249935735,-289.7067140977453,12.878635584070617,,False,3.2313536670844614
2018-04-11 18:25:59.160000,35.169,132.5875,10.52,0.6,V,0.0023333333333333,0.0026666666666666,0.52,0.04,,,earthquake,depth free,middle auto,21.403850489776843,-288.75654579401277,14.354219324074576,,False,2.3710310590742267
2018-04-11 18:44:18.530000,35.1945,132.569,10.37,0.6,V,0.0033333333333333,0.0033333333333333,0.57,0.05,,,earthquake,depth free,middle auto,24.28667197020302,-290.34765600747784,14.247564965829808,,False,2.618642366885076
2018-04-11 18:50:00.380000,35.1785,132.57466666666667,9.63,1.2,V,0.0016666666666666,0.002,0.44,0.03,,,earthquake,depth free,middle auto,22.490891550827296,-289.91846749272275,13.50039054787941,,False,2.8113915601416095
2018-04-11 18:53:47.570000,35.13583333333333,132.62766666666667,16.53,0.5,v,0.0131666666666666,0.0141666666666666,1.99,0.24,,,earthquake,depth free,low auto,17.64298959531539,-285.01620544071613,20.25406456682094,,False,7.908353036255701
2018-04-11 18:58:31.590000,35.180499999999995,132.59033333333335,12.74,0.9,V,0.0021666666666666,0.002,0.36,0.03,,,earthquake,depth free,middle auto,22.683003711118776,-288.37795997878004,16.55515819475287,,False,0.8345852453744711
2018-04-11 19:02:38.470000,35.18633333333333,132.5745,9.99,0.7,V,0.0026666666666666,0.0028333333333333,0.57,0.05,,,earthquake,depth free,middle auto,23.362448368862033,-289.8923937159343,13.855201566640668,,False,2.4149812231451193
2018-04-11 19:04:04.570000,35.180499999999995,132.577,12.58,1.4,V,0.0026666666666666,0.0031666666666666,0.61,0.05,,,earthquake,depth free,middle manual,22.72122488068924,-289.59175710002717,16.43923506070336,,False,1.0886419123115083
2018-04-11 19:09:24.780000,35.15083333333333,132.56533333333334,10.26,0.5,v,0.0166666666666666,0.0155,2.52,0.27,,,earthquake,depth free,low auto,19.45185939258398,-290.8403213910961,14.18127630836078,,False,4.620359766548407
2018-04-11 19:21:17.470000,35.148666666666664,132.5155,9.71,0.5,v,0.0139999999999999,0.0158333333333333,1.86,0.22,,,earthquake,depth free,low auto,19.356360734853567,-295.3867395561175,13.800562818291636,,False,7.970608068151116
2018-04-11 19:32:03.250000,35.202333333333335,132.57116666666667,11.07,2.0,V,0.002,0.0025,0.52,0.03,,,earthquake,depth free,high manual,25.15279101425392,-290.09761981030067,14.934649353932649,,False,2.6353739234464895
2018-04-11 19:38:10.510000,35.20583333333334,132.57216666666667,10.04,0.5,V,0.0028333333333333,0.0034999999999999,0.79,0.05,,,earthquake,depth free,middle auto,25.53328092941927,-290.0323043057886,13.899733663183168,,False,3.4085744319728697
2018-04-11 19:41:20.590000,35.200833333333335,132.5715,11.17,2.0,V,0.002,0.0023333333333333,0.49,0.03,,,earthquake,depth free,high manual,24.98587917046692,-290.06911532765827,15.034472689669592,,False,2.456388330882201
2018-04-11 19:42:08.150000,35.203833333333336,132.57033333333334,10.54,1.2,V,0.0016666666666666,0.0021666666666666,0.43,0.03,,,earthquake,depth free,middle auto,25.319131594890585,-290.18720921558366,14.406782499092342,,False,3.0412347353351485
2018-04-11 19:49:53.410000,35.196,132.57216666666667,10.37,0.7,V,0.0028333333333333,0.0033333333333333,0.67,0.05,,,earthquake,depth free,middle auto,24.443789498929412,-290.05535454005144,14.236052490862525,,False,2.531842769282461
2018-04-11 19:56:47.570000,35.19166666666666,132.586,11.34,0.6,v,0.0075,0.0053333333333333,0.96,0.12,,,earthquake,depth free,middle auto,23.92723745330336,-288.781916245644,15.162629130210023,,False,1.1096748726403252
2018-04-11 20:02:14,35.19633333333333,132.572,11.43,1.3,V,0.0018333333333333,0.0021666666666666,0.43,0.03,,,earthquake,depth free,middle auto,24.486449634129222,-290.0303641603809,15.295653019071146,,False,1.9840629418095395
2018-04-11 20:12:03.660000,35.1605,132.59083333333334,7.92,1.5,V,0.0018333333333333,0.0021666666666666,0.52,0.03,,,earthquake,depth free,middle auto,20.436641373218453,-288.5793745475837,11.751259147549916,,False,5.0065428839510355
2018-04-11 20:24:15.340000,35.227000000000004,132.56333333333333,10.72,0.7,v,0.0111666666666666,0.0093333333333333,2.09,0.2,,,earthquake,depth free,middle auto,27.910894285148125,-290.7316982842751,14.595118256952238,,False,5.342759972264464
2018-04-11 20:39:18.480000,35.165166666666664,132.598,12.51,0.9,V,0.0021666666666666,0.0026666666666666,0.54,0.04,,,earthquake,depth free,middle auto,20.95869571435175,-287.74608096496075,16.311154901286915,,False,2.425850826239186
2018-04-11 20:48:08.720000,35.17216666666666,132.58383333333333,7.49,0.5,V,0.0025,0.0031666666666666,0.59,0.05,,,earthquake,depth free,middle manual,21.74981858185794,-289.188344412435,11.336081508132114,,False,4.849916159293961
2018-04-11 21:01:04.830000,35.1755,132.58766666666668,11.53,1.2,V,0.0021666666666666,0.0023333333333333,0.47,0.03,,,earthquake,depth free,middle auto,22.12986596290851,-288.6814732432259,15.358301030940714,,False,1.1846181876934765
2018-04-11 21:01:45.460000,35.19333333333333,132.57883333333334,11.87,0.9,V,0.0033333333333333,0.0031666666666666,0.61,0.05,,,earthquake,depth free,middle auto,24.135754040682983,-289.4058903042028,15.714777591625122,,False,1.2237759585635735
2018-04-11 21:32:18.570000,35.17933333333333,132.595,7.63,0.5,v,0.0034999999999999,0.0031666666666666,0.8,0.05,,,earthquake,depth free,middle auto,22.51340905684238,-288.1452212786164,11.434098085207578,,False,4.60134910604029
2018-04-11 21:40:55.190000,35.172666666666665,132.59050000000002,11.17,1.2,V,0.0018333333333333,0.0021666666666666,0.48,0.03,,,earthquake,depth free,middle auto,21.805352954423576,-288.4479076928167,14.991250166147989,,False,1.6782408728364342
2018-04-11 21:55:00.960000,35.17466666666667,132.58283333333333,10.84,0.7,V,0.0045,0.0038333333333333,0.83,0.07,,,earthquake,depth free,middle auto,22.047932710173455,-289.1476520414747,14.6852999972073,,False,1.7369564602336296
2018-04-11 21:57:41.330000,35.19016666666666,132.57633333333334,12.86,0.6,v,0.0028333333333333,0.0026666666666666,0.5,0.05,,,earthquake,depth free,middle manual,23.796768098806943,-289.60740108378087,16.71452648727021,,False,1.3355996658602192
2018-04-11 21:57:43.400000,35.200833333333335,132.56133333333335,9.59,0.6,v,0.004,0.0031666666666666,0.56,0.06,,,earthquake,depth free,middle manual,25.00821718783535,-291.04836917321774,13.489314678525592,,False,3.8669800052135757
2018-04-11 22:15:20.510000,35.18733333333333,132.571,12.23,2.9,V,0.0018333333333333,0.0023333333333333,0.46,0.03,,,earthquake,depth free,high manual,23.495006642960806,-290.1237643602994,16.1045643726241,,False,1.4549657179822968
2018-04-11 22:18:12.670000,35.189499999999995,132.58133333333333,9.34,0.6,V,0.0048333333333333,0.0061666666666666,1.12,0.11,,,earthquake,depth free,middle auto,23.69050981049659,-289.28558915706094,13.18086627259062,,False,2.8820290848934444
2018-04-11 22:25:41.680000,35.18966666666666,132.5675,10.82,0.5,v,0.0076666666666666,0.0073333333333333,0.84,0.13,,,earthquake,depth free,middle auto,23.75706165391467,-290.4843325958322,14.705532641281144,,False,2.246565560100408
2018-04-11 22:35:14.190000,35.17283333333333,132.5805,8.16,1.6,V,0.0021666666666666,0.0026666666666666,0.6,0.03,,,earthquake,depth free,middle auto,21.83715226984951,-289.46371535631596,12.016151491464113,,False,4.218987819498981
2018-04-11 22:36:04.800000,35.17483333333333,132.58383333333333,9.5,0.8,V,0.0025,0.0028333333333333,0.64,0.04,,,earthquake,depth free,middle auto,22.056428731930584,-289.1053962046926,13.34279511152208,,False,2.859106473162255
2018-04-11 22:40:32.850000,35.1695,132.61116666666666,9.94,1.1,V,0.002,0.0021666666666666,0.52,0.03,,,earthquake,depth free,middle auto,21.38720335662804,-286.630585598586,13.69664153087583,,False,3.5456552039036513
2018-04-11 22:45:23.130000,35.19166666666666,132.56516666666667,11.86,0.6,V,0.004,0.0041666666666666,0.75,0.07,,,earthquake,depth free,middle auto,23.9909948012334,-290.65032326910375,15.751191911925677,,False,2.1164935497304156
2018-04-11 23:08:19.640000,35.175333333333334,132.59666666666666,9.04,1.1,V,0.0021666666666666,0.0023333333333333,0.61,0.03,,,earthquake,depth free,middle auto,22.071961545684335,-287.9570301290792,12.840514072213152,,False,3.3830243733664918
2018-04-11 23:20:45.900000,35.1705,132.58616666666668,8.78,0.8,V,0.0023333333333333,0.0026666666666666,0.63,0.03,,,earthquake,depth free,middle auto,21.564873904155,-288.93559206192407,12.618709851090545,,False,3.7010632614879473
2018-04-11 23:41:17.430000,35.186,132.58133333333333,12.9,1.0,v,0.0033333333333333,0.0033333333333333,0.59,0.06,,,earthquake,depth free,middle auto,23.320178149589832,-289.167872086234,16.740856678628983,,False,0.9213001480644772
2018-04-11 23:45:54.730000,35.17216666666666,132.59133333333335,10.22,1.1,V,0.0018333333333333,0.0021666666666666,0.5,0.03,,,earthquake,depth free,middle auto,21.74239049403499,-288.40877589967175,14.039513280351224,,False,2.3984398959703097
2018-04-11 23:57:21.800000,35.20183333333333,132.56983333333332,11.32,1.6,V,0.0016666666666666,0.002,0.39,0.03,,,earthquake,depth free,middle auto,25.10243965881718,-290.211018540544,15.189228784685792,,False,2.572469619903731
2018-04-12 00:20:26.100000,35.192166666666665,132.569,9.26,0.7,V,0.0025,0.0026666666666666,0.62,0.04,,,earthquake,depth free,middle auto,24.02226979055524,-290.39679099600966,13.139915745797714,,False,3.391006865093114
2018-04-12 00:26:49.490000,35.17366666666666,132.59983333333335,11.51,1.0,V,0.0036666666666666,0.0045,0.98,0.06,,,earthquake,depth free,middle auto,21.890851415611024,-287.58616534599656,15.299653567863626,,False,1.8170374678289212
2018-04-12 00:33:54.890000,35.193666666666665,132.57516666666666,10.45,0.5,V,0.0026666666666666,0.0028333333333333,0.56,0.04,,,earthquake,depth free,middle auto,24.176476039746287,-289.78892335583004,14.30764486568784,,False,2.2155447908334427
2018-04-12 00:40:16.100000,35.18533333333333,132.58700000000002,11.57,0.8,V,0.0038333333333333,0.004,0.83,0.06,,,earthquake,depth free,middle auto,23.222875688220263,-288.70545092123655,15.393541808801473,,False,0.565675776970224
2018-04-12 00:53:14.160000,35.18,132.59233333333333,8.7,1.1,V,0.0018333333333333,0.0021666666666666,0.53,0.03,,,earthquake,depth free,middle auto,22.60075160989124,-288.3456721601411,12.51166940256227,,False,3.506799791711123
2018-04-12 00:58:24.800000,35.17016666666667,132.59516666666667,12.64,1.3,V,0.0018333333333333,0.002,0.41,0.03,,,earthquake,depth free,middle auto,21.522246020077336,-287.9803668467221,16.446721169566864,,False,1.8558304312407246
2018-04-12 01:16:50.360000,35.16283333333333,132.59616666666668,7.26,0.6,V,0.0025,0.0021666666666666,0.56,0.04,,,earthquake,depth free,middle manual,20.67642714801495,-288.1114404133598,11.072440106836638,,False,5.50783881203067
2018-04-12 01:26:51.610000,35.18483333333333,132.5915,8.05,0.6,v,0.0025,0.0025,0.71,0.04,,,earthquake,depth free,middle auto,23.136294085026496,-288.4277196202098,11.861463009370484,,False,4.103543924241598
2018-04-12 01:29:15.860000,35.195166666666665,132.56483333333335,8.72,0.9,v,0.0055,0.0041666666666666,0.87,0.09,,,earthquake,depth free,middle auto,24.36481077850778,-290.7835393938348,12.61208319506258,,False,4.112236254875836
2018-04-12 01:35:45.610000,35.18966666666666,132.57566666666665,12.4,1.1,V,0.0026666666666666,0.0026666666666666,0.48,0.05,,,earthquake,depth free,middle auto,23.74096493401896,-289.68643280621274,16.257389175824965,,False,1.173142347689528
2018-04-12 01:36:30.210000,35.17516666666666,132.57866666666666,9.26,0.5,V,0.0068333333333333,0.0073333333333333,1.25,0.12,,,earthquake,depth free,middle auto,22.10730666624901,-289.58134011879383,13.119784135358255,,False,3.1425953739887396
2018-04-12 01:42:25.440000,35.19799999999999,132.5705,13.0,0.8,v,0.0023333333333333,0.0025,0.52,0.04,,,earthquake,depth free,middle auto,24.68338620393297,-290.102647562943,16.868424742596776,,False,2.2574506113155968
2018-04-12 02:04:57.220000,35.18216666666667,132.58533333333335,13.08,0.6,V,0.0031666666666666,0.0031666666666666,0.49,0.05,,,earthquake,depth free,middle auto,22.884232584767567,-288.81259169900324,16.91021671229201,,False,0.9970439779937446
2018-04-12 02:13:12.470000,35.158833333333334,132.60333333333332,10.09,1.0,V,0.0021666666666666,0.0025,0.54,0.03,,,earthquake,depth free,middle auto,20.2272207222328,-287.37297117790104,13.87999364959174,,False,3.8303041431923655
2018-04-12 02:16:11.400000,35.180166666666665,132.61383333333333,9.51,0.5,v,0.0031666666666666,0.003,0.7,0.05,,,earthquake,depth free,middle auto,22.56083309744944,-286.3667565692508,13.25060769908629,,False,3.6316680030476816
2018-04-12 02:31:48.290000,35.1905,132.575,12.2,1.2,V,0.0018333333333333,0.0023333333333333,0.45,0.03,,,earthquake,depth free,middle auto,23.83435578232091,-289.75118209052414,16.059159654334394,,False,1.2425011241762645
2018-04-12 02:44:58.940000,35.184,132.59400000000002,11.92,0.6,V,0.0026666666666666,0.003,0.66,0.05,,,earthquake,depth free,middle manual,23.056295583864024,-288.0631973587288,15.721209260499135,,False,0.7014687531410034
2018-04-12 02:45:43.950000,35.18366666666666,132.59616666666668,11.21,1.0,V,0.0018333333333333,0.0021666666666666,0.46,0.03,,,earthquake,depth free,middle auto,23.009358360222063,-287.8938878303055,15.004807144727302,,False,1.265457453795462
2018-04-12 02:52:37.430000,35.173833333333334,132.591,10.18,0.7,V,0.0031666666666666,0.003,0.64,0.05,,,earthquake,depth free,middle auto,21.92808212097629,-288.43452630155514,13.99943880363689,,False,2.3244521111144048
2018-04-12 03:15:06.320000,35.192166666666665,132.60783333333333,10.09,0.6,V,0.0036666666666666,0.0045,0.94,0.08,,,earthquake,depth free,middle auto,23.912799042115108,-286.8472070809975,13.841492766474042,,False,2.922624595625889
2018-04-12 03:18:43.590000,35.18,132.59966666666668,10.17,0.7,V,0.0031666666666666,0.0034999999999999,0.65,0.06,,,earthquake,depth free,middle auto,22.586972926209768,-287.62749377910797,13.956599015142851,,False,2.3454018236615584
2018-04-12 03:21:21.300000,35.1945,132.575,10.04,0.5,v,0.0036666666666666,0.0033333333333333,0.81,0.06,,,earthquake,depth free,middle auto,24.267407026996175,-289.81607828464206,13.897911380113426,,False,2.584494706266611
2018-04-12 03:40:16.800000,35.199,132.56666666666666,11.65,0.8,V,0.003,0.003,0.54,0.05,,,earthquake,depth free,middle auto,24.799033160996466,-290.4958991842108,15.531395243574876,,False,2.4600490330003852
2018-04-12 03:44:18.960000,35.19633333333333,132.57133333333334,10.74,1.0,V,0.0031666666666666,0.0034999999999999,0.72,0.06,,,earthquake,depth free,middle auto,24.485034233395773,-290.11608951031155,14.608335004228731,,False,2.354473480737469
2018-04-12 03:56:52.240000,35.17916666666667,132.5865,12.63,0.8,V,0.002,0.0023333333333333,0.48,0.03,,,earthquake,depth free,middle auto,22.5457572055038,-288.73400008909636,16.458790871597557,,False,0.789174762919357
2018-04-12 04:04:04.580000,35.17833333333333,132.55516666666668,10.45,0.6,v,0.0076666666666666,0.0071666666666666,0.87,0.14,,,earthquake,depth free,middle auto,22.53413316069817,-291.65625352195894,14.38474397157581,,False,3.3886997005693638
2018-04-12 05:06:55.490000,35.17633333333333,132.58166666666665,9.57,1.2,V,0.0016666666666666,0.002,0.44,0.03,,,earthquake,depth free,middle auto,22.229601200355443,-289.2938939626015,13.418827214933522,,False,2.759548194731492
2018-04-12 05:25:56.310000,35.178999999999995,132.59366666666668,11.73,0.6,V,0.003,0.0034999999999999,0.74,0.06,,,earthquake,depth free,middle auto,22.501640472090468,-288.118060458636,15.535943236797946,,False,0.9791605631151041
2018-04-12 05:46:25.930000,35.19433333333333,132.57399999999998,11.66,0.9,V,0.0028333333333333,0.0031666666666666,0.65,0.05,,,earthquake,depth free,middle auto,24.259834341329565,-289.8478838573375,15.520225267326111,,False,1.6407284753953015
2018-04-12 05:57:39.250000,35.16133333333333,132.59983333333335,10.57,0.5,v,0.006,0.0046666666666666,0.72,0.1,,,earthquake,depth free,middle auto,20.517467180820436,-287.66398679092015,14.369279305028725,,False,3.2509127629829813
2018-04-12 05:59:50.290000,35.17066666666666,132.55516666666668,12.77,0.8,V,0.0016666666666666,0.0016666666666666,0.32,0.03,,,earthquake,depth free,middle auto,21.69587036406515,-291.5980650423994,16.708626500632917,,False,3.3148196807920325
2018-04-12 06:12:03.990000,35.17133333333333,132.55233333333334,13.04,0.8,V,0.0025,0.0028333333333333,0.5,0.04,,,earthquake,depth free,middle auto,21.779624039980956,-291.84239053760706,16.987408448958657,,False,3.565994645178508
2018-04-12 06:14:20.320000,35.18383333333333,132.54266666666666,10.57,0.6,v,0.0113333333333333,0.0075,0.95,0.2,,,earthquake,depth free,middle auto,23.182000106306106,-292.76480501709483,14.542575924949684,,False,4.2866058045249185
2018-04-12 06:32:38.800000,35.166666666666664,132.58916666666667,6.83,0.6,V,0.0033333333333333,0.0031666666666666,0.79,0.05,,,earthquake,depth free,middle auto,21.120096282191977,-288.7483482068032,10.662940561616152,,False,5.668827075134161
2018-04-12 06:49:41.950000,35.20583333333334,132.57,11.04,0.7,V,0.0069999999999999,0.0046666666666666,0.9,0.12,,,earthquake,depth free,middle auto,25.544377300672902,-290.19189218096614,14.906228616640366,,False,2.998797488106282
2018-04-12 07:59:29.100000,35.1705,132.58683333333337,7.97,2.1,V,0.002,0.0025,0.61,0.03,,,earthquake,depth free,high manual,21.55858877653969,-288.90471643478554,11.807063665896726,,False,4.447409867483372
2018-04-12 08:08:51.940000,35.17183333333333,132.59683333333334,13.88,0.6,v,0.0113333333333333,0.0108333333333333,2.45,0.24,,,earthquake,depth free,middle auto,21.708852125374975,-287.77835984025535,17.67920971514401,,False,2.4373857756257413
2018-04-12 08:19:57.710000,35.16316666666666,132.6085,7.17,0.7,V,0.003,0.0026666666666666,0.81,0.05,,,earthquake,depth free,middle auto,20.67698932825084,-286.9949563749272,10.94183749311222,,False,5.850289035772194
2018-04-12 08:31:19.360000,35.165,132.60566666666665,6.86,0.5,V,0.0023333333333333,0.0021666666666666,0.65,0.04,,,earthquake,depth free,middle manual,20.887064624402303,-287.2566756721149,10.63996429212549,,False,5.9593846069221605
2018-04-12 09:18:11.470000,35.169333333333334,132.58783333333335,11.3,0.5,V,0.0036666666666666,0.0038333333333333,0.63,0.07,,,earthquake,depth free,middle auto,21.44404775711969,-288.69668661106084,15.132348525456068,,False,1.8964199079163486
2018-04-12 09:25:08.540000,35.181,132.584,8.76,0.7,v,0.004,0.0028333333333333,0.58,0.06,,,earthquake,depth free,middle auto,22.73643168310431,-289.095365091712,12.598372640488694,,False,3.403105666901474
2018-04-12 09:32:06.730000,35.189499999999995,132.58466666666666,12.74,0.5,v,0.0073333333333333,0.0051666666666666,0.81,0.1,,,earthquake,depth free,middle auto,23.697799091376513,-288.8593030481152,16.567555806676374,,False,0.8322999300646057
2018-04-12 09:41:45.830000,35.17816666666666,132.5875,9.7,0.7,V,0.0045,0.0033333333333333,0.55,0.07,,,earthquake,depth free,middle auto,22.416633584732452,-288.7538665301882,13.528196254969185,,False,2.5359850204499677
2018-04-12 10:07:26.190000,35.192166666666665,132.5761666666667,12.52,1.1,V,0.003,0.0031666666666666,0.56,0.05,,,earthquake,depth free,middle auto,24.017390593684844,-289.62781849108165,16.373942084949512,,False,1.323580423532745
2018-04-12 10:19:05.200000,35.16533333333333,132.5935,10.15,0.5,V,0.0131666666666666,0.0081666666666666,1.65,0.2,,,earthquake,depth free,middle auto,20.97746938377527,-288.2391901088786,13.967404711413142,,False,2.9849881823322435
2018-04-12 10:27:58.770000,35.18783333333333,132.586,8.05,1.0,V,0.0046666666666666,0.0031666666666666,0.77,0.06,,,earthquake,depth free,middle auto,23.48537242894979,-288.9156553053041,11.87749544879512,,False,4.0955650511632555
2018-04-12 10:29:28.370000,35.17516666666666,132.57883333333334,12.56,1.6,V,0.002,0.0025,0.5,0.03,,,earthquake,depth free,high manual,22.124189611695112,-289.4454087270848,16.41697480475302,,False,1.3421410214724374
2018-04-12 10:31:14.600000,35.18233333333333,132.59166666666667,12.11,0.5,v,0.0048333333333333,0.0045,0.94,0.12,,,earthquake,depth free,middle auto,22.87920784727855,-288.27360409385255,15.919913005862336,,False,0.522646300159327
2018-04-12 10:47:36.900000,35.225,132.5511666666667,11.25,0.7,v,0.0273333333333333,0.0226666666666666,4.07,0.51,,,earthquake,depth free,low auto,27.72723910360438,-291.8212355675528,15.16650986813334,,False,5.583891427222111
2018-04-12 10:49:00.560000,35.15716666666667,132.607,12.9,0.5,v,0.0055,0.0046666666666666,0.83,0.07,,,earthquake,depth free,middle auto,20.047325365877622,-286.94466252482835,16.677353465174978,,False,3.6481683999210524
2018-04-12 10:52:50.570000,35.174166666666665,132.59016666666668,7.21,1.5,V,0.0016666666666666,0.002,0.51,0.02,,,earthquake,depth free,middle auto,21.951802349466536,-288.6171375125679,11.033957073015756,,False,5.066192867125148
2018-04-12 10:54:41.830000,35.18366666666666,132.57399999999998,8.23,0.6,v,0.0036666666666666,0.0028333333333333,0.59,0.06,,,earthquake,depth free,middle auto,23.059021596101353,-290.0117855446655,12.099921143651752,,False,4.067337477939933
2018-04-12 11:04:22.900000,35.166,132.5885,8.57,0.8,V,0.0026666666666666,0.003,0.67,0.04,,,earthquake,depth free,middle auto,21.05748260218657,-288.7477068946494,12.404441230527684,,False,4.122567725622703
2018-04-12 11:09:35.310000,35.19283333333333,132.57866666666666,12.84,0.7,V,0.0033333333333333,0.003,0.47,0.05,,,earthquake,depth free,middle auto,24.08558605644567,-289.38726516010297,16.685006358931524,,False,1.360867754246077
2018-04-12 11:24:34.450000,35.160333333333334,132.598,7.92,1.9,V,0.002,0.0023333333333333,0.61,0.03,,,earthquake,depth free,high manual,20.397202979029075,-287.9300422353183,11.727826123819572,,False,5.106852065496071
2018-04-12 11:32:04.680000,35.16533333333333,132.56816666666666,8.71,0.9,V,0.0018333333333333,0.0025,0.52,0.03,,,earthquake,depth free,middle auto,21.043950964578055,-290.5885745647183,12.612079747697072,,False,4.372745503715931
2018-04-12 11:41:24.930000,35.1725,132.59783333333334,8.17,0.9,V,0.003,0.0034999999999999,0.95,0.04,,,earthquake,depth free,middle auto,21.74949091219763,-287.8929313519801,11.96930330956927,,False,4.304970521907608
2018-04-12 11:59:51.480000,35.193666666666665,132.57083333333333,11.33,1.1,V,0.0043333333333333,0.004,0.78,0.07,,,earthquake,depth free,middle auto,24.19355707022359,-290.149265928487,15.20139247864894,,False,1.9236647757946108
2018-04-12 12:05:46.420000,35.190999999999995,132.583,9.0,0.6,v,0.005,0.004,0.89,0.08,,,earthquake,depth free,middle auto,23.850386699570784,-289.1416139306896,12.834567327990412,,False,3.2251922419404253
2018-04-12 12:10:22.120000,35.17066666666666,132.57683333333333,7.8,0.7,V,0.0026666666666666,0.0034999999999999,0.87,0.04,,,earthquake,depth free,middle auto,21.605508760246945,-289.81709230101814,11.67008744082965,,False,4.686254184863878
2018-04-12 12:16:46.160000,35.19483333333333,132.5735,10.11,1.1,V,0.002,0.0021666666666666,0.44,0.03,,,earthquake,depth free,middle auto,24.309145068507867,-289.9482455325539,13.972603307382007,,False,2.6039515539796216
2018-04-12 13:06:55.760000,35.17733333333333,132.58766666666668,11.14,0.6,V,0.0096666666666666,0.0069999999999999,1.33,0.15,,,earthquake,depth free,middle auto,22.33120584534075,-288.6891839112563,14.967260267531357,,False,1.2848457025907498
2018-04-12 13:24:12.680000,35.167833333333334,132.6281666666667,7.63,1.4,V,0.002,0.0021666666666666,0.62,0.03,,,earthquake,depth free,middle auto,21.140502892636995,-285.1783478895655,11.334072956132276,,False,6.158390189227042
2018-04-12 13:28:43.870000,35.16,132.57216666666667,8.91,1.3,V,0.002,0.0025,0.56,0.03,,,earthquake,depth free,middle auto,20.441373419321632,-290.2376167840711,12.802616949218995,,False,4.426944810201349
2018-04-12 13:37:31.130000,35.18333333333333,132.58800000000002,12.3,0.8,V,0.0023333333333333,0.0023333333333333,0.51,0.04,,,earthquake,depth free,middle auto,23.00182456308692,-288.5953271741167,16.121147141362112,,False,0.2557803828928988
2018-04-12 13:43:00.980000,35.11833333333333,132.55033333333336,10.24,0.7,V,0.0123333333333333,0.0118333333333333,1.96,0.21,,,earthquake,depth free,middle auto,15.890022904546742,-292.3178256625986,14.237124658544412,,False,8.286078881224597
2018-04-12 14:11:45.370000,35.18683333333333,132.5836666666667,9.93,1.4,V,0.0043333333333333,0.005,1.09,0.07,,,earthquake,depth free,middle auto,23.390731141685254,-289.06205321110707,13.764603422450165,,False,2.2297792297982437
2018-04-12 15:04:29.860000,35.19566666666666,132.567,10.59,0.5,v,0.0101666666666666,0.0045,0.86,0.16,,,earthquake,depth free,middle auto,24.423083910203196,-290.5166132393004,14.473260391489164,,False,2.6542361765920983
2018-04-12 15:13:17.900000,35.173833333333334,132.6173333333333,7.97,1.5,V,0.002,0.0021666666666666,0.59,0.03,,,earthquake,depth free,middle auto,21.83969559547226,-286.1273605888247,11.704725361462636,,False,5.147414131421589
2018-04-12 15:17:03.180000,35.18516666666666,132.58733333333333,12.49,0.6,V,0.0026666666666666,0.003,0.62,0.05,,,earthquake,depth free,middle auto,23.208097708433584,-288.6422740579164,16.311935326512796,,False,0.3692365849928125
2018-04-12 15:23:59.990000,35.21216666666667,132.5511666666667,13.31,0.7,v,0.0043333333333333,0.006,0.93,0.09,,,earthquake,depth free,middle auto,26.313018141361606,-291.79123865754616,17.233190832229514,,False,4.590108261404926
2018-04-12 15:27:44.450000,35.19166666666666,132.56616666666667,10.3,0.9,V,0.0023333333333333,0.0023333333333333,0.45,0.04,,,earthquake,depth free,middle auto,23.980295508974425,-290.61711281658654,14.188946234286474,,False,2.7223141425742914
2018-04-12 15:31:03.390000,35.19083333333333,132.58683333333337,9.5,0.5,v,0.0075,0.0053333333333333,1.14,0.13,,,earthquake,depth free,middle auto,23.8231604135758,-288.7765208214397,13.321701937809312,,False,2.717668290389118
2018-04-12 15:32:50.580000,35.187666666666665,132.57183333333333,12.11,2.3,V,0.0018333333333333,0.0023333333333333,0.47,0.03,,,earthquake,depth free,high manual,23.52892551308941,-290.05148290685116,15.981655227650196,,False,1.386185395499111
2018-04-12 16:17:40.450000,35.19316666666666,132.57033333333334,9.99,1.0,V,0.0016666666666666,0.002,0.41,0.03,,,earthquake,depth free,middle auto,24.132930630252226,-290.2455640981058,13.864310108523297,,False,2.768626065568204
2018-04-12 16:48:30.600000,35.1855,132.57683333333333,11.72,0.8,v,0.0058333333333333,0.0055,0.81,0.12,,,earthquake,depth free,middle manual,23.27192153640838,-289.620524855819,15.57687545282001,,False,0.9860360211712543
2018-04-12 17:10:58.190000,35.18333333333333,132.57716666666667,13.13,0.5,v,0.0066666666666666,0.006,1.08,0.09,,,earthquake,depth free,middle auto,23.037813749595703,-289.54640271211395,16.98631894379934,,False,1.3282832083812257
2018-04-12 17:25:13.100000,35.180499999999995,132.62033333333335,8.96,0.8,V,0.003,0.0031666666666666,0.76,0.05,,,earthquake,depth free,middle auto,22.57612245497704,-285.79620672452245,12.679572177397612,,False,4.426463443534963
2018-04-12 17:32:28.630000,35.20633333333333,132.57566666666665,11.83,0.6,V,0.003,0.0026666666666666,0.51,0.05,,,earthquake,depth free,middle auto,25.58692562573008,-289.6478153417044,15.676597364656992,,False,2.6206636717732996
2018-04-12 18:09:24.740000,35.17516666666666,132.5875,10.27,0.5,V,0.0036666666666666,0.0038333333333333,0.63,0.07,,,earthquake,depth free,middle auto,22.08673743689457,-288.743738387875,14.0999446486657,,False,2.1394567526454806
2018-04-12 18:32:48.750000,35.18266666666666,132.59533333333334,10.63,0.5,V,0.0031666666666666,0.0038333333333333,0.83,0.06,,,earthquake,depth free,middle auto,22.897867970294644,-287.99404439463547,14.42863307245224,,False,1.7080488624442507
2018-04-12 18:42:41.660000,35.18583333333333,132.57383333333334,9.69,0.7,V,0.0031666666666666,0.0033333333333333,0.64,0.05,,,earthquake,depth free,middle auto,23.30740409585015,-289.96560162394843,13.55796173969623,,False,2.706644257935062
2018-04-12 19:07:00.860000,35.180499999999995,132.57866666666666,9.8,1.2,V,0.0018333333333333,0.0023333333333333,0.48,0.03,,,earthquake,depth free,middle auto,22.701958944090073,-289.5425446473089,13.655627565174704,,False,2.4838700781427625
2018-04-12 19:14:17.500000,35.1825,132.5795,8.06,0.5,V,0.0046666666666666,0.0033333333333333,0.72,0.07,,,earthquake,depth free,middle auto,22.9125047312418,-289.52356472372514,11.91265631254145,,False,4.128634596898664
2018-04-12 19:20:11.910000,35.18,132.60966666666667,12.53,0.7,V,0.0023333333333333,0.0025,0.56,0.04,,,earthquake,depth free,middle auto,22.57012562042611,-286.6357909628377,16.282304226126293,,False,2.1864669838090234
2018-04-12 20:02:30.500000,35.184,132.57933333333332,9.93,0.9,v,0.0038333333333333,0.0036666666666666,0.76,0.07,,,earthquake,depth free,middle auto,23.089042412635237,-289.46487962988675,13.780880198295751,,False,2.2995866139363637
2018-04-12 20:37:42.110000,35.18933333333333,132.5785,9.17,0.5,V,0.0043333333333333,0.0036666666666666,0.73,0.07,,,earthquake,depth free,middle auto,23.67947258568496,-289.5492017781982,13.0204576870896,,False,3.094984865685368
2018-04-12 21:22:28.770000,35.18133333333333,132.57066666666665,10.6,2.1,V,0.0018333333333333,0.0023333333333333,0.48,0.03,,,earthquake,depth free,high manual,22.822057365448032,-290.23527471808353,14.480975534839905,,False,2.141183659437931
2018-04-12 21:26:23.900000,35.19833333333333,132.571,10.47,0.7,V,0.0026666666666666,0.0031666666666666,0.68,0.05,,,earthquake,depth free,middle auto,24.70659875908917,-290.1490508304181,14.338279853702842,,False,2.660153440542723
2018-04-12 21:53:46.520000,35.20316666666667,132.5685,10.53,0.8,V,0.003,0.0034999999999999,0.75,0.05,,,earthquake,depth free,middle auto,25.25050983455497,-290.3560619155481,14.403309320345077,,False,3.0809205400416615
2018-04-12 21:55:01.230000,35.16616666666666,132.59416666666667,12.12,0.9,V,0.0028333333333333,0.0028333333333333,0.58,0.04,,,earthquake,depth free,middle auto,21.07868135838233,-288.1040927177693,15.933268582310534,,False,2.1630085968822796
2018-04-12 22:22:04.360000,35.17983333333333,132.60983333333334,12.6,0.8,V,0.0018333333333333,0.0023333333333333,0.49,0.03,,,earthquake,depth free,middle auto,22.551518981669048,-286.618747491944,16.351830872477514,,False,2.219077116168953
2018-04-12 22:39:28.700000,35.1815,132.59016666666668,6.82,0.5,v,0.0028333333333333,0.0026666666666666,0.68,0.04,,,earthquake,depth free,middle manual,22.76386290828287,-288.6052788231688,10.639015613068995,,False,5.33109698374633
2018-04-12 22:53:59.890000,35.177166666666665,132.56583333333336,11.72,0.8,V,0.0036666666666666,0.0033333333333333,0.59,0.07,,,earthquake,depth free,middle auto,22.379844431979777,-290.64699564247695,15.61918998439172,,False,2.1053710219258717
2018-04-12 23:12:49.370000,35.19933333333333,132.5655,10.52,0.5,v,0.0088333333333333,0.0075,0.99,0.16,,,earthquake,depth free,low auto,24.833980496162496,-290.6419640405765,14.405823731222895,,False,2.98811722419295
2018-04-12 23:52:02.120000,35.171166666666664,132.59516666666667,12.33,1.0,V,0.002,0.0025,0.47,0.04,,,earthquake,depth free,middle auto,21.631505416716383,-287.98809907553755,16.13620789070148,,False,1.6968446220701279
2018-04-13 00:14:49.920000,35.187999999999995,132.58983333333333,12.26,1.1,V,0.0023333333333333,0.0026666666666666,0.52,0.04,,,earthquake,depth free,middle auto,23.513894379088892,-288.414104376668,16.071901478474857,,False,0.4860616782056366
2018-04-13 00:16:24.840000,35.18483333333333,132.584,12.92,0.8,V,0.0051666666666666,0.0048333333333333,0.89,0.09,,,earthquake,depth free,middle auto,23.183073123764014,-288.9297299481686,16.752857609243133,,False,0.8264033937138002
2018-04-13 00:28:00.840000,35.19499999999999,132.57416666666666,10.19,0.7,v,0.0026666666666666,0.003,0.63,0.05,,,earthquake,depth free,middle auto,24.326072604303228,-289.88430598874345,14.050228356876262,,False,2.5228979577300255
2018-04-13 00:29:28.900000,35.17666666666666,132.58666666666667,10.99,0.7,V,0.0031666666666666,0.0033333333333333,0.72,0.06,,,earthquake,depth free,middle auto,22.25938505149424,-288.7876521513464,14.821130416280408,,False,1.4450075799754118
2018-04-13 01:09:58.310000,35.195166666666665,132.57916666666665,11.08,1.8,V,0.0021666666666666,0.0026666666666666,0.58,0.04,,,earthquake,depth free,high manual,24.33426182195854,-289.3980661688795,14.922972148604524,,False,1.70983234313827
2018-04-13 01:18:15.320000,35.187,132.59033333333335,12.45,0.9,v,0.0026666666666666,0.0031666666666666,0.64,0.05,,,earthquake,depth free,middle auto,23.402473125236707,-288.36543637206296,16.260818815830984,,False,0.5292116891505032
2018-04-13 01:34:57.840000,35.17366666666666,132.59050000000002,10.69,0.5,V,0.0144999999999999,0.012,2.02,0.26,,,earthquake,depth free,low auto,21.91375174743901,-288.4618500027813,14.510857370964498,,False,1.9197063534095353
2018-04-13 01:46:56.560000,35.17883333333333,132.58316666666667,12.11,1.2,V,0.002,0.0026666666666666,0.55,0.04,,,earthquake,depth free,middle auto,22.515839166791057,-289.0561867738928,15.950368308912251,,False,0.7213371445946178
2018-04-13 01:57:32.140000,35.1855,132.58783333333335,12.99,1.2,V,0.002,0.0023333333333333,0.45,0.03,,,earthquake,depth free,middle auto,23.24615189407642,-288.5775524323482,16.80971821295336,,False,0.8714067050974733
2018-04-13 02:04:20.660000,35.1695,132.59266666666667,11.41,0.8,V,0.0026666666666666,0.003,0.59,0.05,,,earthquake,depth free,middle auto,21.44899718290059,-288.254050554391,15.226250052359193,,False,1.9100578386938465
2018-04-13 02:08:42.730000,35.166,132.5695,13.35,0.7,v,0.0136666666666666,0.0128333333333333,2.26,0.26,,,earthquake,depth free,middle auto,21.139161481038304,-290.2947734275964,17.243961757266092,,False,2.864297767491347
2018-04-13 02:27:27.250000,35.18433333333333,132.57999999999998,12.52,0.7,v,0.0081666666666666,0.0071666666666666,0.94,0.14,,,earthquake,depth free,middle auto,23.13729585882525,-289.30849901010873,16.366676692406244,,False,0.7205009791237634
2018-04-13 02:40:35.530000,35.19583333333333,132.576,11.66,1.5,V,0.0016666666666666,0.002,0.4,0.03,,,earthquake,depth free,middle auto,24.42035905604141,-289.6613399638656,15.512593012748368,,False,1.641028775125358
2018-04-13 03:12:53.540000,35.19649999999999,132.57399999999998,11.29,0.6,v,0.0055,0.004,0.65,0.08,,,earthquake,depth free,middle manual,24.498377440497396,-289.8537118555568,15.149013873535338,,False,1.9366605281676634
2018-04-13 03:40:39.830000,35.154333333333334,132.6725,10.44,1.1,V,0.0021666666666666,0.0026666666666666,0.69,0.04,,,earthquake,depth free,middle auto,19.530620691067828,-281.1054615261023,14.009730601177262,,False,8.651432703891706
2018-04-13 04:16:44.860000,35.178666666666665,132.5795,13.26,1.0,V,0.0033333333333333,0.004,0.82,0.06,,,earthquake,depth free,middle auto,22.51408334287459,-289.34691036922027,17.111803627958132,,False,1.4638242053193282
2018-04-13 04:24:37.850000,35.1905,132.57583333333332,9.67,0.5,v,0.0085,0.0078333333333333,1.24,0.16,,,earthquake,depth free,middle auto,23.819270633921093,-289.76840688819823,13.528134026424034,,False,2.7270504173071637
2018-04-13 04:50:25.600000,35.17816666666666,132.58633333333333,12.69,0.8,V,0.002,0.0025,0.52,0.04,,,earthquake,depth free,middle auto,22.435642609678876,-288.7504663238971,16.520006902263763,,False,0.91371396200716
2018-04-13 05:03:42.100000,35.20466666666667,132.56,10.77,0.9,V,0.0028333333333333,0.0038333333333333,0.83,0.05,,,earthquake,depth free,middle auto,25.443121029630863,-291.1119295917824,14.670396671932869,,False,3.55361219885354
2018-04-13 05:30:20.700000,35.187,132.60716666666667,11.06,0.7,V,0.0031666666666666,0.0036666666666666,0.82,0.06,,,earthquake,depth free,middle manual,23.346360821581435,-286.8907728311689,14.816567886119474,,False,2.1610487100119706
2018-04-13 05:33:53.960000,35.17433333333333,132.59816666666669,7.89,0.8,V,0.002,0.0025,0.64,0.03,,,earthquake,depth free,middle auto,21.95052562463741,-287.866382126,11.68708188322132,,False,4.5147160594674896
2018-04-13 05:48:04.510000,35.166333333333334,132.59466666666668,8.19,0.8,V,0.0021666666666666,0.0023333333333333,0.61,0.03,,,earthquake,depth free,middle auto,21.074386160621103,-288.20121309427464,12.004165545994397,,False,4.493679316647687
2018-04-13 05:56:38.900000,35.20183333333333,132.56799999999998,10.43,0.5,v,0.0028333333333333,0.0034999999999999,0.73,0.05,,,earthquake,depth free,middle auto,25.10356669192516,-290.4098106837299,14.305920376362064,,False,3.06395956164205
2018-04-13 06:03:24.260000,35.20116666666667,132.57216666666667,11.18,2.4,V,0.0018333333333333,0.0023333333333333,0.54,0.03,,,earthquake,depth free,high manual,25.020947719097386,-290.0071607795351,15.042035553653076,,False,2.446661617522954
2018-04-13 06:04:14.840000,35.20183333333333,132.57233333333332,10.77,2.0,V,0.0018333333333333,0.0023333333333333,0.5,0.03,,,earthquake,depth free,high manual,25.092451622981688,-290.00472183724094,14.631321406009302,,False,2.6777866793158647
2018-04-13 06:14:40.600000,35.17966666666666,132.5761666666667,8.83,0.9,V,0.0023333333333333,0.0026666666666666,0.55,0.04,,,earthquake,depth free,middle auto,22.611799061084284,-289.80765992502444,12.695148213485632,,False,3.4793273106761853
2018-04-13 06:51:55.140000,35.189499999999995,132.5705,10.04,1.1,V,0.002,0.0023333333333333,0.48,0.03,,,earthquake,depth free,middle auto,23.725834519317495,-290.24173965041643,13.916232005247585,,False,2.6090057106053037
2018-04-13 06:56:36.580000,35.19883333333333,132.56716666666665,10.42,0.5,v,0.0048333333333333,0.0043333333333333,0.8,0.08,,,earthquake,depth free,middle auto,24.773111967042517,-290.4964236103979,14.300693417553546,,False,2.91986975607547
2018-04-13 07:11:43.700000,35.19116666666666,132.613,11.49,0.6,V,0.0028333333333333,0.0034999999999999,0.72,0.05,,,earthquake,depth free,middle auto,23.79383116318178,-286.3319588931258,15.22437965010272,,False,2.5759667875731136
2018-04-13 07:58:00.540000,35.1675,132.55200000000002,10.8,0.7,V,0.0028333333333333,0.0033333333333333,0.57,0.05,,,earthquake,depth free,middle auto,21.34340379132813,-291.96924699844794,14.75287463181405,,False,3.910431608731312
2018-04-13 08:08:01.290000,35.192166666666665,132.57183333333333,9.45,0.6,V,0.0028333333333333,0.0026666666666666,0.55,0.05,,,earthquake,depth free,middle auto,24.01487741504644,-290.13303038538487,13.320390213077069,,False,3.1123061855124634
2018-04-13 08:23:51.670000,35.169333333333334,132.58833333333334,10.12,0.6,V,0.0028333333333333,0.0031666666666666,0.69,0.05,,,earthquake,depth free,middle auto,21.43624785731288,-288.6944198750872,13.951504490280527,,False,2.638145121350415
2018-04-13 08:32:45.810000,35.18983333333333,132.5755,13.57,0.8,V,0.0023333333333333,0.0023333333333333,0.41,0.04,,,earthquake,depth free,middle auto,23.765798801914336,-289.65805285123724,17.427025173876515,,False,1.8514791810977684
2018-04-13 08:39:36.600000,35.17766666666667,132.58266666666665,10.97,0.9,V,0.0021666666666666,0.0025,0.49,0.04,,,earthquake,depth free,middle auto,22.381938916607353,-289.1473193651695,14.81362230048607,,False,1.4425444835106151
2018-04-13 09:11:04.710000,35.157333333333334,132.60316666666665,10.81,1.4,V,0.0018333333333333,0.0021666666666666,0.45,0.03,,,earthquake,depth free,middle auto,20.06528859546379,-287.3672690206131,14.601175181690458,,False,3.6315125608245706
2018-04-13 09:17:58,35.17133333333333,132.59,8.62,0.7,V,0.0031666666666666,0.0038333333333333,0.9,0.05,,,earthquake,depth free,middle auto,21.645286219764905,-288.5909213829231,12.445587678444008,,False,3.821325739661949
2018-04-13 10:01:24.950000,35.1425,132.54516666666666,11.0,0.6,V,0.0055,0.0058333333333333,0.76,0.1,,,earthquake,depth free,middle auto,18.591174291369448,-292.67121070466294,14.994474036519607,,False,6.112382027905849
2018-04-13 10:15:39.880000,35.16566666666667,132.55216666666666,10.77,0.8,V,0.0023333333333333,0.0026666666666666,0.46,0.04,,,earthquake,depth free,middle auto,21.13934749323835,-291.961842006168,14.723682472052312,,False,4.011789051082521
2018-04-13 10:23:19.420000,35.18083333333333,132.57783333333333,9.58,1.7,V,0.002,0.0023333333333333,0.54,0.03,,,earthquake,depth free,high manual,22.740256554849218,-289.6249431476277,13.438298269195371,,False,2.7066293423508863
2018-04-13 10:24:24.510000,35.170833333333334,132.5915,9.86,0.9,V,0.0021666666666666,0.0021666666666666,0.45,0.04,,,earthquake,depth free,middle auto,21.592035716763455,-288.41152146149926,13.68017159425315,,False,2.775445471958569
2018-04-13 10:34:52.700000,35.159666666666666,132.59633333333335,9.21,0.9,V,0.0025,0.0028333333333333,0.65,0.04,,,earthquake,depth free,middle auto,20.33521998977521,-288.03663215925894,13.02292122924374,,False,4.122820758289793
2018-04-13 10:58:04.380000,35.19233333333333,132.571,13.12,2.5,V,0.002,0.0026666666666666,0.5,0.04,,,earthquake,depth free,high manual,24.05403088869334,-290.0732136228721,16.990518999232265,,False,1.9294816796935967
2018-04-13 10:59:13.630000,35.19283333333333,132.57183333333333,13.26,3.9,V,0.0018333333333333,0.0023333333333333,0.45,0.03,,,earthquake,depth free,high manual,24.107728035171203,-289.99080873076736,17.1273217125409,,False,1.976881248201069
2018-04-13 11:16:20.950000,35.169999999999995,132.58766666666668,7.6,1.1,V,0.002,0.0026666666666666,0.6,0.03,,,earthquake,depth free,middle auto,21.49866799296509,-288.8444342814322,11.434931178389249,,False,4.81462409635162
2018-04-13 11:28:06.300000,35.19266666666666,132.57683333333333,10.89,1.0,V,0.002,0.0023333333333333,0.47,0.03,,,earthquake,depth free,middle auto,24.062810790407656,-289.6253541643841,14.742511058167862,,False,1.766834962963144
2018-04-13 11:37:07.490000,35.19566666666666,132.56983333333332,12.56,0.8,V,0.003,0.0028333333333333,0.52,0.05,,,earthquake,depth free,middle auto,24.42440313480325,-290.1875338193913,16.43250731846446,,False,2.0015286771328173
2018-04-13 11:44:14.560000,35.193,132.5655,12.0,0.6,V,0.0031666666666666,0.0033333333333333,0.59,0.06,,,earthquake,depth free,middle manual,24.13860960743594,-290.6101991136669,15.889078626668551,,False,2.1349951778129888
2018-04-13 13:01:25.610000,35.17966666666666,132.5945,9.81,0.5,V,0.0063333333333333,0.0056666666666666,1.11,0.13,,,earthquake,depth free,middle auto,22.563191100232405,-288.1100485545599,13.614032503272757,,False,2.4890798031185293
2018-04-13 13:52:31.690000,35.19333333333333,132.57116666666667,10.47,0.9,V,0.0025,0.0028333333333333,0.56,0.04,,,earthquake,depth free,middle auto,24.15134606011724,-290.1518302614033,14.341104671872166,,False,2.378656726457529
2018-04-13 14:27:19.550000,35.149,132.57433333333333,13.19,0.5,V,0.0198333333333333,0.0166666666666666,3.14,0.36,,,earthquake,depth free,middle auto,19.238703999724528,-289.9233958294964,17.080795761619793,,False,4.247562764235016
2018-04-13 14:30:44.850000,35.1735,132.58866666666668,9.77,0.9,V,0.0021666666666666,0.002,0.43,0.03,,,earthquake,depth free,middle auto,21.89574756257618,-288.66215787838286,13.597636076213464,,False,2.6718894352047093
2018-04-13 14:38:35,35.169,132.58833333333334,6.64,0.5,V,0.0043333333333333,0.0034999999999999,0.9,0.07,,,earthquake,depth free,middle auto,21.380552281964285,-288.8225592303684,10.474113441066498,,False,5.760971751561015
2018-04-13 15:27:54.360000,35.16083333333333,132.60233333333332,7.15,0.7,V,0.0026666666666666,0.0025,0.63,0.04,,,earthquake,depth free,middle auto,20.43580974437999,-287.56323292472996,10.943761987139132,,False,5.8158441080547405
2018-04-13 16:19:22.730000,35.18783333333333,132.57066666666665,13.03,0.5,v,0.0143333333333333,0.012,1.76,0.24,,,earthquake,depth free,middle auto,23.55547927514302,-290.1227969296343,16.904773679686514,,False,1.7433874963084404
2018-04-13 16:22:54.200000,35.1655,132.55216666666666,10.57,0.5,V,0.0026666666666666,0.0026666666666666,0.42,0.05,,,earthquake,depth free,middle auto,21.119772335439517,-291.96984086135797,14.523944806187874,,False,4.093566926041727
2018-04-13 16:27:52.280000,35.193,132.5745,12.9,0.6,V,0.0056666666666666,0.0055,0.85,0.09,,,earthquake,depth free,middle auto,24.116596028750727,-289.76188444120305,16.7586272999208,,False,1.63273194626135
2018-04-13 17:09:26.900000,35.16283333333333,132.55516666666668,10.61,1.3,V,0.002,0.0023333333333333,0.43,0.03,,,earthquake,depth free,middle auto,20.81525152654597,-291.70601881023697,14.55586950425404,,False,4.04368976380449
2018-04-13 18:10:30.410000,35.18183333333333,132.58183333333332,12.95,1.1,V,0.0018333333333333,0.0021666666666666,0.42,0.03,,,earthquake,depth free,middle auto,22.856843809802506,-289.13559215298784,16.792080152699256,,False,0.9815584288396731
2018-04-13 18:53:30.870000,35.18116666666666,132.5701666666667,9.52,1.1,V,0.002,0.0023333333333333,0.5,0.03,,,earthquake,depth free,middle auto,22.79946851081529,-290.3208543896651,13.403493905321248,,False,3.0338171939264744
2018-04-13 19:07:38.530000,35.2265,132.54266666666666,14.04,0.7,v,0.0036666666666666,0.0034999999999999,0.62,0.07,,,earthquake,depth free,middle auto,27.93096086278689,-292.48210749044057,17.982057180843157,,False,6.411939962412184
2018-04-13 19:12:16.650000,35.183166666666665,132.59383333333335,13.88,0.7,V,0.0041666666666666,0.004,0.65,0.07,,,earthquake,depth free,middle auto,22.974400210457205,-288.0099217431248,17.681014083696162,,False,1.874214464094972
2018-04-13 19:22:07.550000,35.2,132.57233333333332,10.86,0.6,V,0.0033333333333333,0.0036666666666666,0.72,0.07,,,earthquake,depth free,middle auto,24.889482625868087,-290.0079737492557,14.7224798653909,,False,2.4899304226546053
2018-04-13 19:29:18.940000,35.18416666666666,132.58616666666668,13.44,1.0,V,0.0026666666666666,0.0026666666666666,0.51,0.04,,,earthquake,depth free,middle auto,23.105448488747683,-288.7168458909916,17.265828427131304,,False,1.3119585320991463
2018-04-13 19:29:31.470000,35.18233333333333,132.59216666666669,13.63,0.5,v,0.0033333333333333,0.0034999999999999,0.67,0.06,,,earthquake,depth free,middle auto,22.885568209956656,-288.17294579725586,17.437240923353155,,False,1.6018365265901249
2018-04-13 19:33:20.950000,35.18366666666666,132.58766666666668,13.62,1.1,V,0.0016666666666666,0.002,0.36,0.03,,,earthquake,depth free,middle auto,23.04653171457244,-288.5761846495476,17.441115715224825,,False,1.4968768248698117
2018-04-13 19:55:05.490000,35.167833333333334,132.59233333333333,10.59,1.5,V,0.0016666666666666,0.0021666666666666,0.45,0.03,,,earthquake,depth free,middle auto,21.26064996898012,-288.3200446305032,14.409113715949802,,False,2.475277789430424
2018-04-13 20:43:19.860000,35.16716666666667,132.5945,11.05,0.6,V,0.0036666666666666,0.0045,0.77,0.07,,,earthquake,depth free,middle auto,21.18284262540414,-288.1092805415368,14.862167443328971,,False,2.3332936518406497
2018-04-13 20:49:52.310000,35.16616666666666,132.5945,11.56,0.7,V,0.003,0.0034999999999999,0.67,0.05,,,earthquake,depth free,middle auto,21.074668197683195,-288.09426688832485,15.372552939207225,,False,2.2463045358184273
2018-04-13 21:47:33.290000,35.166333333333334,132.59183333333334,11.64,0.9,V,0.0016666666666666,0.002,0.4,0.03,,,earthquake,depth free,middle auto,21.10138037927297,-288.33243698556925,15.46114071513405,,False,2.144782351914632
2018-04-13 21:48:09.950000,35.17983333333333,132.581,8.36,0.5,V,0.0073333333333333,0.0069999999999999,1.0,0.12,,,earthquake,depth free,middle auto,22.613673048354944,-289.38610971796606,12.209371594489037,,False,3.84254963598864
2018-04-13 22:14:40.230000,35.1945,132.56833333333333,11.73,0.6,v,0.003,0.003,0.51,0.05,,,earthquake,depth free,middle auto,24.29532812359287,-290.3580817001793,15.608841379248105,,False,2.0288756725165893
2018-04-13 22:21:40.430000,35.19483333333333,132.56666666666666,13.21,2.5,V,0.0016666666666666,0.0021666666666666,0.42,0.03,,,earthquake,depth free,high manual,24.34448571245748,-290.4534485882817,17.09312696152104,,False,2.3936179855863347
2018-04-13 22:34:35.480000,35.15716666666667,132.60366666666667,10.79,0.9,V,0.002,0.0023333333333333,0.48,0.03,,,earthquake,depth free,middle auto,20.045229469529705,-287.3232589076448,14.57967642507457,,False,3.673091759381079
2018-04-13 22:55:44.830000,35.19383333333333,132.56866666666667,13.01,2.7,V,0.0018333333333333,0.0023333333333333,0.46,0.03,,,earthquake,depth free,high manual,24.22670912541897,-290.28323281928044,16.88730800440334,,False,2.1152646331407414
2018-04-13 22:56:09.460000,35.193666666666665,132.56983333333332,12.92,2.7,V,0.002,0.0025,0.48,0.03,,,earthquake,depth free,high manual,24.204348594273274,-290.1814633776975,16.793615052473488,,False,1.988096653368027
2018-04-13 23:08:45.530000,35.1985,132.567,12.65,0.6,V,0.0025,0.0023333333333333,0.42,0.04,,,earthquake,depth free,middle auto,24.74743772707012,-290.43072456504893,16.529935849706224,,False,2.410130984473566
2018-04-13 23:18:45.230000,35.19483333333333,132.569,12.44,0.7,V,0.0023333333333333,0.0026666666666666,0.5,0.04,,,earthquake,depth free,middle auto,24.33383419631043,-290.27040705345524,16.315916295190792,,False,1.9841030520544563
2018-04-14 00:22:25.430000,35.186499999999995,132.57933333333332,12.47,0.6,V,0.003,0.003,0.55,0.05,,,earthquake,depth free,middle auto,23.379317432332357,-289.363000385856,16.317406664951367,,False,0.7742283387009832
2018-04-14 00:35:05.800000,35.19433333333333,132.5685,10.34,0.7,V,0.0031666666666666,0.0033333333333333,0.67,0.06,,,earthquake,depth free,middle auto,24.26950331631676,-290.3946610790621,14.2193573516718,,False,2.659173697718407
2018-04-14 00:44:39.680000,35.19383333333333,132.56799999999998,12.72,1.2,V,0.0016666666666666,0.002,0.38,0.03,,,earthquake,depth free,middle auto,24.227239770752774,-290.3542758282126,16.599718574678572,,False,2.0613812425969487
2018-04-14 00:50:22.310000,35.186,132.59833333333333,12.71,0.8,V,0.0023333333333333,0.0026666666666666,0.52,0.04,,,earthquake,depth free,middle auto,23.269526268557257,-287.63479203214666,16.495066370893916,,False,1.215751516432297
2018-04-14 01:13:57.400000,35.18383333333333,132.5725,8.53,0.6,V,0.0031666666666666,0.0033333333333333,0.64,0.05,,,earthquake,depth free,middle auto,23.083463485457667,-290.1361628041718,12.40456840047866,,False,3.82370988977502
2018-04-14 01:31:56.660000,35.183499999999995,132.59366666666668,13.27,1.0,V,0.0021666666666666,0.0023333333333333,0.47,0.04,,,earthquake,depth free,middle auto,23.008724546999485,-288.0460372983774,17.071740811117863,,False,1.3112785226553254
2018-04-14 01:32:26.240000,35.186499999999995,132.5875,13.89,1.0,V,0.0026666666666666,0.0026666666666666,0.52,0.04,,,earthquake,depth free,middle auto,23.362599349210445,-288.57135720741826,17.70951129370457,,False,1.773330261876559
2018-04-14 01:56:44.930000,35.17983333333333,132.57866666666666,13.21,2.4,V,0.0018333333333333,0.0021666666666666,0.43,0.03,,,earthquake,depth free,high manual,22.6456560468442,-289.42007303502066,17.06376578244927,,False,1.4073410790514673
2018-04-14 02:03:42.670000,35.16733333333333,132.6055,8.81,0.5,V,0.0056666666666666,0.0045,1.01,0.09,,,earthquake,depth free,middle manual,21.157143938080576,-287.1928743372203,12.587492687425286,,False,4.200647912832027
2018-04-14 02:16:40.870000,35.19649999999999,132.57233333333332,10.66,0.9,v,0.003,0.0028333333333333,0.51,0.05,,,earthquake,depth free,middle auto,24.500194561692844,-290.0278241382433,14.524964287291636,,False,2.361468254451262
2018-04-14 02:21:59.400000,35.18433333333333,132.57999999999998,11.35,0.5,v,0.0063333333333333,0.0065,1.03,0.13,,,earthquake,depth free,middle auto,23.131323115291533,-289.3513107964948,15.197475479064677,,False,0.9876685654577817
2018-04-14 02:29:56.590000,35.184999999999995,132.57783333333333,13.14,0.9,V,0.0025,0.0025,0.43,0.04,,,earthquake,depth free,middle auto,23.22075240906474,-289.479701933023,16.992946222715062,,False,1.2897093992390345
2018-04-14 02:46:33.760000,35.17166666666667,132.58333333333334,8.07,0.7,V,0.0018333333333333,0.0021666666666666,0.49,0.03,,,earthquake,depth free,middle auto,21.698871836023628,-289.21426578514723,11.917696864542576,,False,4.319495341945653
2018-04-14 03:33:14.230000,35.172333333333334,132.59033333333335,12.41,0.8,V,0.0023333333333333,0.0023333333333333,0.46,0.04,,,earthquake,depth free,middle auto,21.7754554899114,-288.41899745723464,16.231196822861605,,False,1.436154643927339
2018-04-14 03:45:31.560000,35.17583333333333,132.58683333333337,10.69,0.6,V,0.0048333333333333,0.0041666666666666,0.8,0.08,,,earthquake,depth free,middle auto,22.164867176430985,-288.7864617827827,14.521379228520988,,False,1.742164125392754
2018-04-14 04:08:18.370000,35.17066666666666,132.58866666666668,11.11,1.0,V,0.0026666666666666,0.003,0.58,0.05,,,earthquake,depth free,middle auto,21.58851175204053,-288.6233541560541,14.938767440764732,,False,1.867590613499887
2018-04-14 04:15:16.840000,35.17516666666666,132.5885,9.34,0.8,V,0.0028333333333333,0.003,0.68,0.04,,,earthquake,depth free,middle auto,22.07891154003591,-288.6870237845677,13.16728296371674,,False,2.987288276790833
2018-04-14 04:39:17.290000,35.17883333333333,132.58683333333337,12.18,0.7,v,0.0053333333333333,0.0051666666666666,0.73,0.1,,,earthquake,depth free,middle auto,22.505468333478156,-288.72140966702926,16.00823456058772,,False,0.6495034657616424
2018-04-14 04:59:53.100000,35.17916666666667,132.59050000000002,8.51,0.7,V,0.0026666666666666,0.0026666666666666,0.6,0.04,,,earthquake,depth free,middle auto,22.51263657061381,-288.5217573638917,12.328417870051313,,False,3.6875720578661517
2018-04-14 05:53:53,35.17883333333333,132.57816666666668,13.52,1.2,V,0.0018333333333333,0.0023333333333333,0.43,0.03,,,earthquake,depth free,middle auto,22.53782986323157,-289.45758067715724,17.375912493699403,,False,1.7162457630166477
2018-04-14 05:59:25.640000,35.186499999999995,132.5761666666667,13.96,1.0,V,0.0036666666666666,0.0038333333333333,0.64,0.07,,,earthquake,depth free,middle auto,23.396155713147476,-289.595274036547,17.816852817353887,,False,2.0729463534089763
2018-04-14 06:21:39.310000,35.1675,132.55266666666668,10.44,0.9,V,0.0026666666666666,0.0026666666666666,0.5,0.05,,,earthquake,depth free,middle auto,21.33949235120643,-291.92214022951924,14.390899941889565,,False,4.000327088976302
2018-04-14 06:35:46.570000,35.19766666666666,132.57333333333332,11.2,1.3,V,0.0016666666666666,0.0021666666666666,0.45,0.03,,,earthquake,depth free,middle auto,24.6293258368771,-289.9132422073091,15.06049753536927,,False,2.0998809665159093
2018-04-14 06:59:47.110000,35.16883333333333,132.5855,8.28,1.2,V,0.0021666666666666,0.0025,0.56,0.03,,,earthquake,depth free,middle auto,21.3791671129708,-289.0202268033526,12.122458316702982,,False,4.233609526071074
2018-04-14 07:15:03.280000,35.13516666666666,132.601,14.0,0.5,v,0.0188333333333333,0.0201666666666666,,0.23,,,earthquake,depth slice,low auto,17.63132394793107,-287.52626935436143,17.81318364130466,,False,5.946367390862745
2018-04-14 07:24:14.920000,35.184999999999995,132.57366666666667,8.68,0.5,V,0.0025,0.0026666666666666,0.52,0.04,,,earthquake,depth free,middle auto,23.21028089828896,-290.02073239709574,12.549786147889783,,False,3.6462437840756037
2018-04-14 07:37:46.240000,35.1585,132.5701666666667,12.51,0.7,V,0.0138333333333333,0.012,2.1,0.25,,,earthquake,depth free,middle auto,20.300773281011686,-290.29203804757395,16.40788283803159,,False,3.2890781155599824
2018-04-14 07:48:22.860000,35.19433333333333,132.56716666666665,13.23,3.5,V,0.0018333333333333,0.0023333333333333,0.45,0.03,,,earthquake,depth free,high manual,24.287660281306376,-290.4092170921787,17.11179291996933,,False,2.342741726553214
2018-04-14 07:57:09.880000,35.1535,132.54,14.37,0.5,v,0.017,0.0148333333333333,3.23,0.36,,,earthquake,depth free,low auto,19.84582352010187,-292.9746456776093,18.37095227033974,,False,5.907325169400849
2018-04-14 09:37:24.500000,35.1765,132.58350000000002,10.06,1.1,V,0.0023333333333333,0.0025,0.48,0.04,,,earthquake,depth free,middle auto,22.245291161040093,-289.1092106639131,13.90232298567152,,False,2.2779819095842417
2018-04-14 09:44:09.330000,35.1875,132.59183333333334,12.42,0.6,V,0.0028333333333333,0.0028333333333333,0.53,0.05,,,earthquake,depth free,middle auto,23.453398211620623,-288.2288644219223,16.2255617697995,,False,0.6345007165745091
2018-04-14 10:08:52.220000,35.1675,132.58633333333333,8.65,0.7,v,0.0034999999999999,0.0034999999999999,0.69,0.06,,,earthquake,depth free,middle auto,21.23073679729135,-288.93590264685014,12.490429881373387,,False,3.967761808739335
2018-04-14 10:16:43.520000,35.18216666666667,132.585,12.22,1.1,V,0.0021666666666666,0.0026666666666666,0.49,0.04,,,earthquake,depth free,middle auto,22.88078355735491,-288.8741961568398,16.051900286419873,,False,0.32853749773375557
2018-04-14 10:26:10.800000,35.172999999999995,132.59666666666666,11.8,0.5,v,0.0021666666666666,0.002,0.32,0.04,,,earthquake,depth free,middle manual,21.82766883543901,-287.8649523637004,15.60032195390138,,False,1.615064222385746
2018-04-14 10:26:49.800000,35.19233333333333,132.5725,12.55,0.9,V,0.0026666666666666,0.003,0.55,0.05,,,earthquake,depth free,middle auto,24.046794150847568,-289.95826554610596,16.41594156925473,,False,1.5972840739602208
2018-04-14 10:32:43.320000,35.196,132.57083333333333,12.03,0.6,v,0.0033333333333333,0.0033333333333333,0.6,0.06,,,earthquake,depth free,middle auto,24.455839244064723,-290.11522138416024,15.899331759503683,,False,1.911670869252982
2018-04-14 10:36:55.110000,35.1905,132.583,10.65,0.5,v,0.0041666666666666,0.004,0.56,0.07,,,earthquake,depth free,middle manual,23.803145317727456,-289.08309624535354,14.483786987040965,,False,1.6493214519147874
2018-04-14 10:38:53.470000,35.16466666666666,132.58350000000002,7.45,0.9,V,0.0021666666666666,0.0025,0.64,0.03,,,earthquake,depth free,middle auto,20.91804265108,-289.24674850847657,11.302671740112832,,False,5.188017174019057
2018-04-14 11:08:35.430000,35.131,132.57166666666666,7.87,0.7,V,0.013,0.0118333333333333,2.09,0.2,,,earthquake,depth free,middle auto,17.21817409867412,-290.4247746875154,11.787414553579035,,False,7.449843675605002
2018-04-14 11:14:00.150000,35.18283333333333,132.56933333333333,9.39,2.8,V,0.0018333333333333,0.0023333333333333,0.51,0.03,,,earthquake,depth free,high manual,22.986202660798817,-290.39520096658083,13.275176996293334,,False,3.1657693086251975
2018-04-14 11:31:15.230000,35.16733333333333,132.59433333333334,8.21,0.5,v,0.0026666666666666,0.003,0.64,0.04,,,earthquake,depth free,middle auto,21.18646092011314,-288.22716120505856,12.024516602094142,,False,4.421916251594859
2018-04-14 11:31:56.700000,35.168166666666664,132.59466666666668,9.91,1.6,V,0.0018333333333333,0.0021666666666666,0.49,0.03,,,earthquake,depth free,middle auto,21.28715016889896,-288.1321132414538,13.721662716292563,,False,2.9681324419286503
2018-04-14 12:00:58.180000,35.16866666666667,132.58350000000002,7.8,1.1,V,0.0021666666666666,0.0026666666666666,0.62,0.03,,,earthquake,depth free,middle manual,21.363947003762643,-289.21970804287895,11.64950578820309,,False,4.689013447162733
2018-04-14 12:01:02.580000,35.16833333333333,132.58483333333334,8.35,1.4,V,0.0023333333333333,0.0026666666666666,0.6,0.04,,,earthquake,depth free,middle manual,21.326001830007876,-289.0798975711034,12.194973457808656,,False,4.195712643975589
2018-04-14 12:33:19.180000,35.18833333333333,132.58833333333334,11.64,0.9,v,0.0063333333333333,0.0051666666666666,1.01,0.11,,,earthquake,depth free,middle auto,23.552129578261567,-288.57142188959597,15.45702780265075,,False,0.6546503162826466
2018-04-14 13:26:02.470000,35.15116666666667,132.60433333333333,9.2,0.8,V,0.0025,0.0028333333333333,0.61,0.04,,,earthquake,depth free,middle auto,19.36854761709315,-287.3416994922116,12.9930941706591,,False,4.998451616298088
2018-04-14 15:03:34.420000,35.18066666666667,132.59300000000002,11.46,1.1,V,0.0026666666666666,0.0028333333333333,0.55,0.04,,,earthquake,depth free,middle auto,22.687075396986327,-288.18238207536587,15.267140671755213,,False,0.9879620642452468
2018-04-14 15:12:41.310000,35.1825,132.6165,9.2,0.5,v,0.0033333333333333,0.0028333333333333,0.68,0.05,,,earthquake,depth free,middle auto,22.81043072462414,-286.12799664131364,12.930486290216509,,False,3.9961445005389096
2018-04-14 15:13:08.240000,35.088,132.70016666666666,9.67,0.8,v,0.0025,0.002,0.87,0.05,,,earthquake,depth free,middle auto,12.086748961326938,-278.8513017674463,13.206637173095002,,False,15.078195924256894
2018-04-14 16:03:51.790000,35.169999999999995,132.58733333333333,11.73,1.0,V,0.0036666666666666,0.0036666666666666,0.64,0.06,,,earthquake,depth free,middle auto,21.52177379343445,-288.72393754637704,15.563219187120954,,False,1.6773213579801813
2018-04-14 16:22:09.400000,35.159166666666664,132.57466666666667,11.05,0.5,v,0.0041666666666666,0.0038333333333333,0.66,0.07,,,earthquake,depth free,middle auto,20.35339782695636,-289.93541455826585,14.933481331030215,,False,3.2190720766685765
2018-04-14 16:28:08.370000,35.183,132.60716666666667,12.05,1.0,v,0.0033333333333333,0.0036666666666666,0.8,0.06,,,earthquake,depth free,middle auto,22.907676381654472,-286.86906939432913,15.808685298586465,,False,1.8704027623900186
2018-04-14 17:12:08.990000,35.17633333333333,132.59650000000002,10.38,1.7,V,0.0023333333333333,0.0026666666666666,0.57,0.04,,,earthquake,depth free,high manual,22.190463916269177,-287.91986873213546,14.179443360977873,,False,2.171168331186899
2018-04-14 18:01:08.110000,35.17666666666666,132.57833333333332,13.03,1.4,V,0.002,0.0021666666666666,0.41,0.03,,,earthquake,depth free,middle auto,22.29449239014868,-289.46815099012616,16.887235109612345,,False,1.4729341912089806
2018-04-14 18:37:39.320000,35.18933333333333,132.567,9.06,0.6,v,0.003,0.0031666666666666,0.6,0.05,,,earthquake,depth free,middle auto,23.712731156358704,-290.5955531458561,12.948634120009824,,False,3.5884404166300743
2018-04-14 18:38:38.740000,35.187999999999995,132.5656666666667,9.34,0.8,V,0.0026666666666666,0.0026666666666666,0.52,0.05,,,earthquake,depth free,middle auto,23.57009954781591,-290.71087622258597,13.23378912765303,,False,3.3986560333220646
2018-04-14 18:52:25.790000,35.16733333333333,132.59216666666669,8.39,2.5,V,0.0018333333333333,0.0023333333333333,0.57,0.03,,,earthquake,depth free,high manual,21.1937660257989,-288.41706701342764,12.211518688742354,,False,4.235507018676798
2018-04-14 18:59:53.200000,35.199,132.56516666666667,10.45,0.6,v,0.003,0.0034999999999999,0.74,0.06,,,earthquake,depth free,middle auto,24.797639658538728,-290.67593543816326,14.337202205629746,,False,3.026079467138179
2018-04-14 19:16:55.610000,35.169333333333334,132.59183333333334,11.83,0.8,V,0.0025,0.0028333333333333,0.51,0.04,,,earthquake,depth free,middle auto,21.435198792352143,-288.3148638073807,15.648825812083142,,False,1.7904607080666848
2018-04-14 19:21:44.110000,35.18883333333333,132.57666666666665,12.91,0.9,v,0.0056666666666666,0.0053333333333333,0.9,0.1,,,earthquake,depth free,middle auto,23.648159783236395,-289.58013280929015,16.764306472603817,,False,1.2825127421017701
2018-04-14 20:26:12.280000,35.195166666666665,132.60216666666665,13.32,1.1,v,0.003,0.003,0.57,0.05,,,earthquake,depth free,middle auto,24.27808021018245,-287.23295408641036,17.08582867680308,,False,2.1794258595932514
2018-04-14 20:50:06.500000,35.170833333333334,132.59650000000002,7.92,0.6,V,0.0026666666666666,0.0033333333333333,0.8,0.05,,,earthquake,depth free,middle manual,21.567056547629644,-288.028828289011,11.72505180267288,,False,4.569347850676922
2018-04-14 20:56:47.870000,35.17483333333333,132.591,8.41,0.5,V,0.0038333333333333,0.0038333333333333,0.8,0.06,,,earthquake,depth free,middle auto,22.02970223110611,-288.4954722092096,12.22992270893513,,False,3.8967570072617814
2018-04-14 20:59:19.610000,35.180499999999995,132.60899999999998,12.02,1.0,V,0.0026666666666666,0.0026666666666666,0.59,0.05,,,earthquake,depth free,middle auto,22.62487690615165,-286.7128774719748,15.774469492581344,,False,2.080866177184439
2018-04-14 21:10:54.120000,35.1625,132.598,12.98,0.8,V,0.002,0.0021666666666666,0.4,0.03,,,earthquake,depth free,middle auto,20.665497703884217,-287.7384453192095,16.78280009728559,,False,2.7983683970296824
2018-04-14 21:26:36.300000,35.18283333333333,132.59116666666668,12.98,1.5,V,0.0018333333333333,0.0021666666666666,0.42,0.03,,,earthquake,depth free,middle auto,22.940599476338736,-288.28543274051566,16.790617790186435,,False,0.9646169901127513
2018-04-14 21:56:44.170000,35.19,132.5685,10.38,0.7,V,0.0036666666666666,0.0036666666666666,0.69,0.06,,,earthquake,depth free,middle auto,23.78889983611618,-290.40869954261746,14.262288017868906,,False,2.475657912247381
2018-04-14 22:16:44.830000,35.190666666666665,132.5865,12.19,1.0,v,0.0038333333333333,0.0038333333333333,0.73,0.07,,,earthquake,depth free,middle auto,23.81908416022352,-288.7091521616115,16.011088773204676,,False,0.6687647067113742
2018-04-14 22:40:26.950000,35.19916666666666,132.56683333333334,13.76,0.9,v,0.0036666666666666,0.004,0.75,0.06,,,earthquake,depth free,middle auto,24.827243685935105,-290.4026185232187,17.63927887250053,,False,2.9122122734739877
2018-04-14 22:45:28.340000,35.19716666666666,132.5715,9.96,0.9,V,0.0023333333333333,0.0025,0.53,0.04,,,earthquake,depth free,middle auto,24.573196566064485,-290.12663898697184,13.827756263616529,,False,2.92011600526908
2018-04-14 23:08:42.540000,35.16566666666667,132.58533333333335,8.8,0.8,V,0.0036666666666666,0.0036666666666666,0.74,0.06,,,earthquake,depth free,middle auto,21.031009179102288,-289.0276171767359,12.64496643663506,,False,3.9436534750538574
2018-04-15 00:06:44.650000,35.1665,132.59666666666666,7.94,1.5,V,0.0018333333333333,0.0023333333333333,0.56,0.03,,,earthquake,depth free,middle auto,21.0856886462678,-288.02835949471216,11.74764258806788,,False,4.737859659291783
2018-04-15 00:45:49.200000,35.184,132.58033333333333,11.2,0.8,v,0.0055,0.0045,0.97,0.1,,,earthquake,depth free,middle auto,23.09259990478621,-289.32778351902823,15.04670951259091,,False,1.0956491144296416
2018-04-15 01:35:41,35.16283333333333,132.58666666666667,7.08,1.2,V,0.0018333333333333,0.0021666666666666,0.55,0.03,,,earthquake,depth free,middle auto,20.703224559412934,-288.97960042900996,10.923828460459411,,False,5.601672907992364
2018-04-15 02:47:49.650000,35.17333333333333,132.58166666666665,8.99,1.9,V,0.002,0.0025,0.57,0.03,,,earthquake,depth free,high manual,21.893623438928344,-289.32579693684386,12.841370716275575,,False,3.4129589323814944
2018-04-15 03:15:59.640000,35.18483333333333,132.569,9.52,1.0,V,0.002,0.0021666666666666,0.47,0.03,,,earthquake,depth free,middle auto,23.20978797167172,-290.41348026476606,13.404795703247672,,False,3.0629132026471355
2018-04-15 04:18:56.150000,35.1815,132.60733333333332,10.67,1.8,V,0.0018333333333333,0.0023333333333333,0.5,0.03,,,earthquake,depth free,high manual,22.73367235695332,-286.9092303290268,14.430113975095995,,False,2.4021271804578737
2018-04-15 04:47:35.250000,35.189,132.57,11.93,0.7,v,0.0078333333333333,0.0065,0.79,0.13,,,earthquake,depth free,middle auto,23.681311193729723,-290.21941769709355,15.806934852589482,,False,1.5989719686885282
2018-04-15 05:06:50.550000,35.190666666666665,132.57716666666667,12.29,1.1,v,0.0031666666666666,0.0033333333333333,0.64,0.05,,,earthquake,depth free,middle auto,23.846932032486116,-289.55101013507834,16.141818378496907,,False,1.1006744136073006
2018-04-15 05:23:12.970000,35.18566666666666,132.57466666666667,10.38,2.1,V,0.0018333333333333,0.0023333333333333,0.48,0.03,,,earthquake,depth free,high manual,23.289965630615686,-289.8653704384147,14.24484546494666,,False,2.0639564381043844
2018-04-15 07:53:54.160000,35.16766666666666,132.59650000000002,8.31,1.0,V,0.0025,0.0025,0.59,0.03,,,earthquake,depth free,middle auto,21.217671247001977,-288.0258791850324,12.11708768408646,,False,4.35321087231958
2018-04-15 08:19:01.810000,35.16916666666666,132.59366666666668,9.01,1.0,V,0.003,0.0033333333333333,0.75,0.05,,,earthquake,depth free,middle auto,21.396195542566595,-288.25197837419637,12.82483112853344,,False,3.6191860401191764
2018-04-15 08:26:27.200000,35.149,132.59533333333334,12.22,0.6,V,0.0125,0.0128333333333333,2.5,0.23,,,earthquake,depth free,middle auto,19.171649285462365,-288.0555942228945,16.042215346324127,,False,4.036715411668702
2018-04-15 09:01:26.960000,35.18233333333333,132.58800000000002,13.66,1.3,V,0.0015,0.002,0.36,0.03,,,earthquake,depth free,middle auto,22.89789861870035,-288.5492719304798,17.48092370185989,,False,1.5564602296478798
2018-04-15 09:16:52.410000,35.17783333333333,132.58016666666666,10.28,1.1,V,0.0034999999999999,0.0033333333333333,0.67,0.06,,,earthquake,depth free,middle auto,22.404157939543293,-289.3985325238164,14.132229174761084,,False,2.0846018626723586
2018-04-15 09:33:27.910000,35.16983333333333,132.595,14.02,1.3,V,0.0018333333333333,0.002,0.37,0.03,,,earthquake,depth free,middle auto,21.49316404307551,-287.9464383183401,17.826576127760806,,False,2.617773334183892
2018-04-15 09:34:52.800000,35.18583333333333,132.57816666666668,10.06,0.9,V,0.0088333333333333,0.008,1.6,0.14,,,earthquake,depth free,middle auto,23.296556402697423,-289.55931452022065,13.913370765022764,,False,2.212759487007457
2018-04-15 09:40:40.680000,35.177499999999995,132.57533333333333,9.42,1.3,V,0.002,0.0021666666666666,0.43,0.03,,,earthquake,depth free,middle auto,22.37686905812163,-289.8693097403999,13.289037541791032,,False,3.005717924524141
2018-04-15 09:47:37.410000,35.181,132.57933333333332,8.84,0.8,v,0.0028333333333333,0.0031666666666666,0.63,0.04,,,earthquake,depth free,middle auto,22.750528701172417,-289.51547557196903,12.69372808455431,,False,3.3811978850378015
2018-04-15 09:50:04.190000,35.190999999999995,132.56683333333334,10.32,2.7,V,0.002,0.0025,0.53,0.03,,,earthquake,depth free,high manual,23.904461554933423,-290.5583536948232,14.207175045049574,,False,2.6471519227197584
2018-04-15 11:00:37.500000,35.19883333333333,132.5735,11.32,1.3,V,0.0028333333333333,0.003,0.59,0.04,,,earthquake,depth free,middle auto,24.758847899767595,-289.88957278086673,15.17908123242639,,False,2.134177577865317
2018-04-15 11:44:00.780000,35.189,132.5695,11.96,1.1,V,0.0023333333333333,0.003,0.48,0.04,,,earthquake,depth free,middle auto,23.682932492839516,-290.2636136234195,15.838571991140926,,False,1.638529975247636
2018-04-15 11:55:54.330000,35.184999999999995,132.5995,13.01,0.9,v,0.0103333333333333,0.008,1.4,0.18,,,earthquake,depth free,middle auto,23.156742389618493,-287.52175159505833,16.7917346557678,,False,1.459666519144462
2018-04-15 12:05:48.870000,35.20166666666667,132.57233333333332,13.4,1.0,V,0.0086666666666666,0.0088333333333333,1.55,0.15,,,earthquake,depth free,middle auto,25.086581784313505,-289.90882097845906,17.25963088581223,,False,2.619450074586763
2018-04-15 12:42:20.130000,35.16983333333333,132.59083333333334,11.07,1.0,V,0.002,0.0021666666666666,0.44,0.03,,,earthquake,depth free,middle auto,21.4895100727173,-288.4314073915947,14.89226759471074,,False,1.9942631882317698
2018-04-15 13:19:39.340000,35.19766666666666,132.56483333333335,12.5,0.8,V,0.0034999999999999,0.0038333333333333,0.63,0.06,,,earthquake,depth free,middle auto,24.660658722650258,-290.6354754679299,16.387791186397006,,False,2.477826811397553
2018-04-15 13:41:27.460000,35.17166666666667,132.58116666666666,9.02,0.6,v,0.0026666666666666,0.0028333333333333,0.62,0.04,,,earthquake,depth free,middle auto,21.710285461171157,-289.37596790030653,12.87420217752161,,False,3.4646480306124197
2018-04-15 13:51:36.700000,35.137166666666666,132.585,9.45,0.5,V,0.0126666666666666,0.0123333333333333,2.32,0.22,,,earthquake,depth free,low auto,17.872861913967824,-289.1355010002592,13.317310797094242,,False,5.91674233106906
2018-04-15 14:10:13.810000,35.163,132.55216666666666,10.41,0.9,v,0.0148333333333333,0.015,2.48,0.28,,,earthquake,depth free,middle auto,20.841523646736263,-291.9847482932527,14.36590013911612,,False,4.305865792849635
2018-04-15 14:43:24.750000,35.177166666666665,132.595,9.95,1.0,V,0.0023333333333333,0.0026666666666666,0.55,0.04,,,earthquake,depth free,middle auto,22.285052536422537,-288.06850746034957,13.7540661471568,,False,2.4529774993698163
2018-04-15 15:43:23.110000,35.177499999999995,132.57583333333332,9.0,1.7,V,0.0018333333333333,0.0023333333333333,0.51,0.03,,,earthquake,depth free,high manual,22.373206891394076,-289.83938202792103,12.867670611545174,,False,3.375797524728603
2018-04-15 16:57:18.820000,35.183166666666665,132.57933333333332,13.27,1.1,V,0.0015,0.0018333333333333,0.36,0.03,,,earthquake,depth free,middle auto,23.013691324953527,-289.34560290416016,17.119180718712734,,False,1.3303019902606013
2018-04-15 17:11:37.300000,35.1945,132.57183333333333,11.68,0.6,v,0.0036666666666666,0.0041666666666666,0.75,0.06,,,earthquake,depth free,middle auto,24.284788202123725,-290.0428416825405,15.547273212663216,,False,1.7899219556577353
2018-04-15 17:12:23.770000,35.1665,132.59083333333334,8.85,0.8,V,0.0023333333333333,0.0023333333333333,0.5,0.04,,,earthquake,depth free,middle auto,21.107667205128013,-288.52415907539796,12.676202348171143,,False,3.8689128499862475
2018-04-15 17:31:27.120000,35.17033333333333,132.59066666666666,10.9,0.6,v,0.0055,0.005,0.78,0.1,,,earthquake,depth free,middle auto,21.5445583505379,-288.4509325287869,14.722569054600656,,False,2.0434276306741834
2018-04-15 17:42:47.800000,35.195166666666665,132.57283333333334,13.9,0.6,v,0.003,0.003,0.58,0.05,,,earthquake,depth free,middle auto,24.366709515460837,-289.868419788566,17.761988320692556,,False,2.4625830700829496
2018-04-15 17:52:00.130000,35.1885,132.57083333333333,11.84,1.1,V,0.0023333333333333,0.0023333333333333,0.45,0.04,,,earthquake,depth free,middle auto,23.622944466128907,-290.1490131999785,15.714578956540908,,False,1.525690306889246
2018-04-15 18:38:41.900000,35.169333333333334,132.5945,9.38,1.5,V,0.0023333333333333,0.0025,0.55,0.03,,,earthquake,depth free,middle auto,21.41424574683208,-288.16237000091024,13.1917208868778,,False,3.3113219292693756
2018-04-15 18:53:01.230000,35.17733333333333,132.58333333333334,8.99,0.9,V,0.0028333333333333,0.003,0.63,0.04,,,earthquake,depth free,middle auto,22.33265158772827,-289.16045514069106,12.833009369700342,,False,3.2578819298017456
2018-04-15 19:37:13.250000,35.19316666666666,132.57433333333333,12.26,1.1,V,0.0028333333333333,0.0026666666666666,0.5,0.05,,,earthquake,depth free,middle auto,24.132403647156465,-289.7998525529081,16.11950359795743,,False,1.4690704424561798
2018-04-15 20:56:21.960000,35.164,132.58833333333334,9.43,0.8,V,0.0021666666666666,0.0025,0.52,0.03,,,earthquake,depth free,middle auto,20.84069699808832,-288.7385542710073,13.26587418035251,,False,3.5462584166838527
2018-04-15 22:18:45.190000,35.165166666666664,132.59400000000002,7.55,0.9,V,0.0025,0.0026666666666666,0.68,0.04,,,earthquake,depth free,middle auto,20.943356923006142,-288.28910317631846,11.367645578678651,,False,5.109433200582881
2018-04-15 22:20:43.240000,35.166999999999994,132.59266666666667,7.9,0.8,V,0.0025,0.0026666666666666,0.7,0.04,,,earthquake,depth free,middle auto,21.152655641072947,-288.3907605592375,11.720449863442338,,False,4.694280886995625
2018-04-15 23:42:41.880000,35.17633333333333,132.58733333333333,10.86,1.0,V,0.0023333333333333,0.0023333333333333,0.46,0.04,,,earthquake,depth free,middle auto,22.21977054176385,-288.73316507861455,14.689259963114983,,False,1.5722897250696786
2018-04-15 23:44:51.700000,35.2,132.5685,9.65,0.8,V,0.0021666666666666,0.0025,0.57,0.04,,,earthquake,depth free,middle auto,24.894916484711135,-290.3997336113485,13.526017858841342,,False,3.429775876774432
2018-04-15 23:47:41.940000,35.200500000000005,132.59383333333335,10.32,1.3,V,0.002,0.0023333333333333,0.53,0.03,,,earthquake,depth free,middle auto,24.87936749436439,-288.0779431358704,14.111593388587377,,False,2.6052775843733027
2018-04-16 00:11:35.850000,35.17583333333333,132.58800000000002,9.54,0.8,V,0.002,0.0025,0.54,0.03,,,earthquake,depth free,middle auto,22.15540776261733,-288.7226813054916,13.36831770658709,,False,2.772041763961166
2018-04-16 00:12:30.690000,35.176833333333335,132.608,12.48,0.9,v,0.0026666666666666,0.0031666666666666,0.63,0.05,,,earthquake,depth free,middle auto,22.223466407300243,-286.79978856383747,16.24002003775074,,False,2.1500970764848435
2018-04-16 00:43:27.500000,35.17766666666667,132.61033333333333,12.52,1.6,V,0.0016666666666666,0.002,0.4,0.03,,,earthquake,depth free,middle auto,22.30932862888684,-286.5839889862265,16.27178364096222,,False,2.316059433890277
2018-04-16 00:44:55.890000,35.19633333333333,132.56833333333333,12.36,0.9,V,0.0028333333333333,0.0033333333333333,0.61,0.05,,,earthquake,depth free,middle auto,24.50178140787359,-290.3283680967249,16.237168506472482,,False,2.1199694566826226
2018-04-16 01:07:46.880000,35.1915,132.57483333333332,11.88,0.8,V,0.0031666666666666,0.0034999999999999,0.62,0.06,,,earthquake,depth free,middle auto,23.94417483353004,-289.77444136678446,15.7392457243632,,False,1.337804633441562
2018-04-16 01:50:03.850000,35.18983333333333,132.56633333333335,9.25,0.5,v,0.0025,0.0031666666666666,0.63,0.04,,,earthquake,depth free,middle auto,23.771133852173723,-290.64719775717344,13.140373214389063,,False,3.46790414567518
2018-04-16 02:33:53.860000,35.223333333333336,132.55433333333335,11.75,0.8,v,0.0034999999999999,0.0048333333333333,0.91,0.06,,,earthquake,depth free,middle auto,27.535186897229927,-291.5219750787987,15.656634207809088,,False,5.211447193240321
2018-04-16 02:52:26.450000,35.166333333333334,132.59083333333334,9.27,0.8,V,0.0023333333333333,0.003,0.62,0.04,,,earthquake,depth free,middle auto,21.091448372202073,-288.5094435129522,13.096039076733094,,False,3.53049186243088
2018-04-16 03:05:55.590000,35.187999999999995,132.5855,13.87,0.9,V,0.0025,0.003,0.5,0.04,,,earthquake,depth free,middle auto,23.534688995225395,-288.74789561515075,17.695074356187856,,False,1.7820259269209415
2018-04-16 03:56:31.750000,35.16466666666666,132.5956666666667,12.14,1.6,V,0.0015,0.0018333333333333,0.37,0.03,,,earthquake,depth free,middle auto,20.908025337007725,-287.9727524841045,15.949428814591489,,False,2.3650805556378947
2018-04-16 04:02:28.600000,35.183,132.58466666666666,12.64,1.4,V,0.0016666666666666,0.0021666666666666,0.4,0.03,,,earthquake,depth free,middle auto,22.976349497614624,-288.8860897553754,16.472129622757894,,False,0.5720320017629602
2018-04-16 04:39:41.130000,35.18566666666666,132.57516666666666,10.43,2.0,V,0.0018333333333333,0.0023333333333333,0.5,0.03,,,earthquake,depth free,high manual,23.28875081626567,-289.8182262969497,14.293156295738092,,False,1.9976754050972187
2018-04-16 05:19:19.810000,35.19316666666666,132.57666666666665,10.34,0.8,V,0.0048333333333333,0.0063333333333333,1.17,0.09,,,earthquake,depth free,middle auto,24.116050600125263,-289.6588192278608,14.193097728218987,,False,2.2174728450435177
2018-04-16 06:56:03.920000,35.16566666666667,132.595,11.24,0.6,V,0.0045,0.0045,0.84,0.08,,,earthquake,depth free,middle auto,21.016001431349117,-288.0623700477261,15.051493495963948,,False,2.4105679369580533
2018-04-16 07:13:38.780000,35.18116666666666,132.61233333333334,6.51,0.5,V,0.003,0.0033333333333333,1.02,0.04,,,earthquake,depth free,middle auto,22.66063340604684,-286.6075896233472,10.25679563927712,,False,6.095953417077769
2018-04-16 07:19:03,35.20116666666667,132.57083333333333,11.23,1.7,V,0.002,0.0023333333333333,0.5,0.03,,,earthquake,depth free,high manual,25.02510777539892,-290.12611635649193,15.09641884213796,,False,2.4952667255161316
2018-04-16 07:19:19.740000,35.192499999999995,132.57866666666666,10.71,0.8,V,0.0026666666666666,0.0026666666666666,0.47,0.04,,,earthquake,depth free,low manual,24.038046874520973,-289.46642400315653,14.556687152936894,,False,1.816317136634179
2018-04-16 07:20:36.120000,35.1815,132.58950000000002,13.82,2.4,V,0.0016666666666666,0.002,0.39,0.03,,,earthquake,depth free,high manual,22.80192429888019,-288.4105288933839,17.63646392672616,,False,1.7451696100402816
2018-04-16 07:21:26.160000,35.20116666666667,132.57333333333332,10.52,0.5,V,0.0048333333333333,0.004,0.83,0.08,,,earthquake,depth free,middle manual,25.014345909850626,-289.925675056085,14.378623750099992,,False,2.7219655823555255
2018-04-16 08:00:27.500000,35.18483333333333,132.59300000000002,12.63,0.6,V,0.0028333333333333,0.0028333333333333,0.54,0.05,,,earthquake,depth free,middle auto,23.155277896606567,-288.12499449594543,16.433434106177778,,False,0.7617981072579514
2018-04-16 08:31:52.170000,35.18133333333333,132.58450000000002,11.15,0.5,v,0.0033333333333333,0.004,0.56,0.08,,,earthquake,depth free,middle manual,22.78429171809772,-288.96154845177153,14.9848618082076,,False,1.06579151922786
2018-04-16 08:56:35.990000,35.15783333333333,132.606,10.57,0.8,V,0.0026666666666666,0.0028333333333333,0.57,0.04,,,earthquake,depth free,middle auto,20.11117511278469,-287.11735650609296,14.351690288289896,,False,3.7923138531358926
2018-04-16 09:01:18.440000,35.199666666666666,132.56633333333335,12.86,0.8,V,0.004,0.0041666666666666,0.67,0.07,,,earthquake,depth free,middle auto,24.879814756954666,-290.4792074410246,16.74122319324015,,False,2.589330681111291
2018-04-16 09:10:39.550000,35.16833333333333,132.592,9.02,1.3,V,0.0021666666666666,0.0028333333333333,0.59,0.04,,,earthquake,depth free,middle auto,21.30863793830219,-288.4056766192345,12.840910567343911,,False,3.6323374276627964
2018-04-16 09:11:25.550000,35.1785,132.58266666666665,10.79,0.5,V,0.0034999999999999,0.0043333333333333,0.78,0.09,,,earthquake,depth free,middle auto,22.473454861959684,-289.15093142362906,14.633153990255552,,False,1.5478299950147534
2018-04-16 10:01:53.350000,35.186,132.57233333333332,8.52,0.9,V,0.0046666666666666,0.0061666666666666,1.31,0.08,,,earthquake,depth free,middle auto,23.324373205853583,-290.143892132004,12.393618013012752,,False,3.8399570486333543
2018-04-16 10:04:39.960000,35.161833333333334,132.59650000000002,10.91,0.7,V,0.0068333333333333,0.0056666666666666,1.1,0.11,,,earthquake,depth free,middle auto,20.584537880543323,-287.95201054061073,14.719614782519647,,False,2.950817825491163
2018-04-16 10:06:21.340000,35.173833333333334,132.59483333333336,12.32,0.6,V,0.0031666666666666,0.0028333333333333,0.6,0.06,,,earthquake,depth free,middle auto,21.92821390802139,-288.0092082813134,16.125390651807404,,False,1.424928863731372
2018-04-16 10:12:06.520000,35.177166666666665,132.584,7.58,0.5,V,0.0088333333333333,0.0101666666666666,2.51,0.14,,,earthquake,depth free,middle auto,22.304824710145738,-289.15213294050284,11.421888964178766,,False,4.631889202059936
2018-04-16 10:50:07.830000,35.19083333333333,132.57816666666668,10.27,0.9,V,0.0025,0.0033333333333333,0.78,0.05,,,earthquake,depth free,middle auto,23.852403710008627,-289.53378564564923,14.119778752264171,,False,2.126667178030086
2018-04-16 11:04:13.640000,35.17583333333333,132.59083333333334,12.27,0.7,v,0.0033333333333333,0.0025,0.48,0.06,,,earthquake,depth free,middle auto,22.161475090625093,-288.3663641171762,16.087139315592133,,False,1.0599633165275542
2018-04-16 11:04:42.420000,35.187666666666665,132.56616666666667,8.22,0.6,v,0.0036666666666666,0.004,0.8,0.06,,,earthquake,depth free,middle auto,23.525990557865363,-290.7079540702033,12.11313092348404,,False,4.342660359926162
2018-04-16 12:01:18.240000,35.203,132.56633333333335,13.39,0.7,V,0.005,0.0045,0.73,0.08,,,earthquake,depth free,middle auto,25.252046786069855,-290.4477812890627,17.268642850502957,,False,3.0210915638678975
2018-04-16 12:01:27.990000,35.178,132.64766666666665,7.21,0.9,v,0.0026666666666666,0.0023333333333333,0.77,0.04,,,earthquake,depth free,middle auto,22.21065518362773,-283.3894424934091,10.84405452475927,,False,7.442822357584718
2018-04-16 12:35:39.480000,35.172,132.58233333333334,9.23,1.1,V,0.0016666666666666,0.002,0.45,0.03,,,earthquake,depth free,middle auto,21.744974394388755,-289.26133417538796,13.079965543103068,,False,3.2468032610057502
2018-04-16 13:18:50.920000,35.07983333333333,132.61666666666667,14.87,0.6,v,0.0209999999999999,0.016,3.37,0.41,,,earthquake,depth free,middle auto,11.45582773143368,-286.2695951631009,18.678132611746417,,False,12.256739762912487
2018-04-16 13:47:41.470000,35.15983333333333,132.59883333333337,9.01,0.5,V,0.004,0.0031666666666666,0.76,0.07,,,earthquake,depth free,middle auto,20.345312107599938,-287.8166345625342,12.81472658494137,,False,4.307321073967541
2018-04-16 16:36:48.230000,35.19483333333333,132.5625,10.18,0.8,V,0.0026666666666666,0.0033333333333333,0.65,0.04,,,earthquake,depth free,middle auto,24.34186991072542,-290.9424368942843,14.07905847793196,,False,3.143576903520055
2018-04-16 17:34:58.630000,35.184999999999995,132.538,14.05,0.8,v,0.015,0.0201666666666666,2.94,0.29,,,earthquake,depth free,middle auto,23.34295472182342,-293.0540607565221,18.034961958230152,,False,4.813374631096458
2018-04-16 18:27:08.490000,35.18866666666666,132.56533333333334,11.42,0.5,V,0.0041666666666666,0.0041666666666666,0.66,0.09,,,earthquake,depth free,middle auto,23.655509936598047,-290.6621596098311,15.313001411371436,,False,2.108538537724533
2018-04-16 18:46:02.390000,35.18483333333333,132.57233333333332,8.83,0.9,V,0.0023333333333333,0.0025,0.48,0.04,,,earthquake,depth free,middle auto,23.196467703228123,-290.1366860848883,12.704216882845978,,False,3.5470472968753954
2018-04-16 18:51:51.830000,35.175333333333334,132.58983333333333,10.13,0.6,V,0.0026666666666666,0.003,0.7,0.05,,,earthquake,depth free,middle auto,22.09766702244286,-288.5367643612662,13.952237814397773,,False,2.2706495986349204
2018-04-16 19:54:21.420000,35.16083333333333,132.57083333333333,14.41,1.2,V,0.0051666666666666,0.0075,1.14,0.11,,,earthquake,depth free,middle auto,20.568087650849854,-290.1534903319148,18.302622314826568,,False,3.7755715819184434
2018-04-16 20:48:53.290000,35.18266666666666,132.582,12.64,0.6,V,0.0026666666666666,0.0026666666666666,0.49,0.05,,,earthquake,depth free,middle auto,22.947188239052466,-289.12886041925924,16.481157406677738,,False,0.6989531373166237
2018-04-16 20:55:37.780000,35.19283333333333,132.57166666666666,10.47,0.6,V,0.0028333333333333,0.003,0.56,0.05,,,earthquake,depth free,middle auto,24.094399570833037,-290.1083118170316,14.339788054239756,,False,2.3299850793328036
2018-04-16 21:20:15.170000,35.162166666666664,132.585,9.73,0.7,V,0.0028333333333333,0.0028333333333333,0.57,0.05,,,earthquake,depth free,middle auto,20.648658621791174,-289.03632239703967,13.57801003498562,,False,3.4671087833429324
2018-04-16 21:33:47.570000,35.16833333333333,132.5885,16.32,0.6,V,0.0141666666666666,0.0139999999999999,2.36,0.26,,,earthquake,depth free,middle auto,21.3582063756743,-288.456696916835,20.1474659918261,,False,4.56810150819243
2018-04-16 22:02:48.160000,35.19333333333333,132.57083333333333,10.23,2.1,V,0.0021666666666666,0.0028333333333333,0.61,0.04,,,earthquake,depth free,high manual,24.151139859777157,-290.1908463670661,14.102374273785005,,False,2.568748188501426
2018-04-16 22:07:18.610000,35.18716666666666,132.58066666666667,12.96,0.9,V,0.0026666666666666,0.003,0.58,0.04,,,earthquake,depth free,middle auto,23.451830819399767,-289.2219108898286,16.802208059753323,,False,1.0305441070558008
2018-04-17 00:05:49.800000,35.17183333333333,132.5985,8.14,0.8,V,0.002,0.0025,0.63,0.03,,,earthquake,depth free,middle auto,21.673390240582354,-287.8359380178041,11.937616111831108,,False,4.370694044331432
2018-04-17 00:33:18.660000,35.18033333333333,132.606,10.02,1.0,V,0.002,0.0023333333333333,0.51,0.03,,,earthquake,depth free,middle auto,22.604737117423603,-287.0577344674603,13.785727953351223,,False,2.7856725065431975
2018-04-17 00:42:05.570000,35.195166666666665,132.57566666666665,10.78,0.6,V,0.0046666666666666,0.004,0.79,0.09,,,earthquake,depth free,middle auto,24.34305877027872,-289.72616713932376,14.634747800049867,,False,2.043623796161109
2018-04-17 01:23:09.910000,35.189,132.5735,12.07,1.0,V,0.0016666666666666,0.002,0.4,0.03,,,earthquake,depth free,middle auto,23.671725316052832,-289.8971952666835,15.935243497456757,,False,1.2888708650622247
2018-04-17 02:10:41.930000,35.17983333333333,132.5755,8.85,2.4,V,0.0016666666666666,0.0021666666666666,0.5,0.03,,,earthquake,depth free,high manual,22.63235798310595,-289.866765718243,12.717223204909391,,False,3.4745975659395283
2018-04-17 02:19:29.890000,35.19483333333333,132.56433333333334,10.96,1.5,V,0.0015,0.002,0.39,0.03,,,earthquake,depth free,middle auto,24.340298753125932,-290.74760038865276,14.85242580176725,,False,2.5973602687367205
2018-04-17 03:15:43.710000,35.184,132.57999999999998,11.8,0.6,V,0.0023333333333333,0.0026666666666666,0.52,0.04,,,earthquake,depth free,middle auto,23.09664381573731,-289.3360329521941,15.647400760244327,,False,0.6928713384980569
2018-04-17 03:53:09.590000,35.16433333333333,132.58983333333333,8.32,0.9,V,0.0021666666666666,0.0025,0.59,0.03,,,earthquake,depth free,middle auto,20.8672399454513,-288.64185124128426,12.151444039443486,,False,4.43781875415207
2018-04-17 03:58:22.690000,35.2145,132.55450000000002,12.3,0.6,v,0.0026666666666666,0.003,0.51,0.05,,,earthquake,depth free,middle auto,26.55732641160936,-291.5183275932021,16.211273945757767,,False,4.41600391486863
2018-04-17 04:18:29.470000,35.181,132.57933333333332,13.02,1.0,V,0.0016666666666666,0.0021666666666666,0.4,0.03,,,earthquake,depth free,middle auto,22.77210898790613,-289.36247654624884,16.87087131759672,,False,1.1832579658404656
2018-04-17 04:21:29.200000,35.205333333333336,132.61783333333335,10.36,0.8,V,0.0023333333333333,0.0025,0.54,0.04,,,earthquake,depth free,middle auto,25.346041297060527,-285.884849431988,14.069910772929196,,False,4.048139798827016
2018-04-17 04:25:25.480000,35.198166666666665,132.56483333333335,11.41,0.5,V,0.0034999999999999,0.0033333333333333,0.55,0.06,,,earthquake,depth free,middle manual,24.710823486945625,-290.6737959075757,15.298206619472536,,False,2.585604947717884
2018-04-17 04:34:43.100000,35.1735,132.58950000000002,10.07,1.0,V,0.002,0.0026666666666666,0.54,0.04,,,earthquake,depth free,middle manual,21.894899310527027,-288.5756812141026,13.8946887112296,,False,2.4178655141321492
2018-04-17 04:55:22.730000,35.192499999999995,132.56983333333332,10.17,1.3,V,0.0015,0.002,0.4,0.02,,,earthquake,depth free,middle auto,24.061320108290776,-290.2866471059933,14.046298634758106,,False,2.632399903862949
2018-04-17 04:56:29.190000,35.16866666666667,132.59433333333334,9.51,2.4,V,0.002,0.0025,0.55,0.03,,,earthquake,depth free,high manual,21.34145115253492,-288.17511391962125,13.322664903289551,,False,3.2408054516435647
2018-04-17 06:36:41.970000,35.158833333333334,132.56133333333335,10.43,0.6,V,0.0026666666666666,0.0033333333333333,0.62,0.05,,,earthquake,depth free,middle manual,20.352242771708745,-291.16802705494564,14.358421044657335,,False,4.04915934317011
2018-04-17 07:31:53.120000,35.17483333333333,132.57916666666665,9.07,0.9,V,0.002,0.0025,0.54,0.03,,,earthquake,depth free,middle auto,22.06784668712093,-289.5441593640198,12.928499819965603,,False,3.319377978553407
2018-04-17 07:41:02.570000,35.15783333333333,132.56366666666668,11.19,1.8,V,0.0023333333333333,0.003,0.56,0.04,,,earthquake,depth free,high manual,20.238632354673737,-290.9320932641499,15.11087903055824,,False,3.7560892968519024
2018-04-17 09:02:59.940000,35.166999999999994,132.5875,9.14,1.6,V,0.0018333333333333,0.0021666666666666,0.53,0.03,,,earthquake,depth free,middle auto,21.174479768866487,-288.81401944489795,12.976616116393105,,False,3.5765882498646553
2018-04-17 09:13:15.770000,35.17733333333333,132.59650000000002,7.61,0.6,V,0.0023333333333333,0.0026666666666666,0.63,0.04,,,earthquake,depth free,middle auto,22.28691887450532,-288.0170396056381,11.410601782873425,,False,4.678618762747343
2018-04-17 09:37:30.920000,35.199666666666666,132.57083333333333,11.42,1.1,V,0.002,0.0023333333333333,0.47,0.03,,,earthquake,depth free,middle auto,24.859617143224614,-290.1245054054784,15.287288276379726,,False,2.3104709694296544
2018-04-17 09:38:30.330000,35.19983333333333,132.57316666666665,11.37,0.7,V,0.0031666666666666,0.0028333333333333,0.5,0.05,,,earthquake,depth free,middle auto,24.8710066381578,-289.9143631860593,15.229482126359793,,False,2.2159976380229547
2018-04-17 11:10:37.960000,35.18516666666666,132.60766666666666,11.44,0.7,V,0.0063333333333333,0.0063333333333333,1.23,0.11,,,earthquake,depth free,middle auto,23.14344999060882,-286.8381909938141,15.195950209976298,,False,2.026808360362765
2018-04-17 11:11:22.320000,35.19483333333333,132.56716666666665,11.18,0.6,V,0.0031666666666666,0.0028333333333333,0.51,0.05,,,earthquake,depth free,middle auto,24.333034961873217,-290.48280244889133,15.062865010158802,,False,2.303142122611839
2018-04-17 11:24:51.430000,35.18866666666666,132.57183333333333,12.26,1.7,V,0.002,0.0023333333333333,0.46,0.03,,,earthquake,depth free,high manual,23.640603207765544,-290.0424032312197,16.130862176725447,,False,1.422730303534156
2018-04-17 12:06:17.500000,35.178,132.584,8.8,0.7,V,0.0023333333333333,0.0026666666666666,0.55,0.04,,,earthquake,depth free,middle auto,22.40369241299067,-289.1045883614113,12.64046557496682,,False,3.4198193527906646
2018-04-17 12:12:14.600000,35.17016666666667,132.58666666666667,8.04,2.4,V,0.0018333333333333,0.0025,0.59,0.03,,,earthquake,depth free,high manual,21.522452881005066,-288.918459695378,11.877806903978396,,False,4.395392210720412
2018-04-17 12:53:41.890000,35.193666666666665,132.56883333333332,11.17,1.2,V,0.0018333333333333,0.0021666666666666,0.43,0.03,,,earthquake,depth free,middle auto,24.198650181604197,-290.33634414330146,15.048133588575771,,False,2.12983137109322
2018-04-17 13:00:11.160000,35.174166666666665,132.58350000000002,7.84,0.5,V,0.0021666666666666,0.0026666666666666,0.59,0.04,,,earthquake,depth free,middle auto,21.974654502027487,-289.198654516976,11.685504679801165,,False,4.454836387154178
2018-04-17 13:17:39.470000,35.202333333333335,132.56666666666666,9.96,0.8,V,0.0034999999999999,0.0031666666666666,0.56,0.06,,,earthquake,depth free,middle auto,25.16071964891595,-290.5461063286385,13.84033706208582,,False,3.4418082723702104
2018-04-17 15:20:36.840000,35.196666666666665,132.58116666666666,12.19,0.6,V,0.0028333333333333,0.0026666666666666,0.48,0.05,,,earthquake,depth free,middle auto,24.500239257165006,-289.1709246955632,16.024599627701175,,False,1.423417942472589
2018-04-17 16:07:27.310000,35.19499999999999,132.56933333333333,10.21,0.6,V,0.004,0.0031666666666666,0.62,0.07,,,earthquake,depth free,middle auto,24.340381992132997,-290.3215408365129,14.086230469400592,,False,2.7339343590522036
2018-04-17 18:27:38.920000,35.198166666666665,132.5735,11.71,1.2,V,0.0018333333333333,0.0021666666666666,0.42,0.03,,,earthquake,depth free,middle auto,24.686784999303356,-289.8776512429139,15.56926095842796,,False,1.961526514961034
2018-04-17 18:59:30.650000,35.181999999999995,132.57516666666666,9.06,0.7,V,0.0028333333333333,0.003,0.57,0.05,,,earthquake,depth free,middle auto,22.87487581500619,-289.8815454676302,12.926656634465523,,False,3.2559486783608333
2018-04-17 19:04:59.260000,35.16866666666667,132.60383333333334,6.66,0.7,V,0.002,0.0023333333333333,0.68,0.03,,,earthquake,depth free,middle auto,21.29838646674861,-287.4172284235864,10.44342201050542,,False,5.958527157166418
2018-04-17 19:06:32.930000,35.17966666666666,132.584,12.49,1.9,V,0.0021666666666666,0.0028333333333333,0.55,0.04,,,earthquake,depth free,high manual,22.607806628400244,-288.9638313553626,16.326772057577926,,False,0.7042887017890269
2018-04-17 19:07:59.500000,35.1675,132.6035,7.02,1.4,V,0.0016666666666666,0.002,0.57,0.02,,,earthquake,depth free,middle auto,21.171781808743457,-287.4385351482946,10.80512140211274,,False,5.66379876586814
2018-04-17 20:10:10.540000,35.1675,132.59066666666666,10.92,0.5,V,0.003,0.003,0.51,0.05,,,earthquake,depth free,middle auto,21.23032096490866,-288.46026816784047,14.7446144897506,,False,2.2861143095586653
2018-04-17 20:23:48.240000,35.1625,132.59666666666666,8.07,1.4,V,0.0018333333333333,0.0021666666666666,0.55,0.03,,,earthquake,depth free,middle auto,20.64241376075995,-288.03781938734966,11.880496085178942,,False,4.8335505010778865
2018-04-17 21:03:22.130000,35.16766666666666,132.58866666666668,9.9,1.0,V,0.002,0.0021666666666666,0.49,0.03,,,earthquake,depth free,middle auto,21.24915303001303,-288.67815449146167,13.73176921472923,,False,2.926904476837936
2018-04-17 21:19:38.370000,35.189499999999995,132.56833333333333,12.62,0.8,V,0.0016666666666666,0.002,0.39,0.03,,,earthquake,depth free,middle auto,23.745134475583264,-290.34326154827994,16.50164304864888,,False,1.81462275556534
2018-04-17 23:31:14.970000,35.184,132.59183333333334,13.47,2.0,V,0.0018333333333333,0.0023333333333333,0.44,0.03,,,earthquake,depth free,high manual,23.070553157038255,-288.2030498137296,17.277279987505445,,False,1.4214998090684603
2018-04-17 23:35:27.400000,35.16883333333333,132.59300000000002,9.39,0.5,V,0.0028333333333333,0.0031666666666666,0.66,0.05,,,earthquake,depth free,middle auto,21.363195507406033,-288.2997654623443,13.207007477893352,,False,3.3056058824353367
2018-04-18 00:52:03.780000,35.187999999999995,132.5785,11.08,1.1,V,0.002,0.0025,0.51,0.03,,,earthquake,depth free,middle auto,23.54113228354447,-289.48403309138183,14.93007183420072,,False,1.3372318348296721
2018-04-18 01:00:54.350000,35.1595,132.59216666666669,7.55,1.5,V,0.0016666666666666,0.0021666666666666,0.58,0.02,,,earthquake,depth free,middle auto,20.319693642501527,-288.47549024662055,11.377867038569628,,False,5.388176396030021
2018-04-18 01:35:45.940000,35.1955,132.571,12.09,0.7,V,0.0026666666666666,0.0026666666666666,0.48,0.04,,,earthquake,depth free,middle auto,24.400180933447153,-290.09970846154306,15.959076024165824,,False,1.8618154407714647
2018-04-18 02:20:28.670000,35.19866666666666,132.56916666666666,13.78,0.8,V,0.002,0.0025,0.44,0.04,,,earthquake,depth free,middle auto,24.76502877500701,-290.1923687076672,17.651861422339774,,False,2.7667118632398533
2018-04-18 03:06:20.780000,35.18266666666666,132.589,12.41,0.5,V,0.0021666666666666,0.0025,0.51,0.04,,,earthquake,depth free,middle auto,22.925518051544497,-288.5030870306054,16.22824733416834,,False,0.4152844024478569
2018-04-18 07:45:57.440000,35.18183333333333,132.57966666666667,12.92,0.7,V,0.003,0.003,0.52,0.05,,,earthquake,depth free,middle auto,22.86304021827391,-289.33296938114967,16.76925311722078,,False,1.0611727978921248
2018-04-18 07:48:16.100000,35.16,132.41783333333333,12.0,0.5,v,0.0289999999999999,0.0685,,0.91,,,earthquake,depth slice,low auto,20.923170247320854,-304.1100986309336,16.417215841593016,,False,15.560024156291494
2018-04-18 08:16:21.150000,35.18033333333333,132.57833333333332,13.36,2.4,V,0.0018333333333333,0.0023333333333333,0.45,0.03,,,earthquake,depth free,high manual,22.70286227682351,-289.4429939830203,17.214411837061835,,False,1.521654365240007
2018-04-18 10:24:45.230000,35.18966666666666,132.60299999999998,11.77,0.6,V,0.0058333333333333,0.0051666666666666,0.98,0.1,,,earthquake,depth free,middle auto,23.65789848367147,-287.23314462407717,15.537883156367243,,False,1.6224972101850594
2018-04-18 10:39:43.240000,35.19166666666666,132.56783333333334,10.38,1.0,V,0.003,0.0031666666666666,0.61,0.05,,,earthquake,depth free,middle auto,23.975785447871154,-290.4631450043162,14.263358140779877,,False,2.5661395073106705
2018-04-18 15:10:05.200000,35.159166666666664,132.59216666666669,6.99,2.9,V,0.002,0.0025,0.64,0.03,,,earthquake,depth free,high manual,20.279584632260253,-288.4970760639169,10.81849596437037,,False,5.889358885030968
2018-04-18 17:27:18.100000,35.18733333333333,132.58483333333334,11.72,0.8,V,0.0028333333333333,0.003,0.51,0.05,,,earthquake,depth free,middle manual,23.451843059218923,-288.8891679707596,15.54919281758792,,False,0.5323064295870072
2018-04-18 17:29:03.240000,35.19783333333333,132.60583333333332,12.49,0.5,V,0.0053333333333333,0.0038333333333333,0.75,0.09,,,earthquake,depth free,middle auto,24.55910595092546,-286.92148638767185,16.2425980994145,,False,2.299278042101487
2018-04-18 18:25:54.990000,35.17133333333333,132.59783333333334,8.99,0.6,V,0.0036666666666666,0.0043333333333333,0.92,0.06,,,earthquake,depth free,middle auto,21.62437735556889,-287.86726587373585,12.789590932897694,,False,3.6162187920478868
2018-04-18 18:50:03.550000,35.17933333333333,132.58033333333333,7.66,0.5,V,0.003,0.003,0.63,0.05,,,earthquake,depth free,middle auto,22.55649932150189,-289.47394391596725,11.512405621297711,,False,4.545522945385584
2018-04-18 19:56:05.160000,35.180166666666665,132.598,10.72,0.6,V,0.0048333333333333,0.0046666666666666,0.95,0.08,,,earthquake,depth free,middle auto,22.61317808362065,-287.7579732911395,14.511576526346945,,False,1.8151228845767275
2018-04-18 20:10:45.870000,35.19883333333333,132.57216666666667,11.66,1.0,V,0.0021666666666666,0.0026666666666666,0.51,0.04,,,earthquake,depth free,middle auto,24.76441443902674,-289.99788871847977,15.52326356520866,,False,2.1030417276300555
2018-04-18 20:19:06.850000,35.187,132.59650000000002,12.35,1.1,V,0.0021666666666666,0.0023333333333333,0.46,0.04,,,earthquake,depth free,middle auto,23.383962458445612,-287.8104163559227,16.14062941359341,,False,0.9544515254725772
2018-04-18 20:20:24.470000,35.199666666666666,132.5735,11.82,0.6,V,0.0043333333333333,0.0041666666666666,0.76,0.08,,,earthquake,depth free,middle auto,24.853713291962368,-289.86825742263574,15.678181805953257,,False,2.072145165852561
2018-04-18 20:50:03.800000,35.19533333333333,132.57416666666666,12.32,1.1,V,0.003,0.0033333333333333,0.64,0.05,,,earthquake,depth free,middle auto,24.3735174504602,-289.80501175766534,16.178544680687654,,False,1.650107893414626
2018-04-18 20:52:19.130000,35.192499999999995,132.57416666666666,12.64,0.6,V,0.0016666666666666,0.0018333333333333,0.35,0.03,,,earthquake,depth free,middle auto,24.060830278894382,-289.8033969169479,16.500248868664112,,False,1.5169663730528593
2018-04-18 21:56:23.580000,35.16616666666666,132.58566666666667,8.72,1.2,V,0.002,0.0025,0.54,0.03,,,earthquake,depth free,middle auto,21.085089731116224,-288.99853679997557,12.563555223048333,,False,3.98173100998439
2018-04-18 22:57:58.860000,35.1675,132.59066666666666,8.68,0.5,V,0.0041666666666666,0.0051666666666666,0.94,0.07,,,earthquake,depth free,middle auto,21.218217214925257,-288.5419132496322,12.506135635739692,,False,3.9580353305442726
2018-04-18 23:18:20.670000,35.18283333333333,132.5875,14.01,2.3,V,0.0016666666666666,0.0021666666666666,0.4,0.03,,,earthquake,depth free,high manual,22.956606568013303,-288.5800146636874,17.831981884896674,,False,1.8924850293498863
2018-04-19 02:19:14.180000,35.1975,132.5655,10.73,0.5,V,0.0038333333333333,0.0041666666666666,0.76,0.07,,,earthquake,depth free,middle auto,24.631591864651476,-290.6408061179107,14.61690861707464,,False,2.770466726761563
2018-04-19 04:01:41.590000,35.181,132.578,12.3,0.9,V,0.002,0.0023333333333333,0.46,0.03,,,earthquake,depth free,middle auto,22.77230302109651,-289.5096310843849,16.155768982853257,,False,0.901385074780723
2018-04-19 06:08:32.700000,35.18266666666666,132.56799999999998,9.33,2.4,V,0.0018333333333333,0.0023333333333333,0.5,0.03,,,earthquake,depth free,high manual,22.971324931493495,-290.51885548141394,13.219759860458067,,False,3.279864107965508
2018-04-19 08:11:59.470000,35.1885,132.5875,13.11,1.1,V,0.0018333333333333,0.0021666666666666,0.4,0.03,,,earthquake,depth free,middle auto,23.58045826077706,-288.59270245665294,16.928659357541544,,False,1.071018264282153
2018-04-19 08:18:01.600000,35.18516666666666,132.58233333333334,12.22,0.5,V,0.005,0.0048333333333333,0.88,0.09,,,earthquake,depth free,low auto,23.221360558065456,-289.1051125974426,16.058599245547523,,False,0.40703002284676915
2018-04-19 08:18:06.990000,35.18383333333333,132.591,12.29,0.5,V,0.0061666666666666,0.0046666666666666,0.71,0.11,,,earthquake,depth free,low auto,23.048463844910728,-288.3221193514089,16.10093437988322,,False,0.43433678884648064
2018-04-19 10:42:27.700000,35.17033333333333,132.58816666666667,10.52,1.4,V,0.0021666666666666,0.0025,0.53,0.03,,,earthquake,depth free,middle auto,21.54983566388857,-288.69137882219974,14.351056251414862,,False,2.267548577824445
2018-04-19 11:49:23.570000,35.1755,132.58283333333333,9.36,1.0,V,0.0021666666666666,0.0026666666666666,0.56,0.03,,,earthquake,depth free,middle auto,22.132602697249432,-289.19878684932416,13.205713788227673,,False,2.971415719625579
2018-04-19 11:54:51.940000,35.177499999999995,132.58466666666666,12.49,0.7,V,0.006,0.0065,1.21,0.12,,,earthquake,depth free,middle auto,22.365533047268475,-288.9111420733437,16.326108290242107,,False,0.8916864951964162
2018-04-19 12:59:50.650000,35.18066666666667,132.581,9.03,0.7,V,0.0023333333333333,0.0026666666666666,0.56,0.04,,,earthquake,depth free,middle auto,22.709627775278335,-289.3586307216857,12.878326377587744,,False,3.1735648422952942
2018-04-19 15:58:57.440000,35.15483333333333,132.60233333333332,7.38,1.2,V,0.0016666666666666,0.002,0.56,0.02,,,earthquake,depth free,middle auto,19.771037567449454,-287.57612946155143,11.178095683877022,,False,5.962808956900135
2018-04-19 15:59:58.340000,35.186499999999995,132.5745,12.82,2.7,V,0.002,0.0026666666666666,0.5,0.03,,,earthquake,depth free,high manual,23.395274604847828,-289.78802676713946,16.683146439292084,,False,1.3172922446966502
2018-04-19 16:39:24.650000,35.19583333333333,132.5685,9.98,1.6,V,0.0018333333333333,0.0023333333333333,0.5,0.03,,,earthquake,depth free,middle auto,24.434171705366182,-290.4025219397364,13.858589322342583,,False,2.9790633516130445
2018-04-19 18:21:16.490000,35.161833333333334,132.58583333333334,7.86,0.9,V,0.0018333333333333,0.002,0.46,0.03,,,earthquake,depth free,middle auto,20.598944030043903,-289.03025327085066,11.706784637169283,,False,4.966354726929858
2018-04-19 18:36:05.450000,35.190666666666665,132.56766666666667,12.02,1.1,v,0.005,0.0041666666666666,0.64,0.08,,,earthquake,depth free,middle auto,23.87350370757164,-290.4215352306615,15.90346683430145,,False,1.8508239720014927
2018-04-19 18:59:51.390000,35.181666666666665,132.61116666666666,12.14,0.6,v,0.0108333333333333,0.0086666666666666,1.62,0.21,,,earthquake,depth free,middle auto,22.74861784311633,-286.5081056852599,15.886498408121708,,False,2.2471730791760263
2018-04-19 19:33:35.490000,35.18216666666667,132.58983333333333,10.41,0.7,V,0.003,0.0031666666666666,0.52,0.05,,,earthquake,depth free,middle auto,22.857327789035576,-288.5022701837852,14.227211426268362,,False,1.765767216022498
2018-04-19 19:57:51.170000,35.206500000000005,132.562,10.68,0.6,v,0.0031666666666666,0.0034999999999999,0.67,0.06,,,earthquake,depth free,middle auto,25.640201087885657,-290.9274798041306,14.572600894537183,,False,3.6029556404540997
2018-04-19 20:46:30.470000,35.20566666666667,132.5455,11.43,0.7,V,0.008,0.0086666666666666,1.05,0.17,,,earthquake,depth free,middle auto,25.60005790099002,-292.39746904892587,15.377669378444711,,False,4.456885402551511
2018-04-19 21:15:46.530000,35.159666666666666,132.58633333333333,7.9,1.6,V,0.0018333333333333,0.0023333333333333,0.55,0.03,,,earthquake,depth free,middle auto,20.35720469732954,-288.99115920043465,11.74671843560717,,False,5.059370776887883
2018-04-19 23:13:50.800000,35.176833333333335,132.5825,9.37,1.0,V,0.002,0.0025,0.56,0.03,,,earthquake,depth free,middle auto,22.28159496088224,-289.2238872605507,13.215856324635604,,False,2.9183294744192554
2018-04-19 23:29:03.930000,35.17933333333333,132.60916666666665,12.04,0.6,v,0.0026666666666666,0.0028333333333333,0.54,0.05,,,earthquake,depth free,middle auto,22.49508227087919,-286.70117304715666,15.794733897128618,,False,2.1269818114072785
2018-04-20 00:13:36.670000,35.117666666666665,132.72816666666668,10.32,0.7,V,0.0025,0.0025,0.92,0.06,,,earthquake,depth free,middle manual,15.304231959330082,-276.1870952366071,13.743267986689387,,False,14.950017724909685
2018-04-20 00:17:04.730000,35.19033333333333,132.57633333333334,12.21,0.5,v,0.0078333333333333,0.0078333333333333,0.89,0.13,,,earthquake,depth free,middle auto,23.81200419928583,-289.6306224099089,16.064856775652757,,False,1.131537042067037
2018-04-20 00:38:24.930000,35.174,132.58116666666666,8.67,1.1,V,0.0018333333333333,0.0021666666666666,0.5,0.03,,,earthquake,depth free,middle auto,21.96738401049471,-289.38045473648543,12.52276195883547,,False,3.690914483242259
2018-04-20 01:23:33.970000,35.20016666666667,132.56866666666667,13.38,0.7,V,0.0031666666666666,0.0028333333333333,0.52,0.05,,,earthquake,depth free,middle auto,24.93091198866647,-290.24697978423876,17.252791437747707,,False,2.6806482683080586
2018-04-20 01:30:01.100000,35.18383333333333,132.584,12.43,0.7,V,0.0016666666666666,0.002,0.36,0.03,,,earthquake,depth free,middle auto,23.0696564069153,-288.9511914897643,16.26388806621202,,False,0.3963066400570895
2018-04-20 02:09:17.240000,35.192166666666665,132.571,11.29,0.8,V,0.0026666666666666,0.0026666666666666,0.5,0.05,,,earthquake,depth free,middle auto,24.026462193119674,-290.1409980057762,15.161889079619815,,False,1.848797910491665
2018-04-20 02:22:03.700000,35.19466666666666,132.57083333333333,11.78,0.8,V,0.003,0.003,0.56,0.05,,,earthquake,depth free,middle auto,24.306708750735915,-290.1291678223607,15.65040502381071,,False,1.8484548483809766
2018-04-20 02:30:57.410000,35.206500000000005,132.56916666666666,10.36,0.7,V,0.0034999999999999,0.0036666666666666,0.79,0.06,,,earthquake,depth free,middle auto,25.617585231889972,-290.2899765863861,14.229021072585024,,False,3.3949753694677316
2018-04-20 02:36:40.170000,35.196,132.57483333333332,13.38,0.6,v,0.0033333333333333,0.0036666666666666,0.62,0.06,,,earthquake,depth free,middle auto,24.450699518058983,-289.7033840177693,17.235163229942557,,False,2.07267684064583
2018-04-20 02:50:13.170000,35.19383333333333,132.56916666666666,9.54,0.5,v,0.006,0.006,0.76,0.1,,,earthquake,depth free,middle auto,24.20811670756791,-290.36543392271,13.41803512580391,,False,3.203744636948167
2018-04-20 02:50:34.280000,35.19533333333333,132.57183333333333,9.09,0.9,v,0.0028333333333333,0.0033333333333333,0.71,0.05,,,earthquake,depth free,middle auto,24.364516087397064,-290.1349195728795,12.958485178794694,,False,3.5291139258934883
2018-04-20 03:18:07.200000,35.198166666666665,132.56766666666667,10.4,0.7,V,0.0028333333333333,0.0034999999999999,0.69,0.05,,,earthquake,depth free,middle auto,24.69757396635037,-290.45424235784185,14.279494654819676,,False,2.8651066710917106
2018-04-20 03:56:25.890000,35.17766666666667,132.62,9.21,0.8,V,0.0021666666666666,0.0026666666666666,0.64,0.03,,,earthquake,depth free,middle auto,22.2639533400691,-285.82739475456,12.932491143685038,,False,4.275167972631765
2018-04-20 04:47:59.880000,35.172333333333334,132.64983333333333,7.38,1.0,V,0.0026666666666666,0.003,0.9,0.04,,,earthquake,depth free,middle auto,21.57627456758118,-283.2066824975629,11.01101327488776,,False,7.56938689092743
2018-04-20 06:13:38.730000,35.16616666666666,132.59416666666667,9.9,0.7,V,0.002,0.0023333333333333,0.47,0.03,,,earthquake,depth free,middle auto,21.06663047373118,-288.1848997482052,13.714772470072964,,False,3.1069341063671665
2018-04-20 06:18:33.820000,35.186499999999995,132.57233333333332,8.95,0.8,V,0.0025,0.0026666666666666,0.51,0.04,,,earthquake,depth free,middle auto,23.382043785564623,-290.12632382916763,12.82297575036171,,False,3.441650193177733
2018-04-20 08:37:28.710000,35.184666666666665,132.58666666666667,13.17,0.6,V,0.0041666666666666,0.0036666666666666,0.58,0.08,,,earthquake,depth free,middle auto,23.158058657864053,-288.6796310126187,16.99401677724159,,False,1.0399999999996066
2018-04-20 08:51:52.750000,35.174499999999995,132.58333333333334,7.3,1.0,V,0.0021666666666666,0.0023333333333333,0.6,0.03,,,earthquake,depth free,middle auto,22.009292493816524,-289.2323156367175,11.146184162316144,,False,4.9693554541676725
2018-04-20 09:03:07.780000,35.164833333333334,132.5855,7.51,0.7,V,0.0073333333333333,0.0078333333333333,1.81,0.12,,,earthquake,depth free,middle auto,20.93100866047697,-289.0625873164597,11.355908529753076,,False,5.119010321176919
2018-04-20 09:12:19.570000,35.18083333333333,132.61583333333334,7.15,0.7,V,0.0033333333333333,0.0036666666666666,1.01,0.05,,,earthquake,depth free,middle auto,22.616780134962895,-286.26827331439716,10.885189077001725,,False,5.655667915172615
2018-04-20 09:21:59.400000,35.2015,132.57233333333332,11.83,0.9,V,0.0046666666666666,0.0048333333333333,0.94,0.09,,,earthquake,depth free,middle auto,25.06055919233613,-289.9670212152245,15.69081679501865,,False,2.295748087391505
2018-04-20 09:44:18.420000,35.1905,132.57399999999998,12.11,1.0,V,0.002,0.0023333333333333,0.46,0.03,,,earthquake,depth free,middle auto,23.83684320920629,-289.84507368033246,15.97253054173255,,False,1.3189100210919318
2018-04-20 10:22:22.380000,35.165166666666664,132.591,8.82,1.2,V,0.0018333333333333,0.0021666666666666,0.5,0.03,,,earthquake,depth free,middle auto,20.959041571998373,-288.5148783383244,12.646651463230445,,False,3.974518393739883
2018-04-20 10:32:46.320000,35.1735,132.58683333333337,7.76,0.8,V,0.0023333333333333,0.0026666666666666,0.61,0.04,,,earthquake,depth free,middle auto,21.890465778165588,-288.90170639175653,11.59504285800225,,False,4.542475093024087
2018-04-20 10:42:02.160000,35.160333333333334,132.60433333333333,10.58,0.7,V,0.0031666666666666,0.0026666666666666,0.53,0.05,,,earthquake,depth free,middle auto,20.393460608359575,-287.25924102888973,14.365273634457306,,False,3.502401163636927
2018-04-20 10:58:30.140000,35.19116666666666,132.56783333333334,10.48,1.1,V,0.0025,0.003,0.57,0.05,,,earthquake,depth free,middle auto,23.92080649316143,-290.4612587080114,14.36363137646694,,False,2.482311699751741
2018-04-20 11:55:09.500000,35.16683333333333,132.59166666666667,9.18,1.1,V,0.002,0.0021666666666666,0.5,0.03,,,earthquake,depth free,middle auto,21.144011445570634,-288.43539591612875,13.002992670947394,,False,3.5815338895631856
2018-04-20 12:17:57.760000,35.172,132.58866666666668,8.42,0.7,V,0.0036666666666666,0.0034999999999999,0.75,0.06,,,earthquake,depth free,middle auto,21.722112404267037,-288.7167317235809,12.24963279126472,,False,3.9717031993078264
2018-04-20 13:13:52.320000,35.200833333333335,132.56716666666665,10.58,1.9,V,0.0016666666666666,0.0021666666666666,0.46,0.03,,,earthquake,depth free,high manual,24.995788322112904,-290.48337947355566,14.459247674131834,,False,2.9582514396843718
2018-04-20 18:12:24.950000,35.13916666666667,132.56650000000002,10.21,0.5,V,0.011,0.0103333333333333,1.83,0.2,,,earthquake,depth free,middle auto,18.1536460239084,-290.77813037252326,14.136465225861809,,False,5.704644227772013
2018-04-20 19:47:35.620000,35.1765,132.59266666666667,11.68,0.7,V,0.0031666666666666,0.0028333333333333,0.57,0.05,,,earthquake,depth free,middle auto,22.226970682427897,-288.219368524104,15.491036581184686,,False,1.149042498450326
2018-04-20 22:13:52.120000,35.181999999999995,132.57633333333334,8.27,0.5,V,0.0041666666666666,0.0041666666666666,0.88,0.07,,,earthquake,depth free,middle auto,22.867384979947825,-289.80474202126845,12.133336503288318,,False,3.9832570599023103
2018-04-20 22:15:36.500000,35.1695,132.65333333333334,7.14,1.4,V,0.0018333333333333,0.0021666666666666,0.7,0.03,,,earthquake,depth free,middle auto,21.250412065737606,-282.90768794232565,10.761964566267803,,False,8.02113254416325
2018-04-20 23:31:50.460000,35.15483333333333,132.60616666666667,6.25,0.5,V,0.0018333333333333,0.0021666666666666,0.69,0.02,,,earthquake,depth free,middle auto,19.75350704909504,-287.26938492727584,10.036302114636069,,False,6.977095811890935
2018-04-20 23:46:07.890000,35.1615,132.59366666666668,8.37,1.1,V,0.0021666666666666,0.0025,0.59,0.03,,,earthquake,depth free,middle auto,20.54183434091964,-288.3024944910912,12.190890579863373,,False,4.5995250523098745
2018-04-20 23:47:22.340000,35.1625,132.59233333333333,9.02,1.0,V,0.0021666666666666,0.0025,0.6,0.03,,,earthquake,depth free,middle auto,20.66029035755423,-288.3961709350137,12.84409377867394,,False,3.998961186043121
2018-04-20 23:51:10.600000,35.166,132.59133333333335,8.34,0.6,V,0.002,0.0025,0.58,0.03,,,earthquake,depth free,middle auto,21.04794527786112,-288.49918633010503,12.165269344520285,,False,4.340261768507862
2018-04-20 23:53:21.320000,35.16683333333333,132.59166666666667,8.38,0.6,V,0.002,0.0023333333333333,0.55,0.03,,,earthquake,depth free,middle auto,21.13967900658755,-288.4645437710528,12.20353558484059,,False,4.264727858506061
2018-04-20 23:53:38.250000,35.165166666666664,132.59283333333337,8.29,0.8,V,0.0023333333333333,0.0026666666666666,0.63,0.04,,,earthquake,depth free,middle auto,20.950796055626338,-288.36795446305,12.110980037061005,,False,4.443558930102153
2018-04-21 00:26:28.930000,35.11483333333334,132.72583333333333,11.45,1.6,V,0.0015,0.0016666666666666,0.51,0.03,,,earthquake,depth free,middle auto,15.00359274882737,-276.3693392315102,14.88217548775186,,False,14.833690825852285
2018-04-21 00:29:48.850000,35.11533333333333,132.7235,11.27,0.7,V,0.0015,0.0016666666666666,0.52,0.03,,,earthquake,depth free,middle auto,15.064453455664744,-276.5854909537024,14.709152105696134,,False,14.634199007809743
2018-04-21 01:38:25.360000,35.19266666666666,132.5765,12.52,2.0,V,0.0018333333333333,0.0021666666666666,0.44,0.03,,,earthquake,depth free,high manual,24.071870704921142,-289.59583920260405,16.372499068053376,,False,1.3381487783138508
2018-04-21 03:32:48.120000,35.09966666666667,132.66483333333335,8.48,0.7,V,0.0018333333333333,0.0023333333333333,0.74,0.03,,,earthquake,depth free,middle auto,13.473938892585162,-282.0595137311412,12.119468120464202,,False,12.357934755840304
2018-04-21 04:41:49.110000,35.18966666666666,132.57399999999998,12.87,1.4,V,0.0018333333333333,0.0023333333333333,0.45,0.03,,,earthquake,depth free,middle auto,23.74821349655359,-289.82017796990425,16.732581640097774,,False,1.4749049615874823
2018-04-21 05:11:27.780000,35.17466666666667,132.58700000000002,8.88,0.7,V,0.0023333333333333,0.0025,0.54,0.04,,,earthquake,depth free,middle auto,22.025387890787187,-288.8415659601939,12.712894953492365,,False,3.4344973091472935
2018-04-21 10:08:25.970000,35.19866666666666,132.57166666666666,13.64,1.1,V,0.002,0.0023333333333333,0.43,0.03,,,earthquake,depth free,middle auto,24.757000477082418,-289.9711093147092,17.503674092018844,,False,2.5581593224872496
2018-04-21 10:52:18.560000,35.1795,132.59966666666668,10.48,1.3,V,0.002,0.0025,0.51,0.04,,,earthquake,depth free,middle auto,22.533105076125416,-287.6180081916695,14.266743087225043,,False,2.10767954177368
2018-04-21 11:11:42.140000,35.17133333333333,132.55450000000002,11.71,0.7,V,0.0025,0.0028333333333333,0.49,0.05,,,earthquake,depth free,middle auto,21.76614263315859,-291.69525258061043,15.651106576672507,,False,3.298690994320283
2018-04-21 11:12:30.380000,35.1195,132.62533333333334,8.56,0.6,V,0.0028333333333333,0.0033333333333333,0.76,0.04,,,earthquake,depth free,middle auto,15.789347941335796,-285.5716523470303,12.310086448577936,,False,8.797727362528144
2018-04-21 11:21:31.490000,35.196666666666665,132.56733333333332,10.57,0.9,V,0.0023333333333333,0.0028333333333333,0.55,0.04,,,earthquake,depth free,middle auto,24.532955113063498,-290.4835656611588,14.451492785785163,,False,2.698766738037675
2018-04-21 11:21:58.590000,35.18366666666666,132.60216666666665,10.75,0.5,V,0.0026666666666666,0.0034999999999999,0.64,0.05,,,earthquake,depth free,middle auto,22.989510147769018,-287.36688708641054,14.52544641455247,,False,1.973289191068021
2018-04-21 12:28:20.640000,35.087500000000006,132.611,8.51,0.7,V,0.0023333333333333,0.0023333333333333,0.64,0.04,,,earthquake,depth free,middle auto,12.279029086276992,-286.9866992275936,12.334105835844085,,False,11.590629882969596
2018-04-21 13:43:21.240000,35.19233333333333,132.57783333333333,10.9,0.8,V,0.0026666666666666,0.0028333333333333,0.57,0.04,,,earthquake,depth free,middle auto,24.0229437704011,-289.5355699300261,14.749425252121933,,False,1.6967829094476
2018-04-21 14:48:27.600000,35.08683333333334,132.61,8.6,0.5,V,0.002,0.002,0.52,0.03,,,earthquake,depth free,middle auto,12.208560834692072,-287.0765515295645,12.427903297705088,,False,11.614938005529018
2018-04-21 15:04:14.560000,35.192,132.57316666666665,12.63,1.0,V,0.0018333333333333,0.0023333333333333,0.44,0.03,,,earthquake,depth free,middle auto,24.00826067395713,-289.8961323927404,16.493906737431118,,False,1.5529271254907004
2018-04-21 15:06:33.630000,35.169666666666664,132.65283333333335,6.67,1.1,V,0.0018333333333333,0.0021666666666666,0.73,0.03,,,earthquake,depth free,middle auto,21.26781301365635,-282.9691672709494,10.293753853761414,,False,8.285161377320218
2018-04-21 16:23:07.480000,35.13516666666666,132.61183333333332,10.19,0.9,V,0.0025,0.0031666666666666,0.69,0.04,,,earthquake,depth free,middle auto,17.57703904284904,-286.68223921147575,13.970325214744308,,False,6.258518611916125
2018-04-21 16:44:42.450000,35.189166666666665,132.589,13.42,1.0,V,0.0025,0.0028333333333333,0.54,0.04,,,earthquake,depth free,middle auto,23.651568011486265,-288.4431582869353,17.233053969772875,,False,1.3993776192744312
2018-04-21 17:11:59.570000,35.08716666666667,132.61249999999998,8.88,0.5,V,0.004,0.004,1.06,0.06,,,earthquake,depth free,middle auto,12.240192765492608,-286.83834460005437,12.69924872645265,,False,11.541820637561342
2018-04-21 17:36:43.800000,35.117333333333335,132.62033333333335,6.88,0.6,V,0.0081666666666666,0.0076666666666666,2.34,0.12,,,earthquake,depth free,middle auto,15.552789502392244,-286.0934708517593,10.649254939092716,,False,9.632933855975166
2018-04-21 19:04:57.680000,35.18366666666666,132.57833333333332,10.22,0.9,V,0.002,0.0021666666666666,0.46,0.03,,,earthquake,depth free,middle auto,23.05647286570469,-289.5460812701107,14.074219836881213,,False,2.057174126471927
2018-04-21 20:06:26.550000,35.11633333333334,132.61016666666666,7.75,0.5,v,0.0158333333333333,0.0116666666666666,3.1,0.26,,,earthquake,depth free,middle auto,15.47678876655613,-286.9881465460614,11.55266271880178,,False,9.01606999704577
2018-04-21 20:17:50.600000,35.17733333333333,132.59466666666668,8.95,1.1,V,0.0018333333333333,0.0023333333333333,0.54,0.03,,,earthquake,depth free,middle auto,22.299285740647107,-288.1345153474187,12.755718546032158,,False,3.361845991446904
2018-04-21 20:31:45.160000,35.17366666666666,132.59300000000002,11.08,0.6,V,0.0053333333333333,0.0053333333333333,1.02,0.1,,,earthquake,depth free,middle auto,21.90851156945847,-288.22106783178475,14.892372073582278,,False,1.709753305022154
2018-04-21 20:49:46.540000,35.169333333333334,132.58833333333334,8.66,0.6,V,0.0023333333333333,0.0023333333333333,0.52,0.04,,,earthquake,depth free,middle auto,21.428407064165917,-288.74768202461496,12.492497408258316,,False,3.8679813645364636
2018-04-21 21:38:10.160000,35.16433333333333,132.59050000000002,8.71,0.9,V,0.002,0.0021666666666666,0.5,0.03,,,earthquake,depth free,middle auto,20.86741862363692,-288.5671835306809,12.53898427283328,,False,4.112498503369942
2018-04-21 22:20:38.820000,35.172999999999995,132.5836666666667,7.62,0.9,V,0.002,0.0026666666666666,0.58,0.03,,,earthquake,depth free,middle manual,21.84350062331479,-289.19573823395854,11.46594268572766,,False,4.700204161873291
2018-04-21 22:20:42.990000,35.17066666666666,132.58783333333335,8.32,0.9,V,0.0028333333333333,0.0028333333333333,0.49,0.05,,,earthquake,depth free,middle manual,21.57603179114459,-288.80067847436203,12.153409240337968,,False,4.11618023579924
2018-04-21 23:03:27.850000,35.19,132.57383333333334,11.25,1.2,V,0.002,0.0021666666666666,0.44,0.03,,,earthquake,depth free,middle auto,23.77756805362593,-289.89349960853536,15.114014562170794,,False,1.574787647206382
2018-04-21 23:24:25.230000,35.17966666666666,132.58866666666668,9.3,0.5,V,0.0023333333333333,0.0028333333333333,0.57,0.04,,,earthquake,depth free,middle auto,22.577593354250876,-288.65737264891277,13.123563951188906,,False,2.8896187036455423
2018-04-21 23:58:09.400000,35.16866666666667,132.59833333333333,12.02,0.7,V,0.0018333333333333,0.0021666666666666,0.45,0.03,,,earthquake,depth free,middle auto,21.343295960161537,-287.7212822154822,15.817837126337448,,False,2.0701433658663215
2018-04-22 00:44:29.350000,35.197,132.57433333333333,11.36,1.4,V,0.0018333333333333,0.0023333333333333,0.45,0.03,,,earthquake,depth free,middle auto,24.5532091545983,-289.8191601427083,15.217525955707153,,False,1.9282640722682918
2018-04-22 01:06:42.790000,35.19283333333333,132.572,10.38,0.6,V,0.0026666666666666,0.0028333333333333,0.53,0.05,,,earthquake,depth free,middle auto,24.09297377202309,-290.08141058217495,14.248745304161586,,False,2.3778964653374492
2018-04-22 03:27:29.140000,35.1905,132.57783333333333,9.99,0.5,V,0.0036666666666666,0.0038333333333333,0.75,0.06,,,earthquake,depth free,middle auto,23.814997535913953,-289.575434477463,13.841300341336312,,False,2.375084642677391
2018-04-22 05:05:30.400000,35.17616666666667,132.58783333333335,11.01,0.9,V,0.0021666666666666,0.0025,0.51,0.04,,,earthquake,depth free,middle auto,22.20060414180745,-288.68297165558204,14.837629975681407,,False,1.4682240134782738
2018-04-22 06:20:17.840000,35.15983333333333,132.6,7.36,1.0,V,0.0016666666666666,0.002,0.58,0.02,,,earthquake,depth free,middle auto,20.332765940171655,-287.7707778608222,11.162013882618147,,False,5.6408185131424595
2018-04-22 08:37:25.260000,35.1665,132.60166666666666,7.61,1.5,V,0.0018333333333333,0.0021666666666666,0.6,0.03,,,earthquake,depth free,middle auto,21.069312576008347,-287.58693431656593,11.40146167177198,,False,5.133350488638076
2018-04-22 10:27:17.840000,35.1985,132.5701666666667,12.23,0.7,V,0.0026666666666666,0.0026666666666666,0.52,0.04,,,earthquake,depth free,middle auto,24.73608343233973,-290.15932690390594,16.099722561269946,,False,2.146293558487359
2018-04-22 10:48:29.230000,35.19766666666666,132.5701666666667,13.92,1.7,V,0.0016666666666666,0.0021666666666666,0.41,0.03,,,earthquake,depth free,high manual,24.65187514811597,-290.10024388419873,17.789121650399583,,False,2.743014207363762
2018-04-22 11:10:15.980000,35.19866666666666,132.56966666666665,13.77,1.6,V,0.0016666666666666,0.002,0.37,0.03,,,earthquake,depth free,middle auto,24.76350998428541,-290.1474565174242,17.640210984025316,,False,2.734947182587627
2018-04-22 11:16:44.960000,35.19916666666666,132.56533333333334,14.71,0.7,V,0.0028333333333333,0.003,0.54,0.05,,,earthquake,depth free,middle auto,24.836256541960577,-290.5035039263398,18.59360287297256,,False,3.603799614079821
2018-04-22 16:11:55.680000,35.19333333333333,132.5785,10.65,0.6,V,0.0028333333333333,0.0033333333333333,0.72,0.05,,,earthquake,depth free,middle auto,24.13069615087482,-289.4807491874363,14.496711581229054,,False,1.9143114610615222
2018-04-22 16:51:52.700000,35.260666666666665,132.624,12.28,0.6,V,0.0025,0.003,0.67,0.05,,,earthquake,depth free,middle auto,31.475076599343968,-285.06238942426,15.93534250735437,,False,9.08966031166935
2018-04-22 18:59:05.380000,35.08216666666667,132.6113333333333,7.89,0.9,V,0.0016666666666666,0.002,0.56,0.03,,,earthquake,depth free,middle auto,11.68185054731923,-286.9976883702381,11.718179029930583,,False,12.34860100967205
2018-04-22 21:02:02.650000,35.084,132.61083333333332,8.42,1.5,V,0.0018333333333333,0.0023333333333333,0.59,0.03,,,earthquake,depth free,middle auto,11.89044156987942,-287.0174230764838,12.247817080934515,,False,11.977952887792748
2018-04-22 22:57:56.530000,35.186166666666665,132.58933333333334,13.05,1.5,V,0.0016666666666666,0.0021666666666666,0.4,0.03,,,earthquake,depth free,middle auto,23.316010207098827,-288.4371162568779,16.86427869647301,,False,0.9657164012775687
2018-04-23 00:33:43.520000,35.19983333333333,132.572,12.09,0.8,V,0.0034999999999999,0.0041666666666666,0.81,0.06,,,earthquake,depth free,middle auto,24.877913373931683,-289.9936326496523,15.952852464497408,,False,2.14580438950479
2018-04-23 01:01:50,35.1695,132.59033333333335,10.8,4.1,D,0.002,0.0025,0.52,0.03,4.3,V,earthquake,depth free,high manual,21.452541487354157,-288.48774938510877,14.624337653479436,,False,2.1710523058522155
2018-04-23 01:02:52.240000,35.177166666666665,132.58700000000002,9.9,2.3,V,0.0053333333333333,0.0053333333333333,0.89,0.11,,,earthquake,depth free,high manual,22.308177281321125,-288.7954456851765,13.73041763366376,,False,2.380526048519265
2018-04-23 01:04:12.590000,35.168,132.5896666666667,10.14,1.2,V,0.0018333333333333,0.0023333333333333,0.47,0.03,,,earthquake,depth free,middle auto,21.28450992445184,-288.5775685018722,13.968070678140876,,False,2.730700145332829
2018-04-23 01:04:37.250000,35.16766666666666,132.59416666666667,9.78,0.7,v,0.0065,0.0068333333333333,1.53,0.17,,,earthquake,depth free,middle auto,21.23242671972453,-288.1839444972743,13.593757904645663,,False,3.089754363419897
2018-04-23 01:14:49.120000,35.16916666666666,132.59133333333335,10.23,0.6,V,0.0021666666666666,0.0025,0.51,0.04,,,earthquake,depth free,middle auto,21.409572164849664,-288.419067446651,14.051676616976966,,False,2.5979563998296906
2018-04-23 01:19:21.990000,35.168,132.5915,10.51,1.1,V,0.0018333333333333,0.0023333333333333,0.47,0.03,,,earthquake,depth free,middle auto,21.28114558923872,-288.3979014355805,14.33178702242502,,False,2.497805570142065
2018-04-23 01:26:34.770000,35.168499999999995,132.59016666666668,10.38,0.6,V,0.0018333333333333,0.0023333333333333,0.48,0.03,,,earthquake,depth free,middle auto,21.339819587684985,-288.5217193578,14.205897931511918,,False,2.526554819251471
2018-04-23 01:32:30.540000,35.16716666666667,132.59,10.48,1.4,V,0.0016666666666666,0.0021666666666666,0.45,0.03,,,earthquake,depth free,middle auto,21.19290854024707,-288.5379181915112,14.307350345193708,,False,2.56653581428249
2018-04-23 04:12:01.600000,35.16733333333333,132.59083333333334,10.51,0.9,V,0.0018333333333333,0.0025,0.49,0.03,,,earthquake,depth free,middle auto,21.209126234999435,-288.46069716435875,14.334466171116164,,False,2.543404768951097
2018-04-23 05:30:56.640000,35.19083333333333,132.578,8.6,0.5,V,0.0034999999999999,0.0036666666666666,0.74,0.06,,,earthquake,depth free,middle auto,23.84455849418407,-289.61003763091645,12.451470389675762,,False,3.680739593434767
2018-04-23 06:04:38.200000,35.1785,132.58316666666667,10.68,0.5,V,0.0033333333333333,0.0034999999999999,0.68,0.06,,,earthquake,depth free,middle auto,22.47141682239848,-289.10963930616515,14.521579176615043,,False,1.6345717926816434
2018-04-23 06:05:15.670000,35.169,132.59233333333333,9.84,0.8,V,0.0025,0.003,0.62,0.04,,,earthquake,depth free,middle auto,21.38605916065063,-288.34322046609753,13.658773330496995,,False,2.92108558309176
2018-04-23 07:04:58.430000,35.095,132.673,8.76,2.5,V,0.0016666666666666,0.002,0.72,0.03,,,earthquake,depth free,high manual,12.934547701796246,-281.32461343477047,12.377234412704391,,False,13.109774624578085
2018-04-23 07:08:43.820000,35.096000000000004,132.67433333333332,9.3,1.5,V,0.0015,0.0018333333333333,0.61,0.02,,,earthquake,depth free,middle auto,13.04534347586542,-281.1810937208408,12.911770673725274,,False,12.969888414666634
2018-04-23 07:14:32.280000,35.1855,132.61116666666666,10.95,2.0,V,0.002,0.0023333333333333,0.53,0.03,,,earthquake,depth free,high manual,23.167761582127827,-286.53758955745934,14.694618364409436,,False,2.518030592896647
2018-04-23 07:16:24.380000,35.095333333333336,132.6735,8.95,0.6,V,0.0018333333333333,0.0021666666666666,0.77,0.03,,,earthquake,depth free,middle auto,12.971390073852112,-281.27137608117624,12.565229063329136,,False,13.0611969460616
2018-04-23 07:18:40.740000,35.09666666666667,132.67466666666667,9.09,0.8,V,0.0016666666666666,0.002,0.67,0.03,,,earthquake,depth free,middle auto,13.116975021527931,-281.1559532576685,12.700268203015014,,False,12.980239175867238
2018-04-23 07:36:13.340000,35.09816666666667,132.67416666666665,9.74,1.4,V,0.0016666666666666,0.0018333333333333,0.59,0.03,,,earthquake,depth free,middle auto,13.289191713959646,-281.1732014380074,13.350148608449254,,False,12.688238295406164
2018-04-23 07:37:28.990000,35.172333333333334,132.60083333333333,7.09,0.9,V,0.0016666666666666,0.0018333333333333,0.5,0.02,,,earthquake,depth free,middle auto,21.71649239917271,-287.66071585255037,10.880310247832607,,False,5.378613752527209
2018-04-23 08:03:06.220000,35.097166666666666,132.6745,9.4,0.9,V,0.002,0.0021666666666666,0.72,0.03,,,earthquake,depth free,middle auto,13.175006759514968,-281.1584098309046,13.01016761179563,,False,12.859509106433965
2018-04-23 08:04:42.480000,35.09583333333334,132.67783333333333,8.42,0.6,V,0.0021666666666666,0.0026666666666666,0.97,0.04,,,earthquake,depth free,middle auto,13.010988662566971,-280.89507636163796,12.02133866507341,,False,13.398453549939553
2018-04-23 08:35:05.970000,35.177499999999995,132.57566666666665,9.1,0.6,V,0.0026666666666666,0.0026666666666666,0.5,0.04,,,earthquake,depth free,middle auto,22.37421872528024,-289.8508248729898,12.96815367276271,,False,3.2878473604733705
2018-04-23 11:33:46.430000,35.0965,132.67166666666665,8.86,0.8,V,0.002,0.0023333333333333,0.8,0.03,,,earthquake,depth free,middle auto,13.105495426440896,-281.4368980802,12.48012324848912,,False,12.8852104355728
2018-04-23 11:47:45.610000,35.19799999999999,132.56383333333335,10.6,1.1,V,0.0023333333333333,0.0026666666666666,0.53,0.04,,,earthquake,depth free,middle auto,24.69134471620611,-290.7948054072606,14.492199543405135,,False,2.970029994471313
2018-04-23 12:41:16.940000,35.196666666666665,132.5735,10.73,0.8,V,0.0025,0.0028333333333333,0.62,0.05,,,earthquake,depth free,middle auto,24.515599483958884,-289.91895403680087,14.59094025477793,,False,2.27168194894409
2018-04-23 15:22:50.570000,35.19533333333333,132.56716666666665,10.4,0.7,V,0.0036666666666666,0.0045,0.87,0.07,,,earthquake,depth free,middle auto,24.3846774177932,-290.5096913711044,14.283063330742149,,False,2.7429407773655567
2018-04-23 16:13:50.940000,35.17816666666666,132.58916666666667,12.66,2.4,V,0.0018333333333333,0.0023333333333333,0.46,0.03,,,earthquake,depth free,high manual,22.427198637788344,-288.4948637160557,16.48069875917596,,False,0.9234090244398916
2018-04-23 18:39:12.720000,35.18516666666666,132.58933333333334,12.93,0.6,V,0.0056666666666666,0.0043333333333333,0.79,0.1,,,earthquake,depth free,middle auto,23.204490774831022,-288.44504487997744,16.74505413343787,,False,0.8376031664487587
2018-04-23 20:08:34.290000,35.19,132.57633333333334,12.1,0.8,V,0.0025,0.0028333333333333,0.55,0.05,,,earthquake,depth free,middle auto,23.77447961870854,-289.6358425016287,15.955160687236434,,False,1.1089356005754318
2018-04-23 22:24:46.960000,35.18733333333333,132.5775,12.42,0.9,V,0.004,0.004,0.67,0.07,,,earthquake,depth free,middle auto,23.476874169820825,-289.5279440682872,16.272921700049054,,False,0.9289692506885932
2018-04-23 22:47:24.170000,35.16583333333333,132.58950000000002,11.47,1.4,V,0.0016666666666666,0.0021666666666666,0.39,0.03,,,earthquake,depth free,middle auto,21.05181154751361,-288.551876047895,15.29929829408964,,False,2.207032933943167
2018-04-23 23:03:47.590000,35.16533333333333,132.59083333333334,11.46,1.0,V,0.0016666666666666,0.002,0.4,0.03,,,earthquake,depth free,middle auto,20.99239102660128,-288.4331761408148,15.285284390357427,,False,2.2795172929315917
2018-04-23 23:05:30.350000,35.19683333333333,132.56916666666666,10.56,0.8,V,0.0023333333333333,0.0021666666666666,0.42,0.04,,,earthquake,depth free,middle auto,24.546002198453703,-290.3172240848243,14.43530461435675,,False,2.609332614676785
2018-04-23 23:09:23.200000,35.1875,132.58083333333332,12.76,1.0,v,0.0033333333333333,0.0033333333333333,0.56,0.06,,,earthquake,depth free,middle auto,23.48730209779199,-289.2129412450082,16.601563885683635,,False,0.8807396166379822
2018-04-24 01:12:47.320000,35.1555,132.59466666666668,6.5600000000000005,0.6,V,0.002,0.0023333333333333,0.73,0.03,,,earthquake,depth free,middle auto,19.862812463009025,-288.29898677206336,10.383313538623264,,False,6.483790271687092
2018-04-24 01:18:58.850000,35.202333333333335,132.57416666666666,13.86,0.9,v,0.0036666666666666,0.0043333333333333,0.79,0.07,,,earthquake,depth free,middle auto,25.157334018160405,-289.72354523286475,17.712806400231273,,False,2.8497642217237935
2018-04-24 02:38:49.620000,35.17466666666667,132.5775,8.25,0.6,V,0.0031666666666666,0.0034999999999999,0.76,0.05,,,earthquake,depth free,middle auto,22.049919554499724,-289.72588150265517,12.11469187820091,,False,4.120526490430679
2018-04-24 03:08:31.840000,35.1815,132.57999999999998,12.72,0.6,v,0.0041666666666666,0.0041666666666666,0.57,0.06,,,earthquake,depth free,middle manual,22.824062023171752,-289.31127897662293,16.56852302467536,,False,0.9150179441839358
2018-04-24 04:27:38.400000,35.177,132.58316666666667,9.21,0.5,v,0.003,0.0031666666666666,0.64,0.05,,,earthquake,depth free,middle auto,22.297298745357377,-289.16871017381163,13.053646465401926,,False,3.0580319166079426
2018-04-24 06:01:04.410000,35.198166666666665,132.57116666666667,13.77,0.7,V,0.0016666666666666,0.002,0.36,0.03,,,earthquake,depth free,middle auto,24.703652995487875,-290.0134049225712,17.63557603820526,,False,2.628631428536212
2018-04-24 10:04:45.420000,35.18966666666666,132.57133333333334,12.91,0.9,V,0.0021666666666666,0.0021666666666666,0.36,0.04,,,earthquake,depth free,middle auto,23.756249390271964,-290.0602621303646,16.78138421853003,,False,1.688299059581208
2018-04-24 12:15:04.630000,35.17316666666667,132.62933333333334,7.89,0.8,v,0.0023333333333333,0.0023333333333333,0.63,0.04,,,earthquake,depth free,middle auto,21.73053578974254,-285.0444900427414,11.586265515503554,,False,5.881986345125756
2018-04-24 16:07:21.980000,35.184666666666665,132.61216666666667,10.69,0.7,V,0.004,0.0041666666666666,1.0,0.07,,,earthquake,depth free,middle auto,23.07107382440914,-286.45930799712454,14.432108106764472,,False,2.7248581418540416
2018-04-24 16:28:35.390000,35.19016666666666,132.59516666666667,12.51,0.5,V,0.0026666666666666,0.0026666666666666,0.5,0.05,,,earthquake,depth free,middle auto,23.739902269350193,-287.91415473931625,16.302717698010277,,False,1.05420513924942
2018-04-24 16:51:01.240000,35.19316666666666,132.56966666666665,10.74,1.0,V,0.0034999999999999,0.0031666666666666,0.63,0.06,,,earthquake,depth free,middle auto,24.138601497363627,-290.27842672412964,14.616005455578168,,False,2.280413196824237
2018-04-24 18:56:50.810000,35.19333333333333,132.57366666666667,11.15,1.0,V,0.003,0.003,0.57,0.05,,,earthquake,depth free,middle auto,24.1473597833011,-289.9003594755828,15.012357120825612,,False,1.8100410079447258
2018-04-24 20:10:10.600000,35.16883333333333,132.59066666666666,10.19,0.9,V,0.0023333333333333,0.0026666666666666,0.53,0.04,,,earthquake,depth free,middle auto,21.374320215313816,-288.482138970241,14.014139226809975,,False,2.6427491129062823
2018-04-24 21:54:57.400000,35.1675,132.59633333333335,7.05,0.6,V,0.0025,0.0023333333333333,0.56,0.03,,,earthquake,depth free,middle auto,21.19284770738605,-288.0874062605859,10.858608522989927,,False,5.496247691866833
2018-04-24 22:11:10.920000,35.181,132.56483333333335,10.08,1.2,V,0.0021666666666666,0.0026666666666666,0.5,0.04,,,earthquake,depth free,middle auto,22.799567480434863,-290.7842465672193,13.980931073164614,,False,2.879527184508525
2018-04-24 23:05:26.280000,35.18783333333333,132.56816666666666,10.13,0.5,v,0.0028333333333333,0.003,0.58,0.05,,,earthquake,depth free,middle auto,23.54822124351485,-290.45584921131837,14.015058935623909,,False,2.634435164429704
2018-04-25 02:22:26.300000,35.169666666666664,132.59183333333334,10.58,1.2,V,0.002,0.0025,0.48,0.04,,,earthquake,depth free,middle auto,21.46546746807492,-288.3592189051288,14.39943179223307,,False,2.3225609591943486
2018-04-25 03:24:18.900000,35.19333333333333,132.56966666666665,11.06,1.3,V,0.0021666666666666,0.0025,0.48,0.04,,,earthquake,depth free,middle auto,24.15867459117968,-290.26607578434516,14.935672163396712,,False,2.1090666326927034
2018-04-25 03:35:33.420000,35.175666666666665,132.5825,12.35,0.8,v,0.0031666666666666,0.0034999999999999,0.49,0.06,,,earthquake,depth free,middle auto,22.167794296500915,-289.1190934332371,16.194654662640293,,False,1.090374728048846
2018-04-25 04:47:35.750000,35.18183333333333,132.58800000000002,11.66,1.2,v,0.0036666666666666,0.004,0.66,0.06,,,earthquake,depth free,middle auto,22.832145538434677,-288.62400659103463,15.482631914291654,,False,0.5782873051904255
2018-04-25 05:33:35.260000,35.17366666666666,132.631,7.9,1.2,V,0.002,0.0023333333333333,0.62,0.03,,,earthquake,depth free,middle auto,21.78127466937508,-284.8912501104479,11.590499823372548,,False,5.963912332028484
2018-04-25 06:35:49.140000,35.17316666666667,132.6275,7.09,1.2,V,0.0018333333333333,0.0021666666666666,0.64,0.03,,,earthquake,depth free,middle auto,21.731576971563385,-285.2394655985915,10.792738098738036,,False,6.384603176776864
2018-04-25 09:22:41.740000,35.189499999999995,132.57816666666668,12.16,1.1,V,0.0018333333333333,0.002,0.4,0.03,,,earthquake,depth free,middle auto,23.713938439601467,-289.4693416000867,16.009402527758958,,False,0.9397098708239787
2018-04-25 11:28:00.430000,35.16416666666667,132.6015,10.92,0.6,v,0.0226666666666666,0.0298333333333333,1.88,0.22,,,earthquake,depth free,middle auto,20.82888532807335,-287.4901722185634,14.71148914168721,,False,2.907324542638553
2018-04-25 15:20:21.590000,35.162,132.60899999999998,6.8,0.9,V,0.0034999999999999,0.003,0.9,0.05,,,earthquake,depth free,middle auto,20.543984095044905,-286.9671212846371,10.571312862507884,,False,6.2330497163483045
2018-04-25 16:48:11.840000,35.17966666666666,132.58766666666668,12.51,0.9,V,0.0031666666666666,0.0033333333333333,0.65,0.05,,,earthquake,depth free,middle auto,22.597178869700624,-288.6309023698949,16.334677088629142,,False,0.6786318203525173
2018-04-25 17:49:54.590000,35.186499999999995,132.576,9.64,0.5,v,0.0036666666666666,0.003,0.59,0.06,,,earthquake,depth free,middle auto,23.37476289038089,-289.7686843543732,13.500361213227986,,False,2.6791765600676305
2018-04-25 18:01:28.950000,35.17783333333333,132.58566666666667,10.55,1.2,V,0.0033333333333333,0.004,0.82,0.05,,,earthquake,depth free,middle auto,22.389449555437604,-288.89019155285,14.383895998054372,,False,1.7549705441876495
2018-04-25 18:35:21.740000,35.16383333333333,132.59933333333333,9.59,1.2,V,0.0023333333333333,0.0025,0.53,0.04,,,earthquake,depth free,middle auto,20.790941697234413,-287.73605606741637,13.38973365493192,,False,3.6222539875953044
2018-04-25 19:31:48.770000,35.17916666666667,132.57783333333333,8.99,0.7,v,0.0038333333333333,0.0043333333333333,0.79,0.06,,,earthquake,depth free,middle auto,22.55224518726666,-289.6524986657332,12.849878611483389,,False,3.297685338824733
2018-04-25 20:18:13.120000,35.19616666666666,132.56383333333335,13.1,1.2,V,0.0016666666666666,0.002,0.38,0.03,,,earthquake,depth free,middle auto,24.500163926907227,-290.7093392817646,16.991709259431165,,False,2.618765982887342
2018-04-25 22:29:05.550000,35.1705,132.58583333333334,8.33,0.9,V,0.0021666666666666,0.0023333333333333,0.53,0.03,,,earthquake,depth free,middle auto,21.563443121320017,-288.9822451840035,12.170115411156146,,False,4.1132959913298714
2018-04-25 22:51:44.590000,35.12,132.4835,12.37,0.6,V,0.0043333333333333,0.0046666666666666,0.61,0.08,,,earthquake,depth free,middle auto,16.288169312973533,-298.29220422858674,16.590556287318126,,False,11.798308383496584
2018-04-25 23:16:13.470000,35.19649999999999,132.56733333333332,9.65,0.7,v,0.0026666666666666,0.003,0.58,0.04,,,earthquake,depth free,middle auto,24.50996746209365,-290.51798609222163,13.5322381062984,,False,3.309366052784367
2018-04-26 02:49:46.850000,35.174166666666665,132.58866666666668,7.91,0.7,V,0.0021666666666666,0.0026666666666666,0.64,0.03,,,earthquake,depth free,middle auto,21.959891906553064,-288.7276282548257,11.738421418533775,,False,4.381805279439751
2018-04-26 02:55:14.280000,35.18516666666666,132.57033333333334,12.5,0.8,V,0.003,0.0034999999999999,0.51,0.06,,,earthquake,depth free,middle auto,23.258009869049,-290.18199015078125,16.378091524306697,,False,1.528004126363833
2018-04-26 03:04:45.550000,35.17433333333333,132.58816666666667,8.74,1.5,V,0.0018333333333333,0.0021666666666666,0.52,0.03,,,earthquake,depth free,middle auto,21.98423984384202,-288.74209229306257,12.569384975276336,,False,3.5814154815165997
2018-04-26 03:20:12.380000,35.166999999999994,132.5885,10.41,1.0,V,0.0013333333333333,0.0016666666666666,0.36,0.02,,,earthquake,depth free,middle auto,21.17842517942441,-288.67702820182336,14.242457802667063,,False,2.613707274771517
2018-04-26 04:50:50.910000,35.1615,132.59783333333334,9.68,0.7,V,0.0018333333333333,0.0021666666666666,0.47,0.03,,,earthquake,depth free,middle auto,20.536886694340076,-287.87704474919775,13.486317348832484,,False,3.6935473394580187
2018-04-26 05:08:16.360000,35.1795,132.58783333333335,11.67,0.9,V,0.003,0.0036666666666666,0.73,0.05,,,earthquake,depth free,middle auto,22.573843160560298,-288.6470401502861,15.494816537516272,,False,0.7427158825225074
2018-04-26 06:08:15.680000,35.1785,132.6185,9.51,1.1,V,0.0018333333333333,0.0021666666666666,0.51,0.03,,,earthquake,depth free,middle auto,22.36234715258425,-285.949622299078,13.236582554306946,,False,3.9591232921362303
2018-04-26 06:22:44.900000,35.1635,132.58516666666668,7.68,0.6,V,0.0021666666666666,0.0025,0.63,0.03,,,earthquake,depth free,middle auto,20.784909582637216,-289.0913529657635,11.527874137209553,,False,5.0342202054399765
2018-04-26 06:52:04.490000,35.181,132.5865,11.95,1.2,V,0.0038333333333333,0.0045,0.81,0.07,,,earthquake,depth free,middle auto,22.745588899968464,-288.75229986122656,15.777960453880922,,False,0.4452327103320826
2018-04-26 08:53:41.410000,35.199666666666666,132.5625,12.39,0.6,v,0.0046666666666666,0.0036666666666666,0.6,0.08,,,earthquake,depth free,middle auto,24.888836273732,-290.84370574153405,16.284279929628696,,False,2.764593268751946
2018-04-26 10:37:16.360000,35.171,132.59383333333335,7.82,1.1,V,0.002,0.0025,0.59,0.03,,,earthquake,depth free,middle auto,21.59281010738015,-288.2736780039868,11.633760664380963,,False,4.615321457625056
2018-04-26 11:13:06.200000,35.17833333333333,132.57666666666665,9.24,1.0,V,0.0026666666666666,0.0034999999999999,0.7,0.05,,,earthquake,depth free,middle auto,22.46449090956917,-289.7520706318735,13.104156824549872,,False,3.109596257827934
2018-04-26 11:14:56.810000,35.175999999999995,132.57783333333333,9.12,1.3,V,0.0016666666666666,0.002,0.46,0.03,,,earthquake,depth free,middle auto,22.2014959957602,-289.65903650090377,12.98204003459463,,False,3.2600707143047107
2018-04-26 11:52:31.230000,35.175999999999995,132.59366666666668,7.43,0.7,V,0.0033333333333333,0.0033333333333333,0.74,0.05,,,earthquake,depth free,middle auto,22.146243729815097,-288.28523266974014,11.240982120048692,,False,4.839353746535026
2018-04-26 13:11:06.850000,35.1875,132.56666666666666,15.33,0.5,v,0.0146666666666666,0.0155,2.52,0.27,,,earthquake,depth free,middle auto,23.5418781667616,-290.40172398773933,19.21668425285332,,False,3.691629243196477
2018-04-26 14:30:54.490000,35.18366666666666,132.64966666666666,8.36,0.5,V,0.0038333333333333,0.0031666666666666,0.89,0.06,,,earthquake,depth free,middle auto,22.83990096468863,-283.147367625839,11.982900584866163,,False,6.848400842481574
2018-04-26 16:05:14.970000,35.168,132.55783333333335,11.16,0.9,V,0.0031666666666666,0.0033333333333333,0.56,0.05,,,earthquake,depth free,middle auto,21.383567726946357,-291.42545815290157,15.092798247317573,,False,3.34746104269052
2018-04-26 16:24:13.860000,35.198166666666665,132.577,11.13,0.8,V,0.0038333333333333,0.004,0.82,0.06,,,earthquake,depth free,middle auto,24.673688218358432,-289.58183128016594,14.97807828227358,,False,2.003496754603229
2018-04-26 17:19:52.360000,35.178666666666665,132.57733333333334,8.89,1.5,V,0.0018333333333333,0.0021666666666666,0.49,0.03,,,earthquake,depth free,middle auto,22.497703735907734,-289.70327114073626,12.751954828726316,,False,3.41443804422807
2018-04-26 18:37:37.530000,35.19083333333333,132.57999999999998,10.88,0.7,V,0.0034999999999999,0.0041666666666666,0.89,0.07,,,earthquake,depth free,middle auto,23.850070258749867,-289.3453333330892,14.723304817446165,,False,1.548130768170101
2018-04-26 21:30:35.670000,35.20366666666667,132.614,7.89,0.6,V,0.0051666666666666,0.0048333333333333,1.21,0.08,,,earthquake,depth free,middle auto,25.16041356391285,-286.3272031385711,11.615125904620871,,False,5.34572189634515
2018-04-26 21:53:49.620000,35.17833333333333,132.60783333333333,6.95,0.6,V,0.0025,0.0026666666666666,0.78,0.04,,,earthquake,depth free,middle auto,22.36144913348087,-287.009765297273,10.71320049881757,,False,5.569234746232571
2018-04-26 23:13:01.730000,35.19283333333333,132.6225,7.26,0.8,V,0.002,0.0023333333333333,0.69,0.03,,,earthquake,depth free,middle auto,23.930150015689705,-285.6175605136112,10.96512470171581,,False,5.925420146836966
2018-04-26 23:26:07.300000,35.169666666666664,132.60399999999998,8.6,1.5,V,0.0018333333333333,0.0021666666666666,0.52,0.03,,,earthquake,depth free,middle auto,21.419342078530924,-287.3282330926162,12.38084639407012,,False,4.2080412035500885
2018-04-27 01:08:28.500000,35.1735,132.59433333333334,12.6,1.0,V,0.002,0.0023333333333333,0.49,0.03,,,earthquake,depth free,middle auto,21.89418394076028,-288.04550547115497,16.40708229058141,,False,1.4967688105704497
2018-04-27 01:27:20.580000,35.15833333333333,132.60916666666665,7.35,1.3,V,0.0018333333333333,0.0023333333333333,0.67,0.03,,,earthquake,depth free,middle auto,20.13949949571728,-286.94505492707816,11.12312500369288,,False,5.963715602709911
2018-04-27 01:34:06.250000,35.159166666666664,132.60683333333333,6.96,0.6,V,0.002,0.0023333333333333,0.69,0.03,,,earthquake,depth free,middle auto,20.236628042183423,-287.16786555558866,10.74039490518964,,False,6.172085306959441
2018-04-27 02:18:08.440000,35.183499999999995,132.583,11.92,0.6,V,0.0025,0.0026666666666666,0.53,0.04,,,earthquake,depth free,middle auto,23.033000712851475,-289.06161429871736,15.757766062114992,,False,0.41411035421121745
2018-04-27 03:06:40.730000,35.211333333333336,132.56783333333334,11.53,0.5,V,0.0028333333333333,0.0034999999999999,0.69,0.05,,,earthquake,depth free,middle auto,26.163203762797856,-290.35047100282384,15.399498326343974,,False,3.469495974415558
2018-04-27 05:49:41.860000,35.16983333333333,132.59616666666668,12.33,1.2,V,0.0018333333333333,0.0023333333333333,0.45,0.03,,,earthquake,depth free,middle auto,21.48069298235086,-287.90221396467626,16.133889549033793,,False,1.8688810609545095
2018-04-27 09:00:34.570000,35.18083333333333,132.58766666666668,12.09,0.5,V,0.0033333333333333,0.0038333333333333,0.7,0.06,,,earthquake,depth free,middle auto,22.72441128974727,-288.6420776098199,15.914140159966824,,False,0.43683492807307256
2018-04-27 11:50:22.280000,35.220333333333336,132.548,7.08,0.9,V,0.0205,0.0173333333333333,3.99,0.34,,,earthquake,depth free,middle auto,27.200290173643403,-292.27923971422393,11.012902400209809,,False,7.31365332312637
2018-04-27 12:12:15.980000,35.2045,132.56933333333333,11.64,0.9,V,0.003,0.0034999999999999,0.71,0.06,,,earthquake,depth free,middle auto,25.401263660154935,-290.2350177323184,15.508903732401096,,False,2.7490278278142912
2018-04-27 13:28:18.170000,35.199,132.57133333333334,10.84,1.3,V,0.0016666666666666,0.0021666666666666,0.47,0.03,,,earthquake,depth free,middle auto,24.781379629382354,-290.10288312585334,14.706474833277936,,False,2.4758020996138157
2018-04-27 15:08:20.380000,35.17883333333333,132.57916666666665,10.23,0.9,V,0.0073333333333333,0.0071666666666666,1.32,0.12,,,earthquake,depth free,middle auto,22.517787404795676,-289.4874296536741,14.084858430642338,,False,2.119488734967668
2018-04-27 17:32:08.600000,35.19016666666666,132.5745,9.19,1.0,V,0.003,0.0025,0.51,0.05,,,earthquake,depth free,middle auto,23.783798150198564,-289.90803367342664,13.053104387270498,,False,3.199183288425537
2018-04-27 19:37:37.710000,35.19266666666666,132.56916666666666,11.63,0.9,V,0.0016666666666666,0.002,0.39,0.03,,,earthquake,depth free,middle auto,24.089008274784906,-290.29282049812616,15.507392395067685,,False,1.8862769130360821
2018-04-27 20:42:28.240000,35.1915,132.56916666666666,11.25,0.6,v,0.0055,0.005,0.8,0.09,,,earthquake,depth free,middle auto,23.957696943259084,-290.31095595712776,15.12845010740287,,False,1.9671013361192833
2018-04-28 01:41:27.610000,35.162166666666664,132.56183333333334,10.24,0.5,V,0.0043333333333333,0.005,0.56,0.08,,,earthquake,depth free,middle manual,20.719567327306063,-291.1177589639317,14.164408219225502,,False,3.8582953412987933
2018-04-28 01:41:36.120000,35.189166666666665,132.57566666666665,11.69,0.7,v,0.003,0.0034999999999999,0.54,0.06,,,earthquake,depth free,middle auto,23.6819422527715,-289.7142392917776,15.548218869442966,,False,1.1994179939337493
2018-04-28 01:54:21.790000,35.203,132.56650000000002,11.97,1.1,v,0.006,0.0053333333333333,0.89,0.1,,,earthquake,depth free,middle auto,25.244778493176973,-290.484905848921,15.849066384569342,,False,2.7406482038921927
2018-04-28 03:42:39.770000,35.18516666666666,132.5705,11.28,3.6,V,0.002,0.0025,0.5,0.03,,,earthquake,depth free,high manual,23.25131484326597,-290.21169733405344,15.15837794291391,,False,1.6959499128703335
2018-04-28 03:46:56.290000,35.187666666666665,132.57483333333332,10.45,0.7,V,0.0034999999999999,0.004,0.63,0.07,,,earthquake,depth free,middle auto,23.51173738490883,-289.8405574714134,14.31285974603184,,False,2.0212987202163144
2018-04-28 03:50:11.700000,35.18666666666666,132.57,10.98,0.6,v,0.0045,0.0055,0.83,0.08,,,earthquake,depth free,middle auto,23.417675075132117,-290.26265755328046,14.859200044092262,,False,1.912484798497916
2018-04-28 05:15:51.680000,35.18266666666666,132.57066666666665,11.18,1.2,V,0.0016666666666666,0.002,0.4,0.03,,,earthquake,depth free,middle auto,22.972966041609173,-290.20920663329633,15.059640329521786,,False,1.7488355272626346
2018-04-28 05:50:24.230000,35.1785,132.6085,12.27,0.7,V,0.002,0.0023333333333333,0.47,0.04,,,earthquake,depth free,middle auto,22.405781476824146,-286.7561989385202,16.027345901866326,,False,2.1000672805708867
2018-04-28 05:57:10.420000,35.19799999999999,132.58283333333333,13.2,0.8,V,0.0041666666666666,0.0038333333333333,0.74,0.07,,,earthquake,depth free,middle auto,24.648169963220003,-288.9782916421823,17.02751834047333,,False,1.8587980173598064
2018-04-28 06:47:42.120000,35.18416666666666,132.56799999999998,10.23,1.0,V,0.0016666666666666,0.002,0.39,0.03,,,earthquake,depth free,middle auto,23.142375233284113,-290.48040028413,14.118090171561123,,False,2.54574926281693
2018-04-28 07:00:12.280000,35.1905,132.571,11.38,0.6,v,0.0034999999999999,0.0034999999999999,0.57,0.06,,,earthquake,depth free,middle auto,23.842014634540423,-290.1436527500514,15.2529673876317,,False,1.7323992772889465
2018-04-28 07:06:03.960000,35.164,132.5945,9.09,0.8,V,0.0026666666666666,0.0028333333333333,0.63,0.04,,,earthquake,depth free,middle auto,20.820809414154937,-288.19185088941464,12.905816497724832,,False,3.874298447471205
2018-04-28 07:18:29.940000,35.175,132.58800000000002,9.92,0.7,V,0.003,0.0034999999999999,0.7,0.05,,,earthquake,depth free,middle auto,22.06493660475324,-288.71178162660686,13.748654777552035,,False,2.4596980906122625
2018-04-28 09:20:21.760000,35.18433333333333,132.5871666666667,8.21,0.5,v,0.0056666666666666,0.0046666666666666,1.07,0.1,,,earthquake,depth free,middle auto,23.09429065685851,-288.8165102565546,12.035970309429551,,False,3.920437172427533
2018-04-28 10:28:45.280000,35.187,132.57316666666665,11.4,0.6,V,0.0043333333333333,0.0036666666666666,0.71,0.08,,,earthquake,depth free,middle auto,23.447468467818272,-289.9591186296574,15.268187422708037,,False,1.4489961335408414
2018-04-28 10:46:27.730000,35.09466666666667,132.5548333333333,12.52,0.8,V,0.0025,0.0025,0.46,0.04,,,earthquake,depth free,middle auto,13.265945053103096,-291.91024260069116,16.520571849351594,,False,10.404912033457196
2018-04-28 18:29:15.640000,35.1795,132.5825,9.5,0.5,V,0.0038333333333333,0.0036666666666666,0.69,0.06,,,earthquake,depth free,middle auto,22.57819489555205,-289.20963379122725,13.343876190835068,,False,2.7182252298186658
2018-04-28 20:38:40.460000,35.18483333333333,132.5795,10.74,0.7,v,0.0034999999999999,0.0034999999999999,0.55,0.07,,,earthquake,depth free,middle auto,23.185149628571786,-289.4171580762062,14.589195251891804,,False,1.5346386687749436
2018-04-28 20:40:19.720000,35.189499999999995,132.57483333333332,11.17,2.1,V,0.0018333333333333,0.0023333333333333,0.47,0.03,,,earthquake,depth free,high manual,23.71876001975192,-289.80761306850917,15.031102889686544,,False,1.5367485085324668
2018-04-28 21:49:12.850000,35.19283333333333,132.565,12.19,0.6,V,0.0026666666666666,0.0028333333333333,0.5,0.05,,,earthquake,depth free,middle auto,24.12253517135607,-290.6490992340822,16.08072169374334,,False,2.1649697273681823
2018-04-28 22:39:49.500000,35.1705,132.58450000000002,7.99,1.4,V,0.0016666666666666,0.002,0.49,0.02,,,earthquake,depth free,middle manual,21.565530896716112,-289.115559386714,11.834745014236509,,False,4.4330434497141304
2018-04-29 00:50:55.860000,35.19116666666666,132.57033333333334,11.49,0.7,V,0.0055,0.0051666666666666,0.78,0.09,,,earthquake,depth free,middle auto,23.918480841689817,-290.19763045726705,15.364644836012689,,False,1.7677842772995318
2018-04-29 04:12:03.340000,35.155833333333334,132.60166666666666,6.27,0.5,V,0.002,0.0025,0.73,0.03,,,earthquake,depth free,middle auto,19.87775877936524,-287.6733474569546,10.070276850410638,,False,6.81489016354769
2018-04-29 05:00:35.820000,35.171,132.596,12.22,0.7,v,0.0076666666666666,0.0073333333333333,1.24,0.17,,,earthquake,depth free,middle auto,21.609998851521244,-287.9171805408993,16.02366693465818,,False,1.7393942050522122
2018-04-29 12:01:50.210000,35.16866666666667,132.59050000000002,9.92,1.3,V,0.0016666666666666,0.002,0.43,0.03,,,earthquake,depth free,middle auto,21.354861136755257,-288.50768021828657,13.744992159540816,,False,2.856463726113994
2018-04-29 12:07:07.890000,35.18783333333333,132.59383333333335,12.71,1.1,V,0.002,0.0021666666666666,0.41,0.03,,,earthquake,depth free,middle auto,23.485995635998897,-288.03594240989884,16.508564666886638,,False,0.9393778442450011
2018-04-29 14:35:11.750000,35.16916666666666,132.5885,9.8,3.2,V,0.002,0.0025,0.55,0.03,,,earthquake,depth free,high manual,21.41554756178161,-288.6915780067354,13.63129426135938,,False,2.9011858018124683
2018-04-29 14:36:14.700000,35.169,132.58983333333333,9.71,1.7,V,0.002,0.0021666666666666,0.46,0.03,,,earthquake,depth free,high manual,21.39266908208073,-288.57458488127776,13.5370865613736,,False,2.993878704922222
2018-04-29 14:41:32.810000,35.16916666666666,132.59066666666666,10.11,1.3,V,0.0018333333333333,0.0021666666666666,0.47,0.03,,,earthquake,depth free,middle auto,21.41087621130905,-288.4838705852902,13.93395132766588,,False,2.6781103191604165
2018-04-29 14:45:22.110000,35.16866666666667,132.58883333333335,9.84,1.0,V,0.0018333333333333,0.002,0.43,0.03,,,earthquake,depth free,middle auto,21.35930529690123,-288.6616797906525,13.670532823569378,,False,2.9046692943330443
2018-04-29 16:38:44.530000,35.158833333333334,132.56633333333335,6.73,0.6,V,0.0025,0.0026666666666666,0.54,0.04,,,earthquake,depth free,middle auto,20.316988642060213,-290.8509348531152,10.644358314698268,,False,6.386916653179464
2018-04-29 17:26:24.390000,35.11216666666667,132.75983333333335,8.02,0.5,V,0.0025,0.0025,1.06,0.04,,,earthquake,depth free,middle auto,14.590946070367927,-273.41139858630197,11.351187472283486,,False,18.132194326631865
2018-04-29 18:00:18.190000,35.171166666666664,132.555,11.38,0.5,v,0.005,0.0045,0.63,0.07,,,earthquake,depth free,middle auto,21.744419696664966,-291.6627374005398,15.319789415912563,,False,3.3257259422817675
2018-04-29 18:16:36.370000,35.117,132.757,9.68,0.5,v,0.003,0.0026666666666666,1.05,0.06,,,earthquake,depth free,middle auto,15.145861646588946,-273.5956509222208,13.014916400157054,,False,17.36161607998653
2018-04-29 21:08:42.810000,35.18516666666666,132.59050000000002,11.52,1.0,V,0.002,0.002,0.34,0.03,,,earthquake,depth free,middle manual,23.193896790049916,-288.39074130406135,15.332171553217275,,False,0.7043376058250522
2018-04-29 21:12:19.460000,35.16733333333333,132.597,12.46,1.5,V,0.0038333333333333,0.0051666666666666,0.59,0.05,,,earthquake,depth free,middle manual,21.201663235624892,-287.8308366408581,16.262884399033968,,False,2.165187846618999
2018-04-29 22:40:13.310000,35.178666666666665,132.57466666666667,9.53,0.7,V,0.0025,0.0025,0.52,0.04,,,earthquake,depth free,middle auto,22.50886594296685,-289.92153929505594,13.400341028918245,,False,2.896369997974461
2018-04-30 00:31:56.370000,35.1765,132.57533333333333,8.12,0.6,V,0.003,0.0036666666666666,0.9,0.05,,,earthquake,depth free,middle manual,22.25908703664346,-289.92054125581984,11.990641214751426,,False,4.237886576410705
2018-04-30 01:56:30.450000,35.181,132.58450000000002,12.7,0.5,V,0.0033333333333333,0.0038333333333333,0.56,0.07,,,earthquake,depth free,middle auto,22.75531733593024,-288.90611507411273,16.534041042552403,,False,0.7273971935792855
2018-04-30 03:50:30.200000,35.172,132.58866666666668,9.38,0.5,V,0.003,0.0033333333333333,0.69,0.05,,,earthquake,depth free,middle auto,21.72722348490509,-288.6817160271069,13.208980370536738,,False,3.09394941473816
2018-04-30 04:45:10.150000,35.172666666666665,132.58216666666667,7.53,0.5,v,0.0025,0.0033333333333333,0.71,0.04,,,earthquake,depth free,middle auto,21.81041989944948,-289.3362318083744,11.381196306656983,,False,4.8064254945393765
2018-04-30 05:23:22.800000,35.18133333333333,132.57666666666665,10.41,0.6,V,0.0034999999999999,0.0036666666666666,0.69,0.06,,,earthquake,depth free,middle auto,22.803445138160527,-289.69849272843817,14.27123663860036,,False,1.9794743300731883
2018-04-30 07:02:13.950000,35.16983333333333,132.5896666666667,9.5,0.7,V,0.0023333333333333,0.0025,0.57,0.04,,,earthquake,depth free,middle auto,21.484502293610515,-288.5943887357543,13.327172913259568,,False,3.1148445580771913
2018-04-30 08:24:58.600000,35.16083333333333,132.59516666666667,11.23,0.7,V,0.0046666666666666,0.005,1.0,0.08,,,earthquake,depth free,middle auto,20.47925146058083,-288.0647702315145,15.04451729812663,,False,2.8986637818703724
2018-04-30 10:36:48.960000,35.19716666666666,132.5695,10.06,1.3,V,0.0018333333333333,0.0023333333333333,0.47,0.03,,,earthquake,depth free,middle auto,24.579566996811387,-290.304195945692,13.934318115086295,,False,2.9385650534056484
2018-04-30 10:46:24.280000,35.194,132.572,11.35,1.6,V,0.002,0.0025,0.51,0.03,,,earthquake,depth free,middle auto,24.22720483206523,-290.04164085830826,15.217286600125147,,False,1.857788862109334
2018-04-30 13:07:05.680000,35.14966666666667,132.5945,7.21,2.0,V,0.0018333333333333,0.0023333333333333,0.6,0.03,,,earthquake,depth free,high manual,19.219391892739285,-288.311146553724,11.03784574361573,,False,6.309691150179582
2018-04-30 13:27:56.990000,35.1905,132.59866666666667,11.51,0.6,V,0.0028333333333333,0.0026666666666666,0.53,0.05,,,earthquake,depth free,middle auto,23.76166219133683,-287.63223499018164,15.2916810688502,,False,1.4101010073548481
2018-04-30 13:57:03.250000,35.192499999999995,132.57433333333333,10.99,1.4,V,0.0016666666666666,0.0021666666666666,0.43,0.03,,,earthquake,depth free,middle auto,24.052157069022503,-289.84880108199997,14.850827223932596,,False,1.8185599852746885
2018-04-30 14:46:18.160000,35.18833333333333,132.57083333333333,10.33,0.7,V,0.0048333333333333,0.0055,0.86,0.1,,,earthquake,depth free,low auto,23.596859716600704,-290.20505569746416,14.205731355456711,,False,2.338539490546636
2018-04-30 14:52:31.320000,35.18183333333333,132.58633333333333,12.44,1.2,V,0.0018333333333333,0.0021666666666666,0.43,0.03,,,earthquake,depth free,middle auto,22.841040104391897,-288.7465502263379,16.267590985306033,,False,0.44259427957253794
2018-04-30 15:53:42.880000,35.174,132.5896666666667,8.67,0.9,V,0.003,0.0026666666666666,0.61,0.04,,,earthquake,depth free,middle auto,21.942486377767313,-288.60984028046755,12.494731773420147,,False,3.6671369908238076
2018-04-30 15:57:11.900000,35.1725,132.59300000000002,8.78,0.9,V,0.003,0.003,0.69,0.05,,,earthquake,depth free,middle auto,21.76684890317757,-288.30895838170443,12.594768164772953,,False,3.6574586130958844
2018-04-30 18:59:32.840000,35.177166666666665,132.59283333333337,8.96,0.6,V,0.0038333333333333,0.0036666666666666,0.81,0.06,,,earthquake,depth free,middle auto,22.28619707599393,-288.30094113550933,12.771855762473836,,False,3.3249296007554343
2018-04-30 22:10:15.670000,35.163,132.58633333333333,7.32,0.8,V,0.002,0.0025,0.62,0.03,,,earthquake,depth free,middle auto,20.724018153350716,-289.0004760965047,11.164640842884904,,False,5.378072618698812
2018-05-01 06:33:20.400000,35.169,132.5631666666667,11.62,0.5,V,0.0048333333333333,0.0048333333333333,0.7,0.08,,,earthquake,depth free,middle auto,21.481236203356016,-290.9215701642257,15.533997655005564,,False,2.797948956589079
2018-05-01 09:02:14.210000,35.19683333333333,132.5735,12.32,1.2,V,0.002,0.0023333333333333,0.47,0.03,,,earthquake,depth free,middle auto,24.541856167306612,-289.8600422616817,16.17973923544114,,False,1.8125798225424812
2018-05-01 09:40:24.100000,35.174,132.55283333333335,10.55,0.6,V,0.0031666666666666,0.0034999999999999,0.6,0.06,,,earthquake,depth free,middle auto,22.060768082313487,-291.8795992527496,14.495555721632856,,False,3.649646721248332
2018-05-01 11:54:30.500000,35.19933333333333,132.57666666666665,10.62,0.7,V,0.0046666666666666,0.0043333333333333,0.82,0.08,,,earthquake,depth free,middle auto,24.80162872180843,-289.6265472668987,14.46874760879826,,False,2.3985673511114296
2018-05-01 12:47:58.450000,35.157,132.59716666666668,7.81,0.7,V,0.0028333333333333,0.0026666666666666,0.62,0.04,,,earthquake,depth free,middle auto,20.029028569645437,-288.0214345634368,11.623125179288008,,False,5.385630878758863
2018-05-01 19:08:06.380000,35.18483333333333,132.6045,11.62,1.2,V,0.0018333333333333,0.0023333333333333,0.47,0.03,,,earthquake,depth free,middle auto,23.11660060190234,-287.11977889217434,15.386413643637606,,False,1.696252718413899
2018-05-01 22:31:17.360000,35.17033333333333,132.59233333333333,10.02,0.9,V,0.002,0.0021666666666666,0.48,0.03,,,earthquake,depth free,middle auto,21.534975042172377,-288.33192958942647,13.837684224680547,,False,2.692171822809105
2018-05-02 00:58:55.510000,35.1885,132.57866666666666,10.43,1.2,V,0.0018333333333333,0.0023333333333333,0.49,0.03,,,earthquake,depth free,middle auto,23.59284380922244,-289.4909431401454,14.279620110514276,,False,1.8967684388293706
2018-05-02 02:30:17.610000,35.19733333333333,132.57516666666666,10.63,0.6,V,0.003,0.003,0.6,0.05,,,earthquake,depth free,middle auto,24.584181408280855,-289.76922985614885,14.48504339640301,,False,2.305406782453976
2018-05-02 05:21:09.500000,35.184,132.613,10.69,1.4,V,0.0018333333333333,0.0021666666666666,0.48,0.03,,,earthquake,depth free,middle auto,22.9946880535726,-286.3861420796306,14.429854423197536,,False,2.790312574184293
2018-05-02 05:48:16.490000,35.18533333333333,132.57399999999998,12.06,0.9,V,0.002,0.0025,0.48,0.03,,,earthquake,depth free,middle auto,23.263481959755445,-289.86536005203607,15.926132265389768,,False,1.153456351652414
2018-05-02 06:56:21.120000,35.09766666666667,132.6735,9.38,1.0,V,0.0016666666666666,0.0018333333333333,0.63,0.03,,,earthquake,depth free,middle auto,13.23321052408324,-281.2481304356931,12.99293569419838,,False,12.76566790013465
2018-05-02 10:46:09.400000,35.215833333333336,132.55866666666668,9.68,0.5,V,0.008,0.0091666666666666,2.2,0.14,,,earthquake,depth free,middle auto,26.681008850012972,-291.2328200220651,13.578351863949614,,False,4.941875304444738
2018-05-02 14:38:28.150000,35.19133333333333,132.577,12.6,1.0,V,0.0046666666666666,0.0045,0.77,0.08,,,earthquake,depth free,middle auto,23.92291264950713,-289.5523742713785,16.451701219223235,,False,1.2397595891559179
2018-05-02 15:25:15.390000,35.18333333333333,132.58466666666666,12.75,0.5,V,0.0036666666666666,0.0033333333333333,0.62,0.07,,,earthquake,depth free,middle auto,23.0138848700462,-288.88088565504427,16.581821719298144,,False,0.6627241063316542
2018-05-02 15:33:38.850000,35.177499999999995,132.57883333333334,8.99,0.5,V,0.0031666666666666,0.0034999999999999,0.72,0.05,,,earthquake,depth free,middle auto,22.364345807551484,-289.5677942468602,12.847754150110294,,False,3.3162771188545688
2018-05-02 18:01:53.410000,35.1985,132.56,11.56,0.7,V,0.0025,0.0028333333333333,0.5,0.05,,,earthquake,depth free,middle auto,24.7627786020798,-291.10493464998933,15.463949450065384,,False,2.921039577912047
2018-05-02 20:36:59.530000,35.19133333333333,132.575,12.41,0.7,V,0.0026666666666666,0.0028333333333333,0.47,0.05,,,earthquake,depth free,middle auto,23.927837047508326,-289.74050836304474,16.268445384386244,,False,1.32119114115191
2018-05-02 21:57:11.280000,35.16716666666667,132.5875,10.22,0.9,V,0.002,0.0023333333333333,0.48,0.03,,,earthquake,depth free,middle auto,21.198816216281056,-288.7740131463175,14.05575912990908,,False,2.725273380070823
2018-05-02 22:28:50.730000,35.1885,132.60666666666663,11.24,0.6,V,0.0043333333333333,0.004,0.78,0.07,,,earthquake,depth free,middle auto,23.51513787686388,-286.92425859304404,14.997047289572524,,False,2.065064877507044
2018-05-02 23:43:29.550000,35.18866666666666,132.57233333333332,8.85,0.7,V,0.0033333333333333,0.0033333333333333,0.66,0.05,,,earthquake,depth free,middle auto,23.621995702369315,-290.12224764267074,12.721546062932005,,False,3.5562192226996943
2018-05-03 00:49:06.940000,35.18716666666666,132.57133333333334,12.11,0.5,V,0.0033333333333333,0.003,0.46,0.06,,,earthquake,depth free,middle manual,23.47493347478373,-290.09856771266954,15.983657570999656,,False,1.4183602122623045
2018-05-03 01:20:30.260000,35.209,132.55833333333334,13.77,0.8,v,0.0111666666666666,0.0135,1.43,0.19,,,earthquake,depth free,middle auto,25.942803452510645,-291.1367009327838,17.671034247707947,,False,4.072127327607541
2018-05-03 02:06:59.140000,35.18483333333333,132.5875,12.06,0.6,v,0.0053333333333333,0.0043333333333333,0.74,0.09,,,earthquake,depth free,middle auto,23.168444750703433,-288.644048599989,15.881910267227514,,False,0.10467023966907409
2018-05-03 03:38:00.920000,35.163,132.57216666666667,11.42,0.5,V,0.0023333333333333,0.0026666666666666,0.41,0.04,,,earthquake,depth free,middle manual,20.78804999371116,-290.1347421997857,15.308660876193551,,False,2.831526616513834
2018-05-03 05:42:45.860000,35.15633333333333,132.595,7.98,0.9,V,0.0026666666666666,0.0033333333333333,0.89,0.04,,,earthquake,depth free,middle auto,19.96230841746486,-288.2141137464649,11.80062793500609,,False,5.262026737469409
2018-05-03 06:32:07.920000,35.159166666666664,132.59400000000002,8.41,0.6,v,0.0026666666666666,0.003,0.68,0.04,,,earthquake,depth free,middle auto,20.282106587060976,-288.2790935135183,12.23150242948459,,False,4.721785323614319
2018-05-03 06:52:12.860000,35.1795,132.58483333333334,9.74,0.9,v,0.0028333333333333,0.0026666666666666,0.57,0.05,,,earthquake,depth free,middle auto,22.572603801221774,-288.9893687603177,13.576014515711156,,False,2.4634716646338832
2018-05-03 12:36:07.240000,35.19183333333333,132.57383333333334,10.51,1.1,V,0.0021666666666666,0.0023333333333333,0.48,0.04,,,earthquake,depth free,middle auto,23.977277440182647,-289.9140897478522,14.373266147497024,,False,2.1476654292649506
2018-05-03 12:40:36.600000,35.161833333333334,132.573,12.12,1.2,V,0.0018333333333333,0.002,0.38,0.03,,,earthquake,depth free,middle auto,20.660020906835776,-290.0376888188428,16.006280905313417,,False,2.8211766084470864
2018-05-03 13:58:14.890000,35.17983333333333,132.59,12.18,1.2,V,0.0021666666666666,0.0023333333333333,0.45,0.04,,,earthquake,depth free,middle auto,22.607130346992403,-288.4309397438513,15.997104124970267,,False,0.6177913888845812
2018-05-03 15:47:15.870000,35.186166666666665,132.5795,8.69,0.8,V,0.0036666666666666,0.0034999999999999,0.66,0.06,,,earthquake,depth free,middle auto,23.32268127995761,-289.48742810610514,12.539668189321688,,False,3.504872576801051
2018-05-03 18:19:19.840000,35.17516666666666,132.57766666666666,9.13,1.4,V,0.0021666666666666,0.0025,0.51,0.03,,,earthquake,depth free,middle auto,22.10955786194029,-289.67675223473276,12.99317983321684,,False,3.283137502351243
2018-05-03 19:54:35.310000,35.181,132.5755,9.69,0.7,V,0.0043333333333333,0.0034999999999999,0.63,0.07,,,earthquake,depth free,middle auto,22.766170788546436,-289.8318073531587,13.555824605699778,,False,2.673134263519196
2018-05-03 20:06:18.860000,35.181999999999995,132.5885,11.45,1.3,v,0.003,0.0033333333333333,0.72,0.05,,,earthquake,depth free,middle auto,22.848090410471155,-288.5857683772745,15.27101141329868,,False,0.7600373959633179
2018-05-03 20:58:03.490000,35.102333333333334,132.66666666666666,10.31,1.1,V,0.002,0.002,0.63,0.03,,,earthquake,depth free,middle auto,13.776703258367384,-281.8191130508745,13.940138594978864,,False,11.813458040167818
2018-05-03 21:37:19.810000,35.158833333333334,132.57266666666666,9.05,0.5,v,0.0095,0.0128333333333333,2.07,0.18,,,earthquake,depth free,middle auto,20.31120318142805,-290.19130969015595,12.941733411704105,,False,4.395949045730328
2018-05-04 06:19:46.650000,35.175333333333334,132.591,10.87,1.3,V,0.0016666666666666,0.002,0.4,0.03,,,earthquake,depth free,middle auto,22.09815345645335,-288.4040540262167,14.687897256443469,,False,1.6778944401051488
2018-05-04 06:55:06.130000,35.19716666666666,132.5725,9.5,1.0,v,0.0023333333333333,0.0025,0.52,0.03,,,earthquake,depth free,middle auto,24.568012850013247,-290.05290153111315,13.364758140147517,,False,3.2394360659779085
2018-05-04 08:12:31.460000,35.17583333333333,132.59816666666669,9.87,1.0,V,0.0034999999999999,0.0036666666666666,0.74,0.06,,,earthquake,depth free,middle auto,22.12744090787712,-287.789115572106,13.664674628416986,,False,2.6753775672598863
2018-05-04 10:59:44.800000,35.20016666666667,132.5685,9.9,0.7,V,0.0028333333333333,0.0031666666666666,0.64,0.05,,,earthquake,depth free,middle auto,24.91461679641071,-290.3899504180007,13.775734872360209,,False,3.2632737713528472
2018-05-04 11:38:13.870000,35.20033333333333,132.56866666666667,9.89,0.8,V,0.0023333333333333,0.0025,0.53,0.04,,,earthquake,depth free,middle auto,24.932571812214768,-290.3746191797945,13.76507762645992,,False,3.2723173046330536
2018-05-04 15:10:01.770000,35.16983333333333,132.55383333333336,10.49,0.9,V,0.0041666666666666,0.0046666666666666,0.66,0.06,,,earthquake,depth free,middle auto,21.595196850839205,-291.8061600026168,14.435269777100745,,False,3.778094943903012
2018-05-04 17:42:33.210000,35.19133333333333,132.57166666666666,10.92,1.5,V,0.0025,0.0026666666666666,0.59,0.04,,,earthquake,depth free,middle auto,23.930211346638828,-290.09715701186036,14.790503236126629,,False,1.9654678863617923
2018-05-04 17:55:43.520000,35.159166666666664,132.57266666666666,7.33,0.9,v,0.0021666666666666,0.0026666666666666,0.57,0.04,,,earthquake,depth free,middle auto,20.338665797250968,-290.25325982902,11.222670216943584,,False,5.71574140607094
2018-05-04 18:38:07.400000,35.17516666666666,132.58733333333333,13.52,0.5,v,0.0144999999999999,0.0155,2.83,0.27,,,earthquake,depth free,middle auto,22.104346806388396,-288.6402457664305,17.348283886496084,,False,1.7456080360312831
2018-05-04 22:49:14.340000,35.20433333333334,132.56516666666667,11.64,1.1,V,0.0025,0.0028333333333333,0.54,0.04,,,earthquake,depth free,middle auto,25.395038944808057,-290.61304319359766,15.522839698053092,,False,2.9676803416882604
2018-05-04 23:44:18.400000,35.19133333333333,132.58883333333335,11.82,1.1,v,0.0025,0.0026666666666666,0.47,0.04,,,earthquake,depth free,middle auto,23.88436311591525,-288.5088916143843,15.633201508251874,,False,0.825944404242821
2018-05-04 23:57:28.200000,35.20016666666667,132.56883333333332,10.19,1.2,v,0.0021666666666666,0.0023333333333333,0.51,0.04,,,earthquake,depth free,middle auto,24.915034624797308,-290.34909121798125,14.064429844653551,,False,3.0562482972361025
2018-05-05 03:16:55.970000,35.19483333333333,132.577,10.85,1.0,V,0.0025,0.003,0.57,0.04,,,earthquake,depth free,middle auto,24.302506435259257,-289.60398474717533,14.700515692278064,,False,1.918507697206697
2018-05-05 05:12:38.100000,35.1905,132.57316666666665,12.08,1.1,V,0.0023333333333333,0.0023333333333333,0.46,0.04,,,earthquake,depth free,middle auto,23.8391415681851,-289.9216677396419,15.945309817101029,,False,1.386011986875506
2018-05-05 07:02:52.100000,35.180166666666665,132.582,9.0,0.5,v,0.0028333333333333,0.0025,0.41,0.04,,,earthquake,depth free,middle auto,22.651051153625968,-289.27086188410885,12.845397088211092,,False,3.197768911588743
2018-05-05 12:51:11.600000,35.19866666666666,132.56733333333332,13.0,0.7,v,0.0028333333333333,0.0028333333333333,0.47,0.05,,,earthquake,depth free,middle auto,24.766639558781073,-290.3870690213415,16.87847742144923,,False,2.49902461293945
2018-05-05 13:32:45.980000,35.203833333333336,132.56166666666667,10.02,1.1,v,0.0045,0.0034999999999999,0.77,0.08,,,earthquake,depth free,middle auto,25.342181911384213,-290.9915591278518,13.915918932830111,,False,3.757828327647257
2018-05-05 15:39:11.250000,35.200833333333335,132.56783333333334,10.16,2.1,V,0.002,0.0025,0.55,0.03,,,earthquake,depth free,high manual,24.99180501310808,-290.4384153731312,14.037323898480087,,False,3.1654043853319442
2018-05-05 15:55:42.790000,35.19933333333333,132.57,10.58,0.7,V,0.003,0.0033333333333333,0.71,0.05,,,earthquake,depth free,middle auto,24.821024642319617,-290.23204001937705,14.45084963548994,,False,2.708936315579467
2018-05-05 16:14:41.840000,35.19783333333333,132.57066666666665,9.81,0.8,V,0.0023333333333333,0.0025,0.59,0.04,,,earthquake,depth free,middle auto,24.648891801046485,-290.2052744442745,13.68017308882508,,False,3.102454713809723
2018-05-05 21:41:24.180000,35.19333333333333,132.5745,11.13,0.9,V,0.003,0.003,0.58,0.05,,,earthquake,depth free,middle auto,24.144812789734974,-289.8255904666162,14.989612321951082,,False,1.7729338807407105
2018-05-05 22:28:28.350000,35.196666666666665,132.56883333333332,10.26,2.1,V,0.002,0.0025,0.52,0.03,,,earthquake,depth free,high manual,24.52702584244507,-290.3590458584916,14.136728700029622,,False,2.8085794846689187
2018-05-05 23:33:29.370000,35.17883333333333,132.60666666666663,8.16,0.5,V,0.0023333333333333,0.0023333333333333,0.58,0.04,,,earthquake,depth free,middle auto,22.426659146771957,-287.069972772708,11.925851740139352,,False,4.41289575692833
2018-05-06 00:07:33.340000,35.18333333333333,132.596,12.02,0.8,V,0.0018333333333333,0.0025,0.48,0.04,,,earthquake,depth free,middle auto,22.977019601284436,-287.88071787114444,15.815040539805526,,False,0.8664543392136076
2018-05-06 00:38:37.570000,35.17816666666666,132.58133333333333,9.09,0.5,V,0.0033333333333333,0.0034999999999999,0.69,0.06,,,earthquake,depth free,middle auto,22.431518401239128,-289.33513132752984,12.938951942426266,,False,3.161710877486358
2018-05-06 01:32:30.510000,35.202000000000005,132.5635,10.18,0.7,v,0.0031666666666666,0.0036666666666666,0.71,0.05,,,earthquake,depth free,middle auto,25.134115798377305,-290.82613029322306,14.070926325454598,,False,3.45259995834736
2018-05-06 03:16:05.840000,35.1755,132.60649999999998,7.87,0.7,V,0.0021666666666666,0.0028333333333333,0.73,0.04,,,earthquake,depth free,middle auto,22.055635784687897,-287.107375740124,11.638959142737807,,False,4.735215330685968
2018-05-06 03:17:28.980000,35.1705,132.61116666666666,8.58,1.5,V,0.0018333333333333,0.0023333333333333,0.57,0.03,,,earthquake,depth free,middle auto,21.490875995920977,-286.67622627216474,12.33682635653082,,False,4.4741662951790575
2018-05-06 03:19:59.680000,35.19166666666666,132.57266666666666,13.56,0.8,V,0.0018333333333333,0.0021666666666666,0.4,0.03,,,earthquake,depth free,middle auto,23.977383573916047,-289.90849168977195,17.425152114857895,,False,2.064081372881584
2018-05-06 04:28:00.920000,35.18733333333333,132.57316666666665,9.98,0.7,V,0.003,0.0041666666666666,0.78,0.05,,,earthquake,depth free,middle auto,23.4772770492014,-290.01002317755166,13.84893079282804,,False,2.4920010417095355
2018-05-06 04:59:21.360000,35.1795,132.60466666666667,8.62,0.5,V,0.0036666666666666,0.003,0.77,0.06,,,earthquake,depth free,middle manual,22.50886847569626,-287.23226987122126,12.391615538391594,,False,3.9136286732796375
2018-05-06 07:46:25.660000,35.174499999999995,132.60716666666667,8.1,0.6,V,0.0026666666666666,0.003,0.76,0.04,,,earthquake,depth free,middle auto,21.943913427777993,-287.042135529369,11.867339414263007,,False,4.5798619161191905
2018-05-06 10:18:55.430000,35.18183333333333,132.607,10.72,0.9,V,0.0021666666666666,0.0025,0.51,0.04,,,earthquake,depth free,middle auto,22.771883118056877,-286.93645002659855,14.480936165507233,,False,2.3429806499207673
2018-05-06 10:45:11.810000,35.06666666666667,132.43116666666666,11.32,0.5,V,0.004,0.0038333333333333,0.63,0.08,,,earthquake,depth free,middle auto,10.524828438375486,-303.2759383745914,15.769505360297131,,False,19.272891983612634
2018-05-06 17:17:34,35.213,132.56866666666667,10.61,0.8,v,0.0068333333333333,0.0065,1.22,0.12,,,earthquake,depth free,middle auto,26.341410405631542,-290.3028222316909,14.47629209771654,,False,3.855680117882006
2018-05-06 18:45:46.750000,35.18133333333333,132.5836666666667,11.77,0.7,V,0.0023333333333333,0.0023333333333333,0.44,0.04,,,earthquake,depth free,middle auto,22.78993104848716,-289.0144073026461,15.607187663630077,,False,0.5835431330477798
2018-05-06 19:05:14.960000,35.19466666666666,132.576,10.93,1.0,V,0.0023333333333333,0.0023333333333333,0.47,0.04,,,earthquake,depth free,middle auto,24.28734481884498,-289.6922539684014,14.783881053395325,,False,1.8995123070275668
2018-05-06 23:19:54.490000,35.183166666666665,132.58066666666667,12.55,1.1,V,0.002,0.0026666666666666,0.49,0.03,,,earthquake,depth free,middle auto,23.00609203769178,-289.2511631230431,16.39526960976921,,False,0.7073146051453797
2018-05-07 04:18:07.740000,35.19433333333333,132.56783333333334,12.28,0.7,V,0.0028333333333333,0.0031666666666666,0.48,0.05,,,earthquake,depth free,middle auto,24.28101984100515,-290.38375712657046,16.160234804583897,,False,2.022707461067369
2018-05-07 05:37:49.910000,35.17216666666666,132.60933333333332,7.64,0.6,V,0.002,0.0028333333333333,0.67,0.03,,,earthquake,depth free,middle auto,21.676171465805176,-286.8705713802783,11.402240000300342,,False,5.129996186288146
2018-05-07 05:45:59.900000,35.18583333333333,132.58983333333333,12.21,0.7,v,0.0041666666666666,0.0038333333333333,0.64,0.07,,,earthquake,depth free,middle auto,23.27330946923643,-288.42362648205903,16.02343413913525,,False,0.32506608861080244
2018-05-07 05:51:57.700000,35.175999999999995,132.6075,7.75,0.6,V,0.0021666666666666,0.0026666666666666,0.65,0.03,,,earthquake,depth free,middle auto,22.10759411746687,-287.019280525108,11.51541268759398,,False,4.866629037671029
2018-05-07 06:31:37.250000,35.159,132.57783333333333,9.04,0.6,V,0.0056666666666666,0.0056666666666666,1.12,0.12,,,earthquake,depth free,middle auto,20.314459865859742,-289.72261351410293,12.914508022468372,,False,4.27888900362422
2018-05-07 06:41:15.910000,35.169999999999995,132.553,12.12,0.6,V,0.0125,0.013,2.51,0.26,,,earthquake,depth free,middle auto,21.624861764321537,-291.82080755194283,16.0667920393086,,False,3.4607784258680234
2018-05-07 11:11:52.880000,35.17766666666667,132.60783333333333,7.98,0.8,V,0.0028333333333333,0.0028333333333333,0.69,0.05,,,earthquake,depth free,middle auto,22.29283008905037,-286.97483821192657,11.742983925014713,,False,4.638468183682403
2018-05-07 17:08:58.270000,35.189,132.57066666666665,9.25,0.7,V,0.0031666666666666,0.0028333333333333,0.58,0.05,,,earthquake,depth free,middle auto,23.665899124495724,-290.2574341899207,13.126566345024692,,False,3.26081586707678
2018-05-07 19:47:02.430000,35.19633333333333,132.56783333333334,11.58,0.7,V,0.0061666666666666,0.006,0.98,0.1,,,earthquake,depth free,middle auto,24.49943851029137,-290.4023300884962,15.459363541072184,,False,2.212985326416969
2018-05-07 20:47:16.260000,35.18566666666666,132.5795,12.1,0.9,V,0.0021666666666666,0.0021666666666666,0.44,0.03,,,earthquake,depth free,middle auto,23.28451703376449,-289.3644136844162,15.947686960019244,,False,0.6601486518846278
2018-05-07 23:43:50.430000,35.20016666666667,132.565,11.03,2.8,V,0.0018333333333333,0.0023333333333333,0.49,0.03,,,earthquake,depth free,high manual,24.93037210070539,-290.6655141978934,14.91657649619183,,False,2.834096125480196
2018-05-08 00:44:14.430000,35.201,132.566,10.28,0.7,V,0.0021666666666666,0.0026666666666666,0.57,0.04,,,earthquake,depth free,middle auto,25.01627310020947,-290.5995191121077,14.1632163178864,,False,3.1974794512441367
2018-05-08 01:30:56.510000,35.177499999999995,132.608,8.57,0.5,V,0.0026666666666666,0.0025,0.59,0.04,,,earthquake,depth free,middle auto,22.276935607811847,-286.93896035449745,12.332162649753815,,False,4.12958986035188
2018-05-08 02:07:54.680000,35.195166666666665,132.57266666666666,10.05,0.6,v,0.0058333333333333,0.0051666666666666,0.86,0.09,,,earthquake,depth free,middle auto,24.348285804315093,-290.0247685754819,13.915178717652037,,False,2.701437671012127
2018-05-08 03:30:32.390000,35.1505,132.58800000000002,7.98,0.5,V,0.0038333333333333,0.005,0.74,0.06,,,earthquake,depth free,middle auto,19.335302462261097,-288.86968911493864,11.828081126733087,,False,5.6236317216730445
2018-05-08 03:32:49.740000,35.15333333333333,132.5805,8.19,0.9,V,0.0016666666666666,0.0023333333333333,0.48,0.03,,,earthquake,depth free,middle auto,19.672961597741597,-289.53212836765556,12.060536259910132,,False,5.28555706781647
2018-05-08 03:35:53.200000,35.19916666666666,132.56366666666668,10.75,1.1,V,0.002,0.0025,0.5,0.03,,,earthquake,depth free,middle auto,24.8220033947581,-290.8002018011836,14.641867889501633,,False,2.974436494712453
2018-05-08 04:25:14.720000,35.19783333333333,132.56866666666667,11.28,0.7,V,0.0025,0.0031666666666666,0.65,0.04,,,earthquake,depth free,middle auto,24.661926579976644,-290.33249205826905,15.15579572991535,,False,2.350278758286778
2018-05-08 05:23:13.540000,35.1665,132.5925,11.14,1.0,V,0.0018333333333333,0.0021666666666666,0.44,0.03,,,earthquake,depth free,middle auto,21.115210376216673,-288.2896387771542,14.95916610895314,,False,2.307780544165017
2018-05-08 05:37:47.100000,35.202000000000005,132.56183333333334,10.66,0.9,V,0.0025,0.0034999999999999,0.69,0.05,,,earthquake,depth free,middle auto,25.141328070104937,-290.95945708045343,14.556136712290034,,False,3.3070317392279214
2018-05-08 06:46:47.530000,35.200500000000005,132.56683333333334,11.17,2.5,V,0.0018333333333333,0.0023333333333333,0.5,0.03,,,earthquake,depth free,high manual,24.96262814695332,-290.4930797113272,15.050170359829096,,False,2.691884195135473
2018-05-08 06:59:19.620000,35.18933333333333,132.57333333333332,8.29,0.8,V,0.002,0.0028333333333333,0.65,0.04,,,earthquake,depth free,middle auto,23.69023463128842,-290.04976699253075,12.158157668365012,,False,4.05924875379933
2018-05-08 07:37:14.350000,35.18066666666667,132.58866666666668,12.19,0.7,V,0.0034999999999999,0.0041666666666666,0.83,0.07,,,earthquake,depth free,middle manual,22.70351633120919,-288.5484186775446,16.01089750937316,,False,0.4833078863316346
2018-05-08 08:12:33.990000,35.19033333333333,132.5715,11.14,0.5,V,0.0061666666666666,0.0038333333333333,0.79,0.1,,,earthquake,depth free,middle auto,23.8208559323777,-290.1077575043197,15.011589531843084,,False,1.807882061074952
2018-05-08 08:27:02.100000,35.1735,132.59516666666667,12.09,1.0,v,0.0055,0.005,0.87,0.11,,,earthquake,depth free,middle auto,21.889048192185975,-287.98855506654024,15.894690724790244,,False,1.460150584887648
2018-05-08 12:18:01.390000,35.171499999999995,132.5931666666667,9.95,0.5,v,0.004,0.0041666666666666,0.82,0.07,,,earthquake,depth free,middle auto,21.661621084284334,-288.2547983293125,13.764148598994696,,False,2.6900302800748155
2018-05-08 14:19:36.560000,35.1845,132.633,9.17,1.1,V,0.0016666666666666,0.0021666666666666,0.5,0.03,,,earthquake,depth free,middle auto,22.984505159326655,-284.62639081271686,12.845546578985036,,False,5.141320076140946
2018-05-08 17:35:44.970000,35.18983333333333,132.5735,9.7,0.7,V,0.0033333333333333,0.0031666666666666,0.68,0.05,,,earthquake,depth free,middle auto,23.752298367603053,-289.9811519489495,13.566295150334811,,False,2.7677861704091526
2018-05-08 22:00:23.560000,35.19533333333333,132.56733333333332,10.27,0.9,v,0.0036666666666666,0.0036666666666666,0.76,0.06,,,earthquake,depth free,middle auto,24.383548776265695,-290.4993691110141,14.1525995716599,,False,2.817313762931444
2018-05-09 04:55:23.880000,35.186166666666665,132.56916666666666,9.14,0.6,V,0.0028333333333333,0.0031666666666666,0.65,0.05,,,earthquake,depth free,middle auto,23.35533016007161,-290.4075665126722,13.023576727450564,,False,3.3894967401132217
2018-05-09 09:12:21.240000,35.159,132.60316666666665,9.26,0.5,v,0.0043333333333333,0.0041666666666666,0.91,0.07,,,earthquake,depth free,middle auto,20.241586784053005,-287.4175997558874,13.050974238008704,,False,4.3123786813718965
2018-05-09 09:19:44.640000,35.192166666666665,132.5755,13.13,0.6,v,0.0118333333333333,0.0111666666666666,2.07,0.21,,,earthquake,depth free,low auto,24.02237697252094,-289.66585117456157,16.985729562556344,,False,1.6487650181959577
2018-05-09 15:22:20.890000,35.174,132.608,7.78,0.9,V,0.002,0.0025,0.65,0.03,,,earthquake,depth free,middle auto,21.88429640293816,-286.9799281758703,11.545187136696514,,False,4.906367979098035
2018-05-09 16:19:33.740000,35.19799999999999,132.56583333333336,11.12,1.6,V,0.0018333333333333,0.0021666666666666,0.46,0.03,,,earthquake,depth free,high manual,24.687979329407167,-290.59446763276566,15.00519706874103,,False,2.6040742329079904
2018-05-10 00:32:24.400000,35.183,132.58216666666667,12.68,1.0,V,0.0033333333333333,0.003,0.57,0.06,,,earthquake,depth free,middle auto,22.983876709249635,-289.11111173299935,16.520346904761094,,False,0.7094441163506826
2018-05-10 01:02:02.410000,35.187,132.582,12.52,0.7,V,0.008,0.0063333333333333,1.1,0.14,,,earthquake,depth free,middle auto,23.42721257832434,-289.11781231364887,16.358222928198213,,False,0.6311265908077762
2018-05-10 17:46:20.640000,35.13583333333333,132.59866666666667,10.21,0.5,V,0.016,0.0158333333333333,3.18,0.32,,,earthquake,depth free,middle auto,17.689466154951123,-287.87315267487435,14.03287737835157,,False,5.852696573794195
2018-05-11 05:00:03.400000,35.1815,132.57999999999998,12.56,0.5,V,0.0036666666666666,0.0033333333333333,0.57,0.06,,,earthquake,depth free,middle auto,22.823237329810823,-289.31713383400125,16.408632310355117,,False,0.8210177509440394
2018-05-11 06:06:41.960000,35.1905,132.57733333333334,10.55,0.9,V,0.002,0.0025,0.51,0.03,,,earthquake,depth free,middle auto,23.81926291964481,-289.60023538453135,14.402570816478374,,False,1.9059069915076456
2018-05-11 15:42:19.190000,35.194,132.56466666666668,12.31,0.9,V,0.0031666666666666,0.0031666666666666,0.54,0.06,,,earthquake,depth free,middle auto,24.253517887661943,-290.67069939725036,16.200952561497854,,False,2.2554293971911576
2018-05-11 16:36:51.700000,35.183166666666665,132.572,10.87,0.6,V,0.0028333333333333,0.003,0.58,0.05,,,earthquake,depth free,middle auto,23.022927574560708,-290.09797984633684,14.74508427145147,,False,1.8399905702299757
2018-05-11 18:01:46.380000,35.180499999999995,132.58133333333333,10.7,1.9,V,0.0023333333333333,0.0026666666666666,0.54,0.04,,,earthquake,depth free,high manual,22.69879181641019,-289.267929642245,14.546203236048736,,False,1.578887491327856
2018-05-11 22:14:01.560000,35.174166666666665,132.5871666666667,11.92,0.5,v,0.0069999999999999,0.0071666666666666,1.06,0.14,,,earthquake,depth free,middle auto,21.98547775942717,-288.7172909566019,15.750636322914534,,False,1.1849817010278856
2018-05-11 22:53:13.540000,35.20133333333334,132.56683333333334,10.94,1.1,V,0.0018333333333333,0.0021666666666666,0.44,0.03,,,earthquake,depth free,middle auto,25.053973789582344,-290.4985525580773,14.819773795514722,,False,2.841582538338023
2018-05-12 02:21:13.870000,35.174499999999995,132.60466666666667,7.22,1.0,V,0.0016666666666666,0.002,0.55,0.02,,,earthquake,depth free,middle auto,21.946536531355843,-287.3007055179398,10.996108788490258,,False,5.296259660016292
2018-05-12 05:19:30.100000,35.18583333333333,132.57066666666665,9.81,0.8,V,0.0023333333333333,0.0025,0.52,0.04,,,earthquake,depth free,middle auto,23.31732408268689,-290.24819546547747,13.68837236608485,,False,2.7397430974138515
2018-05-12 06:56:56.300000,35.142833333333336,132.56366666666668,15.61,0.5,v,0.0281666666666666,0.0396666666666666,4.3,0.6,,,earthquake,depth free,low auto,18.600274070988657,-290.8229402732946,19.539258793317256,,False,6.16493853798879
2018-05-12 08:35:05.160000,35.193666666666665,132.576,10.95,1.1,V,0.0025,0.0025,0.44,0.04,,,earthquake,depth free,middle auto,24.176498969069332,-289.695091447805,14.804545795501484,,False,1.8238640474729269
2018-05-12 09:20:17.410000,35.16983333333333,132.57933333333332,9.22,0.6,V,0.0025,0.003,0.62,0.04,,,earthquake,depth free,middle auto,21.513276199384656,-289.5413897086477,13.081450040019064,,False,3.40913943990965
2018-05-12 15:10:23.500000,35.17833333333333,132.58450000000002,12.72,2.2,V,0.002,0.0025,0.49,0.03,,,earthquake,depth free,high manual,22.45965105257341,-288.91487471214634,16.555909952017174,,False,0.938476150487093
2018-05-12 18:08:34.490000,35.17966666666666,132.57816666666668,8.6,0.8,V,0.0023333333333333,0.0025,0.54,0.04,,,earthquake,depth free,middle auto,22.604733531257768,-289.63477994170813,12.458689612799578,,False,3.6556556640723477
2018-05-12 19:53:50.410000,35.18716666666666,132.60466666666667,12.13,1.4,V,0.0016666666666666,0.002,0.42,0.03,,,earthquake,depth free,middle auto,23.377544711158848,-287.07794211527386,15.893909958375597,,False,1.6560993418834242
2018-05-12 20:18:51.530000,35.192,132.57266666666666,10.17,2.2,V,0.002,0.0023333333333333,0.52,0.03,,,earthquake,depth free,high manual,23.997508987419053,-290.0316848852858,14.0372490607003,,False,2.473292144599343
2018-05-12 21:27:09.350000,35.201,132.56716666666665,10.71,0.9,V,0.002,0.0023333333333333,0.49,0.03,,,earthquake,depth free,middle auto,25.014905145068717,-290.4780032466732,14.589047325932878,,False,2.9037473836700722
2018-05-12 22:40:41.600000,35.1875,132.58866666666668,11.73,0.5,v,0.0051666666666666,0.0063333333333333,0.89,0.1,,,earthquake,depth free,middle auto,23.45916571334264,-288.5409019398553,15.546444539118276,,False,0.5401834455100548
2018-05-13 00:44:59.700000,35.21333333333334,132.5641666666667,12.54,0.5,V,0.0071666666666666,0.008,1.47,0.13,,,earthquake,depth free,middle auto,26.400505012981505,-290.63824786942985,16.41968828270678,,False,3.801713809913971
2018-05-13 04:11:43.240000,35.192499999999995,132.56266666666667,7.99,0.7,v,0.0034999999999999,0.0034999999999999,0.84,0.06,,,earthquake,depth free,middle auto,24.07162800109523,-291.01636659148164,11.89160393411876,,False,4.757904806254682
2018-05-13 11:48:31.170000,35.174166666666665,132.554,12.04,0.7,V,0.003,0.003,0.52,0.05,,,earthquake,depth free,middle auto,22.083661810160283,-291.7181823238866,15.98050262844566,,False,3.185465718965818
2018-05-13 14:30:40.830000,35.17333333333333,132.66799999999998,7.54,1.0,V,0.002,0.0021666666666666,0.66,0.03,,,earthquake,depth free,middle auto,21.636140986818504,-281.5500912444597,11.111994003374594,,False,8.782091482268356
2018-05-14 12:19:07.340000,35.18266666666666,132.5871666666667,12.7,1.4,V,0.0018333333333333,0.0023333333333333,0.44,0.03,,,earthquake,depth free,middle auto,22.932369722886097,-288.65860082413997,16.524085604013603,,False,0.6133689472500341
2018-05-14 22:13:38.670000,35.194,132.5715,10.92,0.8,V,0.002,0.0023333333333333,0.47,0.03,,,earthquake,depth free,middle auto,24.22655378206043,-290.10272433762475,14.789238153624511,,False,2.1047589646022633
2018-05-15 05:37:28.470000,35.18966666666666,132.57683333333333,10.51,0.9,V,0.0016666666666666,0.0023333333333333,0.46,0.03,,,earthquake,depth free,middle auto,23.728070771505948,-289.64998251455313,14.364823487459743,,False,1.9308375692617439
2018-05-15 08:57:13.970000,35.189,132.57133333333334,9.72,0.5,V,0.0101666666666666,0.0088333333333333,1.37,0.19,,,earthquake,depth free,middle auto,23.666297243797164,-290.1797565403362,13.594033367954404,,False,2.82392007033285
2018-05-15 09:56:08.200000,35.16983333333333,132.59550000000002,12.66,1.2,V,0.0016666666666666,0.002,0.37,0.03,,,earthquake,depth free,middle auto,21.484408778687932,-287.9506182605436,16.465854716915757,,False,1.9060081034709755
2018-05-15 11:50:57.130000,35.19466666666666,132.61483333333334,8.59,0.9,V,0.0025,0.0028333333333333,0.75,0.04,,,earthquake,depth free,middle auto,24.162461706564628,-286.258168295915,12.317952471700837,,False,4.504925545326977
2018-05-15 16:28:50.300000,35.178999999999995,132.60716666666667,8.66,0.6,V,0.0033333333333333,0.0028333333333333,0.68,0.05,,,earthquake,depth free,middle auto,22.446308628700855,-287.0059478271757,12.423764249154669,,False,3.987034268450917
2018-05-15 16:55:50.950000,35.17883333333333,132.60466666666667,8.62,0.5,V,0.0028333333333333,0.0025,0.62,0.04,,,earthquake,depth free,middle auto,22.434877919340895,-287.2346289376432,12.392086575153302,,False,3.9251608641686664
2018-05-15 19:11:47.500000,35.19716666666666,132.5675,10.44,0.5,V,0.0031666666666666,0.0031666666666666,0.6,0.06,,,earthquake,depth free,middle auto,24.587305992233183,-290.4714534984917,14.320692310445208,,False,2.79357275021901
2018-05-15 20:43:56.680000,35.18116666666666,132.575,10.37,1.7,V,0.0018333333333333,0.0023333333333333,0.48,0.03,,,earthquake,depth free,high manual,22.789641349685137,-289.8515991370869,14.236896002571443,,False,2.0901587174182197
2018-05-15 23:27:43.410000,35.187,132.57733333333334,11.72,1.6,V,0.0016666666666666,0.002,0.41,0.03,,,earthquake,depth free,middle auto,23.436850320789933,-289.56987128160677,15.574181870963836,,False,0.9756597163990537
2018-05-16 10:46:28.840000,35.17933333333333,132.58583333333334,9.61,0.5,V,0.0036666666666666,0.003,0.58,0.06,,,earthquake,depth free,middle auto,22.55050568549473,-288.90406921223735,13.442923734195462,,False,2.5897129530322696
2018-05-16 14:40:46.210000,35.196,132.56866666666667,10.83,1.0,V,0.0016666666666666,0.002,0.42,0.03,,,earthquake,depth free,middle auto,24.456336405011353,-290.3555884544432,14.707339528955565,,False,2.436872199138056
2018-05-16 15:15:20.760000,35.19783333333333,132.56766666666667,9.69,0.8,V,0.0018333333333333,0.0023333333333333,0.5,0.03,,,earthquake,depth free,middle manual,24.65713618121112,-290.48153492890384,13.570206712720374,,False,3.3257483004661874
2018-05-16 15:17:02.330000,35.19649999999999,132.57,10.34,1.0,V,0.0018333333333333,0.0021666666666666,0.45,0.03,,,earthquake,depth free,middle auto,24.505491535673844,-290.2509907129488,14.212916834365627,,False,2.6860974604132353
2018-05-16 16:05:59.100000,35.097,132.673,9.45,0.9,V,0.0026666666666666,0.003,0.99,0.04,,,earthquake,depth free,middle auto,13.161120150900024,-281.2933337591624,13.065058876531706,,False,12.778983152384416
2018-05-16 20:37:53.900000,35.15933333333333,132.59166666666667,8.76,0.6,V,0.0018333333333333,0.0023333333333333,0.52,0.03,,,earthquake,depth free,middle auto,20.30936622063498,-288.47733767507174,12.588814301858667,,False,4.412698410677584
2018-05-17 01:08:28.720000,35.17466666666667,132.59183333333334,8.69,1.0,V,0.0021666666666666,0.0026666666666666,0.58,0.04,,,earthquake,depth free,middle auto,22.01024575612343,-288.4103113370808,12.507110537178814,,False,3.644965384821197
2018-05-17 11:29:03.380000,35.20033333333333,132.56333333333333,10.59,0.7,V,0.0025,0.0028333333333333,0.56,0.04,,,earthquake,depth free,middle auto,24.95165358415914,-290.83211087387565,14.482306666301684,,False,3.1424937910774644
2018-05-17 11:41:47.400000,35.16083333333333,132.59116666666668,10.7,1.0,V,0.0021666666666666,0.0025,0.51,0.03,,,earthquake,depth free,middle auto,20.48801110401702,-288.4466434851462,14.528025063594724,,False,3.034752720435304
2018-05-17 14:00:52.330000,35.178666666666665,132.57583333333332,8.8,0.5,V,0.004,0.0031666666666666,0.59,0.06,,,earthquake,depth free,middle auto,22.5016410414542,-289.84254724645467,12.666979639888266,,False,3.5353556006157896
2018-05-17 16:21:17.950000,35.19883333333333,132.56050000000002,12.96,0.6,V,0.0036666666666666,0.0034999999999999,0.52,0.06,,,earthquake,depth free,middle auto,24.805061438609627,-291.0068384521273,16.861094378730876,,False,2.9651823402777815
2018-05-17 16:29:45.550000,35.17133333333333,132.58933333333334,11.19,0.7,V,0.0048333333333333,0.0051666666666666,1.03,0.09,,,earthquake,depth free,middle auto,21.66094991492376,-288.5576479267228,15.016036671632838,,False,1.7697987225991214
2018-05-17 16:34:20.810000,35.19566666666666,132.56516666666667,13.47,3.4,V,0.0016666666666666,0.0021666666666666,0.41,0.03,,,earthquake,depth free,high manual,24.442596514855214,-290.5767538936761,17.35736334460609,,False,2.662254490463132
2018-05-17 17:39:28.250000,35.20133333333334,132.5625,12.63,0.6,V,0.003,0.0026666666666666,0.48,0.05,,,earthquake,depth free,middle auto,25.074852935027895,-290.8288912552295,16.52300340053888,,False,2.911188537880433
2018-05-17 19:12:40.320000,35.178999999999995,132.59966666666668,8.15,0.7,V,0.0021666666666666,0.0023333333333333,0.57,0.03,,,earthquake,depth free,middle auto,22.465496197077936,-287.70439146468055,11.938664691818982,,False,4.19852497265054
2018-05-17 21:31:06.250000,35.19266666666666,132.56966666666665,12.16,0.8,V,0.0025,0.003,0.52,0.04,,,earthquake,depth free,middle auto,24.090163407733353,-290.22805342561554,16.03537019359886,,False,1.7795370984225436
2018-05-18 04:35:24.660000,35.17183333333333,132.60933333333332,8.23,1.3,V,0.002,0.0023333333333333,0.62,0.03,,,earthquake,depth free,middle auto,21.64231894813267,-286.8504028305298,11.99208542840469,,False,4.633603749177268
2018-05-18 05:22:20.750000,35.171,132.61183333333332,7.97,1.1,V,0.0016666666666666,0.0023333333333333,0.58,0.03,,,earthquake,depth free,middle auto,21.541167678032064,-286.63606463909036,11.72469624529492,,False,4.982275416119923
2018-05-18 05:25:55.600000,35.17283333333333,132.61066666666667,7.94,0.7,V,0.002,0.0026666666666666,0.68,0.03,,,earthquake,depth free,middle auto,21.74789328924652,-286.7364630150894,11.697204519469809,,False,4.901524896835402
2018-05-18 05:29:25.430000,35.181666666666665,132.60566666666665,9.35,0.5,V,0.004,0.0043333333333333,0.93,0.07,,,earthquake,depth free,middle auto,22.750196228981,-287.10750274443575,13.116329748966775,,False,3.2879932919526134
2018-05-18 07:59:28.250000,35.09866666666667,132.71066666666667,8.11,0.6,V,0.0023333333333333,0.0021666666666666,0.95,0.04,,,earthquake,depth free,middle auto,13.230420056552928,-277.91624917798333,11.605319475067027,,False,15.298329634023096
2018-05-18 18:03:15.600000,35.18833333333333,132.60616666666667,11.39,1.0,V,0.002,0.0023333333333333,0.49,0.03,,,earthquake,depth free,middle auto,23.498858973494436,-286.9647201808997,15.14869604688412,,False,1.960104950834572
2018-05-18 20:45:11.390000,35.19483333333333,132.57366666666667,12.48,1.2,V,0.0026666666666666,0.0028333333333333,0.5,0.05,,,earthquake,depth free,middle auto,24.320312918087996,-289.8462216986144,16.34042825141076,,False,1.6690663072015117
2018-05-18 23:11:46.200000,35.1695,132.59366666666668,10.38,1.1,V,0.0021666666666666,0.0025,0.52,0.04,,,earthquake,depth free,middle auto,21.440545219615824,-288.20092043981566,14.19366122313679,,False,2.5099675174719147
2018-05-19 11:24:05.880000,35.15483333333333,132.60316666666665,8.36,0.7,V,0.004,0.0041666666666666,1.12,0.06,,,earthquake,depth free,middle auto,19.7741263815207,-287.46499273803397,12.154704409691314,,False,5.236816658040042
2018-05-19 14:55:55.590000,35.16716666666667,132.59183333333334,10.38,1.1,V,0.0018333333333333,0.0021666666666666,0.46,0.03,,,earthquake,depth free,middle auto,21.187007822336728,-288.3753830049719,14.201386669004146,,False,2.6562086172082924
2018-05-19 15:03:18.170000,35.16,132.59533333333334,9.41,0.9,V,0.0036666666666666,0.0038333333333333,0.89,0.06,,,earthquake,depth free,middle auto,20.37623877287203,-288.1188420499784,13.225822169614853,,False,3.938835375913097
2018-05-19 20:02:23.190000,35.18666666666666,132.61466666666666,11.4,1.2,V,0.0016666666666666,0.002,0.43,0.03,,,earthquake,depth free,middle auto,23.289325745016377,-286.2000713474871,15.132099231231408,,False,2.652027011177729
2018-05-19 23:01:05.530000,35.198166666666665,132.56533333333334,12.95,1.2,V,0.0016666666666666,0.002,0.38,0.03,,,earthquake,depth free,middle auto,24.716830158926395,-290.571839056193,16.83548503319197,,False,2.580761809849215
2018-05-20 00:03:14.340000,35.175333333333334,132.58683333333337,12.22,1.7,V,0.0018333333333333,0.0023333333333333,0.47,0.03,,,earthquake,depth free,high manual,22.117448182157897,-288.73239693646684,16.0506955475971,,False,1.0398484830504282
2018-05-20 00:15:44.330000,35.15783333333333,132.5931666666667,8.51,1.4,V,0.0021666666666666,0.0026666666666666,0.67,0.03,,,earthquake,depth free,middle auto,20.137113984991625,-288.3557529396946,12.335170534738436,,False,4.725056641219863
2018-05-20 05:52:50.760000,35.166333333333334,132.56650000000002,13.93,0.5,v,0.0046666666666666,0.0045,0.64,0.08,,,earthquake,depth free,middle auto,21.188097880321784,-290.5440447702843,17.833270245909368,,False,3.2748671193101617
2018-05-20 05:58:06.160000,35.18233333333333,132.57216666666667,16.58,0.6,v,0.0203333333333333,0.0198333333333333,3.25,0.42,,,earthquake,depth free,middle auto,22.959310615053894,-289.8762752099859,20.451193081301746,,False,4.647388493429752
2018-05-20 06:01:28.230000,35.19433333333333,132.57916666666665,10.94,0.6,v,0.0036666666666666,0.004,0.82,0.06,,,earthquake,depth free,middle auto,24.241119811521543,-289.40616212836375,14.78363192560947,,False,1.740728035632782
2018-05-20 07:41:34.580000,35.189166666666665,132.58816666666667,12.28,0.6,V,0.0041666666666666,0.0048333333333333,0.98,0.07,,,earthquake,depth free,middle auto,23.64827648833725,-288.56021675559623,16.096568944836296,,False,0.5389153163285424
2018-05-20 11:36:07.740000,35.183499999999995,132.571,9.38,0.9,v,0.0031666666666666,0.003,0.61,0.05,,,earthquake,depth free,middle auto,23.05522817096581,-290.24211875987896,13.259189517231931,,False,3.0983237246928548
2018-05-20 13:08:08.760000,35.19533333333333,132.58266666666665,12.05,0.9,v,0.0058333333333333,0.0043333333333333,0.83,0.1,,,earthquake,depth free,middle auto,24.347259151856687,-289.04491382026,15.880644988908728,,False,1.2407565514161432
2018-05-20 17:01:07.750000,35.195166666666665,132.5701666666667,9.95,0.5,v,0.003,0.003,0.61,0.05,,,earthquake,depth free,middle manual,24.355146151120195,-290.25498155691946,13.823532685811871,,False,2.889862588920865
2018-05-20 20:57:44.720000,35.193666666666665,132.572,10.55,0.7,V,0.0025,0.0026666666666666,0.5,0.04,,,earthquake,depth free,middle auto,24.186275047306616,-290.07219237700986,14.418061693431984,,False,2.294439672124355
2018-05-20 22:19:57.230000,35.17933333333333,132.58683333333337,12.89,1.1,V,0.0015,0.0018333333333333,0.35,0.03,,,earthquake,depth free,middle auto,22.564618526072337,-288.69371875869757,16.717398430753978,,False,0.9634026656518133
2018-05-20 22:54:18.900000,35.18566666666666,132.57266666666666,8.97,0.8,v,0.0025,0.0026666666666666,0.52,0.04,,,earthquake,depth free,middle auto,23.2886827146404,-290.0983548908735,12.842436154954234,,False,3.407539822187103
2018-05-21 06:47:58.890000,35.1885,132.64416666666665,8.0,0.8,V,0.0026666666666666,0.0023333333333333,0.64,0.04,,,earthquake,depth free,middle auto,23.390337682863493,-283.64194071178827,11.637491786394868,,False,6.667617147465646
2018-05-21 08:30:41.750000,35.18883333333333,132.56916666666666,11.87,1.4,V,0.0018333333333333,0.0021666666666666,0.4,0.03,,,earthquake,depth free,middle auto,23.664973450408215,-290.2977152320245,15.749854043946849,,False,1.6736627884582973
2018-05-21 10:11:22.670000,35.17833333333333,132.57516666666666,14.14,0.6,V,0.012,0.0105,1.74,0.23,,,earthquake,depth free,low auto,22.494413051030957,-289.7083897326389,18.005760066350884,,False,2.3710447435612516
2018-05-21 11:08:53.320000,35.18566666666666,132.56799999999998,9.26,0.5,v,0.0033333333333333,0.0028333333333333,0.57,0.06,,,earthquake,depth free,middle auto,23.303886139183973,-290.51069043533124,13.147713237079492,,False,3.334271478183202
2018-05-21 12:11:05.760000,35.18816666666666,132.58166666666665,10.94,1.8,V,0.0023333333333333,0.0028333333333333,0.58,0.04,,,earthquake,depth free,high manual,23.54963122460061,-289.2016261349967,14.779593636222668,,False,1.3314413838061554
2018-05-21 22:43:16.430000,35.171166666666664,132.60683333333333,8.33,1.1,V,0.0018333333333333,0.002,0.52,0.03,,,earthquake,depth free,middle auto,21.5761300030686,-287.0758157907901,12.100671261799524,,False,4.476032497045823
2018-05-22 06:08:54.680000,35.20366666666667,132.56966666666665,12.29,0.8,V,0.0025,0.0023333333333333,0.44,0.04,,,earthquake,depth free,middle auto,25.310935665418125,-290.18393187838114,16.157902185038832,,False,2.6170984168439366
2018-05-22 07:09:09.670000,35.194,132.571,10.74,1.1,V,0.002,0.0021666666666666,0.45,0.03,,,earthquake,depth free,middle auto,24.227136192632827,-290.15463540726887,14.611018663054884,,False,2.2416401564097086
2018-05-22 08:17:28.650000,35.19583333333333,132.57283333333334,11.27,0.7,V,0.0021666666666666,0.0025,0.5,0.04,,,earthquake,depth free,middle auto,24.427748393221943,-289.96252484880586,15.13333998861625,,False,1.9621813028895105
2018-05-22 11:54:55.470000,35.186,132.57999999999998,12.93,0.8,V,0.0026666666666666,0.0028333333333333,0.51,0.05,,,earthquake,depth free,middle auto,23.324238578236496,-289.28755638990344,16.775237673966096,,False,1.0136649866120824
2018-05-22 14:15:39.830000,35.190999999999995,132.569,9.59,1.4,V,0.002,0.0023333333333333,0.53,0.03,,,earthquake,depth free,middle auto,23.89444526447021,-290.388840781539,13.470486661953313,,False,3.084579177705098
2018-05-22 14:32:39.580000,35.18816666666666,132.572,11.8,0.7,V,0.0083333333333333,0.0083333333333333,1.41,0.15,,,earthquake,depth free,middle auto,23.58233688941774,-290.04597481431176,15.670970637480522,,False,1.4246657974955508
2018-05-22 15:06:24.770000,35.20283333333334,132.5675,10.82,0.8,V,0.0038333333333333,0.0046666666666666,0.89,0.07,,,earthquake,depth free,middle auto,25.217854414897996,-290.4371955338859,14.69664852723467,,False,2.9672296491478023
2018-05-22 18:38:40.690000,35.17616666666667,132.57916666666665,9.19,0.5,V,0.0023333333333333,0.0028333333333333,0.59,0.04,,,earthquake,depth free,middle auto,22.216445699330485,-289.53501106787814,13.047464881978447,,False,3.1618037913771433
2018-05-23 03:24:47.990000,35.199666666666666,132.57166666666666,12.31,0.7,V,0.0033333333333333,0.0036666666666666,0.67,0.06,,,earthquake,depth free,middle auto,24.861469077293236,-290.016348147914,16.173917061288293,,False,2.1574381235034035
2018-05-23 12:13:30.440000,35.158,132.59300000000002,8.82,0.9,V,0.0021666666666666,0.0025,0.57,0.03,,,earthquake,depth free,middle auto,20.157825738313733,-288.3589843818972,12.645383440004665,,False,4.477712701549167
2018-05-24 06:37:32.820000,35.18883333333333,132.5755,11.55,0.7,V,0.0041666666666666,0.0041666666666666,0.72,0.07,,,earthquake,depth free,middle auto,23.644751107189624,-289.7356606981687,15.409095520414038,,False,1.2554865214513884
2018-05-24 07:05:05.890000,35.189166666666665,132.5745,10.64,0.6,V,0.0051666666666666,0.0056666666666666,0.85,0.1,,,earthquake,depth free,middle auto,23.68009942523614,-289.858439311944,14.5027984345851,,False,1.9203448731136425
2018-05-24 10:36:12.430000,35.14816666666667,132.606,7.7,1.4,V,0.0016666666666666,0.002,0.56,0.02,,,earthquake,depth free,middle auto,19.02214704868265,-287.25553182051607,11.490940253838753,,False,6.254987115119355
2018-05-24 10:57:19.250000,35.192499999999995,132.57366666666667,9.86,0.6,V,0.0023333333333333,0.0023333333333333,0.47,0.04,,,earthquake,depth free,middle manual,24.04851139261941,-289.95064997499577,13.72380836483998,,False,2.7018159569890936
2018-05-24 15:46:10.900000,35.19583333333333,132.56983333333332,9.55,0.8,v,0.0068333333333333,0.0065,1.11,0.14,,,earthquake,depth free,middle auto,24.428141314555663,-290.2974940084256,13.424461932332092,,False,3.2442171819330166
2018-05-24 22:22:48.580000,35.1875,132.61916666666667,7.67,0.8,V,0.0016666666666666,0.0018333333333333,0.54,0.02,,,earthquake,depth free,middle auto,23.349828605238624,-285.9237896663061,11.389345590137276,,False,5.356007358203358
2018-05-25 04:50:47.140000,35.13183333333333,132.6295,7.86,0.8,V,0.0034999999999999,0.0031666666666666,0.89,0.05,,,earthquake,depth free,middle auto,17.141907255397783,-285.1755121072425,11.587046725730024,,False,8.23123023784974
2018-05-25 08:18:51.490000,35.19183333333333,132.566,11.18,0.5,V,0.0033333333333333,0.0033333333333333,0.55,0.06,,,earthquake,depth free,middle auto,24.003650466610708,-290.5992464238013,15.068779309618668,,False,2.2471240281212066
2018-05-25 10:34:40.300000,35.192,132.5675,9.31,0.6,V,0.005,0.0041666666666666,0.84,0.1,,,earthquake,depth free,middle auto,24.0084384499141,-290.5314953197105,13.194973253837428,,False,3.4115512293770096
2018-05-25 15:39:23.600000,35.190999999999995,132.571,10.23,0.6,V,0.0025,0.0031666666666666,0.6,0.05,,,earthquake,depth free,middle auto,23.891750800667268,-290.18408815408566,14.10341447717156,,False,2.4746895340475787
2018-05-25 17:16:57.870000,35.147166666666664,132.60416666666666,8.07,1.2,V,0.0018333333333333,0.0023333333333333,0.6,0.03,,,earthquake,depth free,middle auto,18.91861777992867,-287.4119421157961,11.867460481137265,,False,6.028127471663586
2018-05-25 19:37:02.200000,35.17483333333333,132.5935,8.21,0.7,V,0.0021666666666666,0.0026666666666666,0.61,0.03,,,earthquake,depth free,middle auto,22.02133950528535,-288.2760934989629,12.021835648149352,,False,4.116140902480787
2018-05-25 23:09:41.200000,35.189,132.56983333333332,10.79,1.2,V,0.0018333333333333,0.0021666666666666,0.44,0.03,,,earthquake,depth free,middle auto,23.676079972721293,-290.2763932437828,14.668271162694923,,False,2.087751797530263
2018-05-25 23:11:46.830000,35.19283333333333,132.56916666666666,10.92,0.5,V,0.0028333333333333,0.003,0.54,0.05,,,earthquake,depth free,middle auto,24.103981313211033,-290.31831024910167,14.797766916911332,,False,2.1921905211734827
2018-05-26 03:13:54.790000,35.17883333333333,132.60416666666666,10.3,1.0,V,0.0021666666666666,0.0026666666666666,0.56,0.04,,,earthquake,depth free,middle auto,22.44508976135149,-287.2190575738108,14.072596078500991,,False,2.5077438339987337
2018-05-26 04:33:15.600000,35.18416666666666,132.581,9.99,0.7,V,0.0023333333333333,0.0025,0.5,0.04,,,earthquake,depth free,middle auto,23.102954246381746,-289.3110392059742,13.83521733914511,,False,2.201583616772331
2018-05-26 06:32:24.640000,35.1565,132.6113333333333,8.26,0.9,V,0.0018333333333333,0.0018333333333333,0.47,0.03,,,earthquake,depth free,middle auto,19.934785680582515,-286.7221075251043,12.02680945688943,,False,5.455800050089199
2018-05-26 07:29:42.270000,35.18633333333333,132.58333333333334,12.76,0.6,V,0.0021666666666666,0.0026666666666666,0.5,0.04,,,earthquake,depth free,middle auto,23.35057912101239,-288.9906279519147,16.594122938941275,,False,0.7228546548169056
2018-05-26 11:29:31.920000,35.088,132.56016666666667,11.98,1.3,V,0.0016666666666666,0.0021666666666666,0.37,0.03,,,earthquake,depth free,middle auto,12.507086677727797,-291.47035898387156,15.969019550224267,,False,10.99582452684987
2018-05-26 13:14:19.690000,35.19233333333333,132.57233333333332,11.73,0.8,V,0.0025,0.003,0.58,0.05,,,earthquake,depth free,middle auto,24.04321523032477,-290.0034535722653,15.59705590197116,,False,1.604463423097033
2018-05-26 15:48:57.200000,35.19016666666666,132.58933333333334,12.39,0.6,V,0.0028333333333333,0.0034999999999999,0.74,0.05,,,earthquake,depth free,middle auto,23.75633767585764,-288.44696113498816,16.201968629882728,,False,0.7061754932616524
2018-05-27 16:19:22.480000,35.105000000000004,132.666,9.39,0.6,V,0.0026666666666666,0.0028333333333333,0.88,0.05,,,earthquake,depth free,middle manual,14.068489022844844,-281.90293395750194,13.02059843334009,,False,11.729127192751978
2018-05-27 23:41:20.560000,35.16916666666666,132.59866666666667,12.94,0.8,V,0.0016666666666666,0.002,0.38,0.03,,,earthquake,depth free,middle auto,21.402734955038735,-287.65587723970253,16.73576011524967,,False,2.1908462521337855
2018-05-28 07:55:47.320000,35.174166666666665,132.57999999999998,9.87,0.5,V,0.0034999999999999,0.0034999999999999,0.64,0.06,,,earthquake,depth free,middle auto,21.995642558624812,-289.44171426665264,13.72567631268356,,False,2.6137929297162943
2018-05-28 18:45:02.970000,35.19649999999999,132.57133333333334,10.3,0.7,V,0.0023333333333333,0.0028333333333333,0.58,0.04,,,earthquake,depth free,middle auto,24.50137452085727,-290.1316450224314,14.168524430407825,,False,2.6474228568290523
2018-05-28 23:56:20.660000,35.13883333333333,132.76700000000002,13.38,0.5,V,0.0016666666666666,0.0018333333333333,0.51,0.03,,,earthquake,depth free,middle auto,17.56321114235773,-272.4895854193995,16.664545864125973,,False,17.178325111772043
2018-05-29 05:54:58.960000,35.103500000000004,132.66966666666664,9.39,0.9,V,0.0018333333333333,0.0023333333333333,0.7,0.03,,,earthquake,depth free,middle auto,13.891558117010817,-281.5754358242537,13.010161125098731,,False,12.060285573411996
2018-05-30 07:05:13.100000,35.19499999999999,132.57066666666665,10.87,0.5,V,0.0028333333333333,0.003,0.57,0.05,,,earthquake,depth free,middle auto,24.339703145555266,-290.1764881521262,14.74135627050842,,False,2.2381921289395543
2018-05-30 16:33:27.300000,35.18083333333333,132.57916666666665,13.3,1.4,V,0.0018333333333333,0.0023333333333333,0.43,0.03,,,earthquake,depth free,middle auto,22.75555940974925,-289.36791961025784,17.151347722239073,,False,1.4186631535684926
2018-05-30 17:58:33.370000,35.19649999999999,132.57166666666666,10.94,0.8,V,0.0023333333333333,0.0025,0.46,0.04,,,earthquake,depth free,middle auto,24.50352325226048,-290.07795128562833,14.806980943135809,,False,2.234386990201152
2018-05-31 00:07:56.810000,35.158,132.59133333333335,8.37,2.3,V,0.002,0.0026666666666666,0.61,0.03,,,earthquake,depth free,high manual,20.160191864704032,-288.5265123092486,12.201171941002388,,False,4.804276739118579
2018-05-31 00:55:01.790000,35.16733333333333,132.59050000000002,10.62,1.1,V,0.0023333333333333,0.0026666666666666,0.55,0.04,,,earthquake,depth free,middle auto,21.2106954945364,-288.48690158214066,14.445488201750642,,False,2.4703422831359725
2018-05-31 01:12:45.200000,35.18066666666667,132.5865,12.38,0.5,V,0.002,0.0021666666666666,0.45,0.03,,,earthquake,depth free,middle auto,22.71083709823044,-288.7377902607255,16.207902723008136,,False,0.5097030468529699
2018-05-31 06:27:30.360000,35.21116666666667,132.7085,13.65,1.1,V,0.0069999999999999,0.0085,1.66,0.12,,,earthquake,depth free,middle auto,25.74982292748292,-277.535496590008,17.064400910411837,,False,11.533226127666738
2018-05-31 10:28:14.320000,35.195166666666665,132.56616666666667,10.12,0.5,V,0.0045,0.0043333333333333,0.91,0.08,,,earthquake,depth free,middle auto,24.367755276380834,-290.6111979957025,14.006689025600624,,False,2.9760429762288876
2018-05-31 11:33:06.340000,35.167833333333334,132.56050000000002,8.26,0.6,V,0.0026666666666666,0.003,0.61,0.05,,,earthquake,depth free,middle auto,21.34159214288441,-291.29132389052745,12.186053507449806,,False,4.909917960415813
2018-05-31 11:41:53.310000,35.16566666666667,132.5635,8.32,0.9,V,0.0026666666666666,0.003,0.59,0.05,,,earthquake,depth free,middle auto,21.09258489657787,-291.0248643111456,12.237613686301549,,False,4.835775213882809
2018-05-31 12:50:34.820000,35.19,132.57316666666665,11.84,0.5,V,0.0033333333333333,0.0034999999999999,0.64,0.06,,,earthquake,depth free,middle auto,23.78247864365537,-289.93225853435496,15.705817371750967,,False,1.3906603747423387
2018-05-31 14:37:16,35.21716666666667,132.7493333333333,7.55,1.4,V,0.0016666666666666,0.0018333333333333,0.47,0.02,,,earthquake,depth free,middle auto,26.273054544222248,-274.02579945740666,10.837281651302307,,False,15.867359990911558
2018-05-31 15:03:29.980000,35.18683333333333,132.57283333333334,8.07,0.6,V,0.0036666666666666,0.0036666666666666,0.74,0.06,,,earthquake,depth free,middle auto,23.41311558341003,-290.11210047805235,11.941691719880644,,False,4.256392652745175
2018-05-31 21:59:46.210000,35.1785,132.57666666666665,13.24,1.1,V,0.002,0.0021666666666666,0.4,0.03,,,earthquake,depth free,middle auto,22.503807086453513,-289.60490758414323,17.101298242849705,,False,1.5884276219514302
2018-05-31 23:20:24.800000,35.09433333333334,132.5546666666667,12.43,0.7,V,0.0018333333333333,0.002,0.33,0.03,,,earthquake,depth free,middle auto,13.228866764362468,-291.92988350865244,16.431482561976864,,False,10.44172662381804
2018-05-31 23:34:28.290000,35.1785,132.5815,12.67,0.5,v,0.0026666666666666,0.0023333333333333,0.4,0.05,,,earthquake,depth free,middle auto,22.486664259540905,-289.187903086779,16.515721515002905,,False,0.9897422991988499
2018-06-01 03:03:33.870000,35.190999999999995,132.57266666666666,10.02,0.6,V,0.0021666666666666,0.0028333333333333,0.61,0.04,,,earthquake,depth free,middle auto,23.885803436682913,-290.04076298135044,13.88803573096261,,False,2.5611238945349633
2018-06-01 10:38:37.670000,35.19,132.605,10.92,0.5,V,0.0038333333333333,0.0034999999999999,0.67,0.06,,,earthquake,depth free,middle auto,23.68479042219481,-287.08156207891403,14.681680442269467,,False,2.140158790599367
2018-06-01 14:14:24.390000,35.190999999999995,132.59233333333333,14.69,0.5,V,0.0071666666666666,0.0071666666666666,1.34,0.13,,,earthquake,depth free,middle auto,23.851492070064005,-288.0884849986601,18.489979940575875,,False,2.703984699257711
2018-06-03 00:37:46.300000,35.1765,132.60066666666663,8.55,0.5,V,0.0021666666666666,0.0026666666666666,0.63,0.04,,,earthquake,depth free,middle auto,22.18719629178602,-287.60806556715204,12.336890577943814,,False,3.905387180163002
2018-06-03 02:54:48.190000,35.094500000000004,132.671,9.64,0.5,V,0.0016666666666666,0.002,0.64,0.03,,,earthquake,depth free,middle auto,12.890667653777394,-281.476748042601,13.26347682602846,,False,12.844568445125034
2018-06-03 06:17:18.100000,35.09816666666667,132.67333333333332,9.68,0.8,V,0.0018333333333333,0.002,0.67,0.03,,,earthquake,depth free,middle auto,13.291167795890892,-281.25093360729477,13.292842605580248,,False,12.652563827806087
2018-06-03 10:04:25.370000,35.123,132.59866666666667,6.98,0.5,V,0.002,0.0016666666666666,0.45,0.03,,,earthquake,depth free,middle auto,16.245541279195837,-288.03603534282894,10.8153794616393,,False,8.636372616072894
2018-06-03 11:47:55.320000,35.174499999999995,132.58450000000002,9.11,1.0,V,0.002,0.0025,0.54,0.03,,,earthquake,depth free,middle auto,22.0154269601791,-289.06039892043026,12.951100341530047,,False,3.229981322448896
2018-06-03 12:59:34.120000,35.19483333333333,132.57366666666667,11.45,0.5,V,0.0031666666666666,0.0028333333333333,0.55,0.05,,,earthquake,depth free,middle auto,24.315246528726433,-289.883997574339,15.311133679914928,,False,1.7680819426618035
2018-06-03 14:26:13.440000,35.11783333333334,132.60166666666666,6.75,0.9,V,0.0016666666666666,0.0016666666666666,0.49,0.02,,,earthquake,depth free,middle auto,15.661772808777815,-287.79044449862585,10.579931100704028,,False,9.2662159651241
2018-06-03 14:48:30.560000,35.11516666666667,132.60266666666666,6.34,0.9,V,0.0016666666666666,0.002,0.58,0.02,,,earthquake,depth free,middle auto,15.360217052181609,-287.7240117435698,10.16913894145754,,False,9.7562177033633
2018-06-03 19:49:59.780000,35.17816666666666,132.61066666666667,10.6,0.7,V,0.0023333333333333,0.0028333333333333,0.62,0.04,,,earthquake,depth free,middle auto,22.353784583439264,-286.6214458928226,14.351623486204623,,False,2.757187978936872
2018-06-03 22:18:43.670000,35.186,132.59400000000002,10.64,0.5,V,0.0034999999999999,0.0043333333333333,0.8,0.06,,,earthquake,depth free,middle manual,23.27164615887267,-288.10267954226146,14.440682978827915,,False,1.6384640885091457
2018-06-04 05:43:58.210000,35.17633333333333,132.585,8.47,0.7,V,0.003,0.0028333333333333,0.66,0.05,,,earthquake,depth free,middle auto,22.214061262703872,-289.03192112731796,12.3085770293754,,False,3.7781382657205542
2018-06-04 07:18:57.250000,35.18116666666666,132.57733333333334,8.56,2.0,V,0.0018333333333333,0.0023333333333333,0.54,0.03,,,earthquake,depth free,high manual,22.773451665521677,-289.70643691923846,12.420415252334497,,False,3.689583418215068
2018-06-04 12:51:58.910000,35.186166666666665,132.59366666666668,11.73,0.9,V,0.0023333333333333,0.0026666666666666,0.53,0.04,,,earthquake,depth free,middle auto,23.296647571338656,-288.0926232847766,15.530926288526796,,False,0.7686931832948732
2018-06-05 08:44:05.540000,35.19566666666666,132.57466666666667,10.61,2.0,V,0.0018333333333333,0.0023333333333333,0.51,0.03,,,earthquake,depth free,high manual,24.400635393315444,-289.8212195614365,14.467835004853312,,False,2.2329472253925724
2018-06-06 07:29:27.210000,35.16583333333333,132.5575,11.0,0.5,V,0.003,0.0033333333333333,0.52,0.05,,,earthquake,depth free,middle auto,21.1433161893218,-291.46935152011366,14.93560627286984,,False,3.556492849631501
2018-06-06 08:12:13.730000,35.16683333333333,132.554,11.38,0.6,V,0.0026666666666666,0.003,0.48,0.05,,,earthquake,depth free,middle auto,21.266654471621855,-291.7689289718555,15.32628022637887,,False,3.6418393785519547
2018-06-06 08:30:52.950000,35.17666666666666,132.586,9.59,0.5,V,0.004,0.005,0.94,0.09,,,earthquake,depth free,middle auto,22.253998495290684,-288.89918262896987,13.42427984615954,,False,2.691445527037651
2018-06-07 02:02:05.250000,35.19,132.57266666666666,10.64,2.5,V,0.0018333333333333,0.0023333333333333,0.48,0.03,,,earthquake,depth free,high manual,23.777944722057516,-290.0215878965416,14.508296210732588,,False,2.045344677841345
2018-06-07 03:23:17.890000,35.189166666666665,132.57533333333333,11.36,0.5,V,0.0018333333333333,0.0023333333333333,0.42,0.03,,,earthquake,depth free,middle auto,23.681264934318456,-289.7565353978869,15.219547546438331,,False,1.3781228407701636
2018-06-07 11:12:55.430000,35.1825,132.58133333333333,11.65,0.8,V,0.0021666666666666,0.0023333333333333,0.45,0.03,,,earthquake,depth free,middle auto,22.925569916945232,-289.2260577604196,15.494149614915214,,False,0.722691114984865
2018-06-08 14:20:39.500000,35.161833333333334,132.5655,8.24,1.6,V,0.0015,0.002,0.44,0.02,,,earthquake,depth free,middle auto,20.66078826411989,-290.8601912712468,12.153847982475549,,False,5.02466822517629
2018-06-08 14:41:55.100000,35.166,132.56333333333333,8.1,0.7,V,0.0028333333333333,0.0031666666666666,0.58,0.05,,,earthquake,depth free,middle auto,21.12888127090449,-291.04688645127356,12.018075974885168,,False,5.001887813261997
2018-06-09 06:10:22.410000,35.162166666666664,132.57133333333334,13.4,0.5,V,0.0136666666666666,0.0138333333333333,1.97,0.27,,,earthquake,depth free,low auto,20.708919733907912,-290.1405269735261,17.290673516589877,,False,3.127593281946629
2018-06-09 06:54:02.360000,35.18283333333333,132.579,9.17,0.8,V,0.0021666666666666,0.0023333333333333,0.52,0.03,,,earthquake,depth free,middle auto,22.956665338172233,-289.52707203418015,13.02331689606676,,False,3.0474348241231843
2018-06-09 13:29:38.890000,35.18716666666666,132.5785,8.41,0.6,V,0.0033333333333333,0.0031666666666666,0.68,0.05,,,earthquake,depth free,middle auto,23.435184266306734,-289.5847571031632,12.26247183208143,,False,3.8032186113117104
2018-06-09 15:18:00.990000,35.19433333333333,132.571,10.0,0.7,V,0.003,0.0028333333333333,0.56,0.05,,,earthquake,depth free,middle auto,24.26047331627254,-290.18061166880744,13.871300328961148,,False,2.776353306949575
2018-06-09 20:34:34.800000,35.1875,132.58066666666667,13.02,0.7,V,0.0041666666666666,0.0036666666666666,0.66,0.07,,,earthquake,depth free,middle auto,23.48910360004783,-289.2185282522768,16.86193672544157,,False,1.0895461133740367
2018-06-10 02:53:26.430000,35.18233333333333,132.57716666666667,9.48,1.1,V,0.0025,0.003,0.62,0.04,,,earthquake,depth free,middle auto,22.90815205194072,-289.6836792896839,13.339517131879708,,False,2.7986543879483636
2018-06-10 03:15:09.780000,35.1875,132.57583333333332,10.03,0.6,v,0.0045,0.0045,0.92,0.08,,,earthquake,depth free,middle auto,23.48818808794416,-289.7659258977907,13.88995328308455,,False,2.3398304092674334
2018-06-10 03:27:13.870000,35.20216666666667,132.5656666666667,12.26,0.6,V,0.0025,0.0025,0.44,0.04,,,earthquake,depth free,middle auto,25.156181866686342,-290.55270603857554,16.14218520069736,,False,2.7233313539317896
2018-06-10 03:33:54.280000,35.206,132.56116666666668,10.11,0.6,v,0.0069999999999999,0.009,1.67,0.12,,,earthquake,depth free,middle auto,25.58449482584707,-291.0257715934503,14.00609381181524,,False,3.877917471627401
2018-06-10 05:40:27.500000,35.163333333333334,132.55316666666667,10.49,0.7,V,0.0026666666666666,0.0028333333333333,0.5,0.05,,,earthquake,depth free,middle auto,20.875985726781153,-291.88994602787835,14.44225834052524,,False,4.1874907132129255
2018-06-10 14:14:02.890000,35.192499999999995,132.5761666666667,12.17,0.5,v,0.0031666666666666,0.0034999999999999,0.72,0.06,,,earthquake,depth free,middle auto,24.05262665760267,-289.63945323661113,16.023954162256548,,False,1.2901178388807393
2018-06-10 22:06:47.850000,35.181666666666665,132.57999999999998,7.74,0.5,v,0.003,0.004,1.02,0.05,,,earthquake,depth free,middle auto,22.816893496073085,-289.49291695006474,11.591807379815473,,False,4.44398155376955
2018-06-10 23:39:56.550000,35.096333333333334,132.67416666666665,9.06,2.4,V,0.0018333333333333,0.0021666666666666,0.74,0.03,,,earthquake,depth free,high manual,13.081206420286142,-281.2035376037627,12.672168432710816,,False,12.987383949280758
2018-06-11 02:21:41.390000,35.163666666666664,132.5875,8.26,0.6,V,0.0031666666666666,0.003,0.66,0.05,,,earthquake,depth free,middle auto,20.799747146358932,-288.8579908179685,12.099662143081362,,False,4.5186106894018
2018-06-11 09:18:17.310000,35.17466666666667,132.59166666666667,12.02,0.9,V,0.0021666666666666,0.0026666666666666,0.52,0.04,,,earthquake,depth free,middle auto,22.02831172029878,-288.30410795249145,15.835401869411454,,False,1.2039806127672945
2018-06-11 10:15:48.900000,35.181666666666665,132.57633333333334,8.83,2.0,V,0.002,0.0025,0.57,0.03,,,earthquake,depth free,high manual,22.833271848786364,-289.78541101165524,12.693187138609778,,False,3.4467279212057886
2018-06-11 11:10:03.800000,35.1795,132.575,10.03,0.9,V,0.0061666666666666,0.0065,1.33,0.09,,,earthquake,depth free,middle auto,22.602954045805173,-289.87001662427974,13.898304698701518,,False,2.4205845019350067
2018-06-11 13:46:18.310000,35.18233333333333,132.57816666666668,8.95,1.9,V,0.002,0.0023333333333333,0.55,0.03,,,earthquake,depth free,high manual,22.902492827429302,-289.6124480058331,12.806572704852252,,False,3.282416418344256
2018-06-11 15:18:35.370000,35.18416666666666,132.57316666666665,9.77,0.8,V,0.0038333333333333,0.0048333333333333,1.02,0.07,,,earthquake,depth free,middle auto,23.124828435562826,-290.02904368781634,13.641275533949653,,False,2.659462069675765
2018-06-12 02:20:30.180000,35.181,132.58016666666666,8.8,1.0,V,0.0018333333333333,0.0023333333333333,0.54,0.03,,,earthquake,depth free,middle auto,22.747877167892337,-289.4413976514137,12.65100157512478,,False,3.406229924178329
2018-06-12 03:33:33.950000,35.18033333333333,132.58283333333333,9.02,0.6,V,0.0056666666666666,0.0056666666666666,1.06,0.09,,,earthquake,depth free,middle auto,22.667208149066397,-289.193996422742,12.86251497833506,,False,3.1661444600810857
2018-06-12 04:30:29.190000,35.17283333333333,132.5896666666667,9.91,0.6,V,0.0033333333333333,0.0033333333333333,0.67,0.06,,,earthquake,depth free,middle auto,21.81958897549184,-288.56877729714296,13.734727829025887,,False,2.593809628044806
2018-06-12 13:11:13.480000,35.18683333333333,132.57583333333332,12.15,0.9,v,0.0053333333333333,0.0053333333333333,0.84,0.08,,,earthquake,depth free,middle auto,23.424940446013217,-289.6906098808698,16.00896328031712,,False,1.011830979551461
2018-06-13 00:22:33.970000,35.180499999999995,132.60683333333333,10.55,1.1,V,0.002,0.0025,0.54,0.03,,,earthquake,depth free,middle auto,22.62355411466674,-286.9624234888493,14.31253119429104,,False,2.4611875447729004
2018-06-13 00:51:11.160000,35.19533333333333,132.583,13.2,0.9,V,0.002,0.0021666666666666,0.44,0.03,,,earthquake,depth free,middle auto,24.35193432747429,-288.97269397243866,17.028763553885646,,False,1.6299323926366769
2018-06-13 03:06:41.390000,35.1585,132.59216666666669,8.53,2.2,V,0.002,0.0025,0.59,0.03,,,earthquake,depth free,high manual,20.214139723695265,-288.4433382631096,12.357947517291477,,False,4.652682234965536
2018-06-13 04:25:53.880000,35.095,132.67616666666666,8.99,0.5,V,0.0018333333333333,0.0021666666666666,0.75,0.03,,,earthquake,depth free,middle auto,12.927065575021004,-281.0291138520823,12.59699761609953,,False,13.226927487648213
2018-06-13 05:20:30.360000,35.1545,132.597,8.1,0.5,V,0.0031666666666666,0.004,0.86,0.05,,,earthquake,depth free,middle auto,19.753650140137417,-288.03486883074066,11.915356832061011,,False,5.323202110639648
2018-06-13 10:47:58.940000,35.18666666666666,132.57716666666667,9.41,0.5,V,0.0046666666666666,0.0041666666666666,0.89,0.07,,,earthquake,depth free,middle auto,23.3886672014448,-289.6707770257891,13.266543614176353,,False,2.8619113291532385
2018-06-13 16:36:56.680000,35.181999999999995,132.5805,8.99,1.9,V,0.002,0.0025,0.56,0.03,,,earthquake,depth free,high manual,22.858858896382603,-289.40066397270436,12.839067576129734,,False,3.2031667802104358
2018-06-13 16:40:31,35.18416666666666,132.577,8.18,0.6,V,0.0018333333333333,0.002,0.47,0.03,,,earthquake,depth free,middle auto,23.105447819566745,-289.7398664877459,12.03967526470437,,False,4.046590331579521
2018-06-13 20:48:33.950000,35.1605,132.59433333333334,8.29,0.5,V,0.0028333333333333,0.0034999999999999,0.75,0.05,,,earthquake,depth free,middle auto,20.428454636374436,-288.248502572756,12.109495490772066,,False,4.735780236186962
2018-06-13 21:25:20.600000,35.16583333333333,132.59050000000002,8.85,0.5,V,0.0034999999999999,0.0034999999999999,0.75,0.06,,,earthquake,depth free,middle auto,21.034654583694973,-288.55675021843797,12.677787572827032,,False,3.905190621063513
2018-06-14 06:05:29.800000,35.155166666666666,132.59733333333335,8.22,0.5,V,0.0041666666666666,0.005,1.1,0.06,,,earthquake,depth free,middle auto,19.827347898898537,-287.99791156508536,12.033678350962612,,False,5.1914198753261696
2018-06-14 20:08:08.460000,35.19733333333333,132.56833333333333,9.67,0.7,V,0.0021666666666666,0.0026666666666666,0.52,0.04,,,earthquake,depth free,middle auto,24.59959317102857,-290.42364780010115,13.548344185097235,,False,3.2855215188917355
2018-06-14 20:48:56.960000,35.1735,132.59016666666668,8.23,0.7,V,0.0026666666666666,0.0025,0.51,0.04,,,earthquake,depth free,middle auto,21.88320031633821,-288.5823261138211,12.053743260221609,,False,4.104595266920583
2018-06-14 21:35:49.500000,35.166666666666664,132.59466666666668,8.63,1.3,V,0.0021666666666666,0.0023333333333333,0.52,0.03,,,earthquake,depth free,middle auto,21.11376850301346,-288.1840175113405,12.44362377023727,,False,4.095115473844694
2018-06-15 02:38:19.420000,35.18066666666667,132.57883333333334,8.82,1.0,V,0.002,0.0023333333333333,0.55,0.03,,,earthquake,depth free,middle auto,22.71489895074367,-289.5627218114423,12.67562926906723,,False,3.414443647479722
2018-06-15 02:41:24.110000,35.08533333333334,132.4305,11.73,0.5,V,0.0025,0.0028333333333333,0.42,0.05,,,earthquake,depth free,middle auto,12.600364155157688,-303.2510202120259,16.164474235161894,,False,17.961558271043405
2018-06-15 02:55:14.720000,35.1825,132.585,10.62,0.5,v,0.0056666666666666,0.006,1.13,0.11,,,earthquake,depth free,middle auto,22.909534968440827,-288.9314436016445,14.452755209161364,,False,1.5364885810529723
2018-06-15 02:56:36.150000,35.18266666666666,132.583,12.42,0.7,v,0.0066666666666666,0.0053333333333333,0.87,0.11,,,earthquake,depth free,middle auto,22.943128787001815,-289.0463072298021,16.258008289402856,,False,0.4939442686241844
2018-06-15 13:01:24.330000,35.183499999999995,132.5795,9.57,0.9,V,0.0021666666666666,0.0026666666666666,0.55,0.04,,,earthquake,depth free,middle auto,23.03122948250112,-289.4647331892811,13.420924658807465,,False,2.6444527297689455
2018-06-15 17:01:09.150000,35.1795,132.58633333333333,8.79,0.7,V,0.0025,0.0023333333333333,0.49,0.04,,,earthquake,depth free,middle auto,22.56327883506245,-288.88808857586423,12.621715474060624,,False,3.389024967890905
2018-06-15 17:16:02.480000,35.178666666666665,132.5755,8.06,0.5,V,0.0034999999999999,0.0034999999999999,0.75,0.06,,,earthquake,depth free,middle auto,22.498771085336077,-289.89989215848163,11.92859037334638,,False,4.2467967343996325
2018-06-16 05:45:53.600000,35.22983333333333,132.55266666666668,12.97,0.7,V,0.0118333333333333,0.0135,2.65,0.22,,,earthquake,depth free,middle manual,28.266400201676852,-291.60443351950835,16.877340688368413,,False,5.944282962304509
2018-06-16 08:04:11.700000,35.19116666666666,132.57333333333332,10.13,1.0,V,0.002,0.0023333333333333,0.51,0.03,,,earthquake,depth free,middle auto,23.90288539015,-289.9757180625677,13.995638054415322,,False,2.44614142863173
2018-06-16 12:23:23.620000,35.180166666666665,132.59216666666669,11.9,1.0,V,0.0021666666666666,0.0025,0.5,0.04,,,earthquake,depth free,middle auto,22.63632226117799,-288.2436442573786,15.709933944922994,,False,0.7424577720284015
2018-06-16 12:43:13.690000,35.172333333333334,132.58866666666668,12.6,1.0,V,0.0018333333333333,0.002,0.39,0.03,,,earthquake,depth free,middle auto,21.78133882176463,-288.5630829701504,16.426551940038216,,False,1.4585160552707341
2018-06-17 01:11:14.510000,35.19566666666666,132.57316666666665,11.84,0.6,V,0.0028333333333333,0.0028333333333333,0.59,0.05,,,earthquake,depth free,middle auto,24.411074415535698,-289.912012136323,15.701958273480336,,False,1.7532586482799728
2018-06-17 02:29:44.570000,35.19,132.577,9.31,0.5,v,0.006,0.0065,1.13,0.14,,,earthquake,depth free,middle auto,23.75855989726932,-289.67764710005554,13.164863778727227,,False,3.011981681987219
2018-06-17 15:09:09.100000,35.05166666666666,132.46866666666668,13.01,2.1,V,0.0015,0.002,0.31,0.03,,,earthquake,depth free,high manual,8.758678660504822,-299.8640506377918,17.342060013308842,,False,18.258086293802197
2018-06-17 23:21:31.590000,35.194,132.57383333333334,10.97,0.8,V,0.0025,0.0026666666666666,0.54,0.04,,,earthquake,depth free,middle auto,24.219942585572625,-289.8894785545242,14.83147566308314,,False,1.9426553409373128
2018-06-18 10:06:49.150000,35.19466666666666,132.569,10.61,1.0,V,0.0023333333333333,0.0028333333333333,0.53,0.04,,,earthquake,depth free,middle auto,24.306345030447932,-290.33824146867164,14.487287013599143,,False,2.4719761090830215
2018-06-18 13:20:03.140000,35.184,132.57533333333333,13.02,1.2,V,0.0025,0.0033333333333333,0.62,0.04,,,earthquake,depth free,middle auto,23.11657036945811,-289.7141297741935,16.88199105121968,,False,1.3617020386139176
2018-06-18 18:25:56.940000,35.17783333333333,132.58933333333334,8.78,0.5,V,0.0031666666666666,0.003,0.6,0.05,,,earthquake,depth free,middle auto,22.36947610892347,-288.622420548741,12.603019654065497,,False,3.4433261390636556
2018-06-19 01:24:12.580000,35.187,132.57666666666665,12.66,1.6,V,0.0016666666666666,0.002,0.4,0.03,,,earthquake,depth free,middle auto,23.44356042384927,-289.59583353543053,16.515743020201075,,False,1.0819563873342666
2018-06-19 01:27:07.480000,35.16466666666666,132.5925,10.04,1.0,V,0.0023333333333333,0.0028333333333333,0.59,0.04,,,earthquake,depth free,middle auto,20.90581889500071,-288.3362133181233,13.86125636618542,,False,3.094633958517873
2018-06-19 03:37:00.100000,35.16266666666667,132.56283333333334,11.26,1.6,V,0.0015,0.002,0.38,0.03,,,earthquake,depth free,middle auto,20.77767964772821,-290.987732798112,15.180002899571187,,False,3.3756072431533535
2018-06-19 12:38:15.320000,35.19733333333333,132.57116666666667,10.34,0.9,V,0.0018333333333333,0.0021666666666666,0.45,0.03,,,earthquake,depth free,middle auto,24.59452249370631,-290.1422982496124,14.20848822083325,,False,2.675413944570119
2018-06-19 14:59:29.410000,35.19883333333333,132.56833333333333,9.59,0.6,V,0.0023333333333333,0.0026666666666666,0.55,0.04,,,earthquake,depth free,middle auto,24.76565503519756,-290.42121792940276,13.467392243119804,,False,3.419156117309186
2018-06-19 15:07:33.410000,35.15533333333333,132.6855,8.85,0.5,V,0.0023333333333333,0.002,0.68,0.03,,,earthquake,depth free,middle auto,19.595620782477248,-279.9791953127137,12.378684779589928,,False,10.089634507870784
2018-06-19 19:32:43.100000,35.1735,132.5795,8.61,2.4,V,0.002,0.0023333333333333,0.54,0.03,,,earthquake,depth free,high manual,21.9164640643843,-289.53553435701974,12.468669067776888,,False,3.7881420325848323
2018-06-19 20:09:01.480000,35.092000000000006,132.5575,12.02,0.7,V,0.0025,0.0026666666666666,0.48,0.04,,,earthquake,depth free,middle auto,12.958933235047084,-291.6964342184854,16.01435838001198,,False,10.620312456064681
2018-06-20 00:05:02.750000,35.12266666666667,132.628,0.0,0.5,V,0.012,0.0135,,0.17,,,earthquake,depth slice,low auto,16.07999751123285,-285.62626433204247,3.7445330831831143,,False,14.445375712032904
2018-06-20 01:30:02.490000,35.171166666666664,132.58283333333333,8.92,0.8,V,0.002,0.0023333333333333,0.54,0.03,,,earthquake,depth free,middle auto,21.64937588210567,-289.23030835464135,12.769128345754265,,False,3.559640238388311
2018-06-20 12:03:36.800000,35.106833333333334,132.66316666666668,9.97,0.6,V,0.0021666666666666,0.0021666666666666,0.69,0.04,,,earthquake,depth free,middle auto,14.283806650911124,-282.13309311103575,13.607731765870565,,False,11.29256953374875
2018-06-20 12:52:02.720000,35.100500000000004,132.665,9.54,0.5,V,0.0025,0.003,0.9,0.04,,,earthquake,depth free,middle auto,13.572956048356646,-282.00394865924886,13.1775321218385,,False,12.023236984225155
2018-06-20 12:52:50.120000,35.107,132.6645,9.56,0.8,V,0.0018333333333333,0.0016666666666666,0.6,0.03,,,earthquake,depth free,middle manual,14.295826912033426,-282.02607784037656,13.193592312749647,,False,11.43876160640201
2018-06-20 13:24:15.450000,35.177166666666665,132.57783333333333,8.69,0.6,V,0.0028333333333333,0.003,0.62,0.05,,,earthquake,depth free,middle auto,22.328719699817736,-289.6706230098927,12.551503077811043,,False,3.6289412583882723
2018-06-20 18:02:48.180000,35.170833333333334,132.58766666666668,8.13,0.6,V,0.0034999999999999,0.0046666666666666,1.08,0.06,,,earthquake,depth free,middle auto,21.59400271730443,-288.822130208247,11.96396705586658,,False,4.285646309752815
2018-06-20 18:49:29.540000,35.114000000000004,132.6595,11.32,0.5,V,0.0031666666666666,0.0023333333333333,0.77,0.06,,,earthquake,depth free,middle auto,15.09813243724053,-282.39293908178485,14.962592723466996,,False,10.288945349443479
2018-06-21 09:49:52.350000,35.21233333333333,132.72533333333334,11.35,0.6,V,0.0031666666666666,0.0034999999999999,0.66,0.06,,,earthquake,depth free,middle auto,25.821226706068455,-276.08649642554235,14.712457309375884,,False,12.969519171913735
2018-06-21 16:38:02.810000,35.214000000000006,132.55833333333334,8.86,0.6,V,0.0088333333333333,0.0088333333333333,1.8,0.12,,,earthquake,depth free,middle auto,26.474801669800147,-291.2998491534306,12.76120010431472,,False,5.282298645198029
2018-06-21 17:33:16.940000,35.19916666666666,132.56516666666667,10.5,0.5,V,0.0069999999999999,0.0068333333333333,1.27,0.12,,,earthquake,depth free,middle auto,24.816373737373656,-290.67349855157835,14.387056197603131,,False,3.008455726745469
2018-06-21 22:02:23.910000,35.19799999999999,132.56433333333334,11.11,0.8,V,0.0018333333333333,0.0021666666666666,0.44,0.03,,,earthquake,depth free,middle auto,24.69234945652578,-290.73073163704487,15.000186362988764,,False,2.7081822525950052
2018-06-21 23:44:48.800000,35.19883333333333,132.5645,10.39,0.6,V,0.0025,0.0028333333333333,0.57,0.05,,,earthquake,depth free,middle auto,24.780821071861197,-290.7391447706318,14.279570004166665,,False,3.0892461424238102
2018-06-22 03:40:14.320000,35.1855,132.581,12.92,0.5,V,0.0058333333333333,0.0048333333333333,0.83,0.1,,,earthquake,depth free,middle auto,23.26580154073945,-289.1991176065877,16.76229033781386,,False,0.9470040105218801
2018-06-22 10:01:20.370000,35.16833333333333,132.57399999999998,7.38,0.7,V,0.0036666666666666,0.0036666666666666,0.78,0.06,,,earthquake,depth free,middle auto,21.352577848849258,-290.0977512907611,11.26145323859633,,False,5.212702248505014
2018-06-23 00:11:42.310000,35.1,132.67066666666665,9.04,1.1,V,0.0026666666666666,0.0031666666666666,1.01,0.04,,,earthquake,depth free,middle auto,13.497980186655235,-281.5091789327985,12.66018479853012,,False,12.491187131348074
2018-06-23 00:11:46.390000,35.0985,132.66516666666666,9.75,1.1,V,0.0034999999999999,0.0038333333333333,1.09,0.06,,,earthquake,depth free,middle manual,13.351932265878991,-281.9883171351199,13.388579418784843,,False,12.162411007609453
2018-06-23 01:32:09.370000,35.189499999999995,132.57483333333332,10.52,1.5,V,0.0016666666666666,0.002,0.44,0.03,,,earthquake,depth free,middle auto,23.715501961208577,-289.8314433570329,14.381548040267964,,False,2.0080446090191626
2018-06-23 01:33:22.320000,35.18966666666666,132.57466666666667,10.51,1.5,V,0.0018333333333333,0.0023333333333333,0.5,0.03,,,earthquake,depth free,middle auto,23.73443340625292,-289.8463173880861,14.37199196022828,,False,2.029143483313244
2018-06-23 02:07:48.470000,35.17333333333333,132.573,8.99,0.6,V,0.0026666666666666,0.0025,0.5,0.04,,,earthquake,depth free,middle auto,21.919072566708177,-290.1114830339554,12.870039548379845,,False,3.602802423715031
2018-06-23 07:37:21.890000,35.19083333333333,132.57316666666665,12.78,0.6,V,0.0028333333333333,0.003,0.57,0.04,,,earthquake,depth free,middle auto,23.87960824611123,-289.8947973868664,16.644601522374202,,False,1.5459870455111042
2018-06-23 14:40:20.700000,35.099833333333336,132.67116666666666,9.1,1.3,V,0.0015,0.0018333333333333,0.61,0.02,,,earthquake,depth free,middle auto,13.47845425853003,-281.4622630284208,12.71869377861528,,False,12.518133095406816
2018-06-23 16:05:00.740000,35.115833333333335,132.61183333333332,5.23,0.8,v,0.005,0.0043333333333333,1.52,0.06,,,earthquake,depth free,middle auto,15.400529275411154,-286.92983956009994,9.029330916451798,,False,10.547704118078942
2018-06-23 17:11:05.540000,35.189499999999995,132.5805,13.23,0.9,V,0.0028333333333333,0.0031666666666666,0.59,0.05,,,earthquake,depth free,middle auto,23.71246187595191,-289.21881588069607,17.070965748471412,,False,1.3455491842392902
2018-06-24 04:53:59.400000,35.099833333333336,132.66899999999998,9.08,0.8,V,0.0015,0.0018333333333333,0.61,0.03,,,earthquake,depth free,middle auto,13.484504954380062,-281.6595811301932,12.70562119674766,,False,12.403512352876325
2018-06-24 06:40:40.880000,35.1955,132.68633333333332,6.71,0.6,V,0.0021666666666666,0.0023333333333333,0.67,0.03,,,earthquake,depth free,middle auto,24.04052971201283,-279.8402136074378,10.20884608858855,,False,10.611833470618787
2018-06-24 12:25:55.490000,35.186,132.57066666666665,9.63,1.8,V,0.002,0.0025,0.54,0.03,,,earthquake,depth free,high manual,23.334905194560044,-290.25420960641026,13.508380309234598,,False,2.894647168481083
2018-06-24 21:03:06.660000,35.19433333333333,132.57483333333332,8.91,0.5,v,0.0068333333333333,0.0058333333333333,1.02,0.1,,,earthquake,depth free,middle auto,24.243834501807925,-289.8732015068709,12.76934929137935,,False,3.5598471756687182
2018-06-25 00:44:56.240000,35.17016666666667,132.60216666666665,7.44,1.2,V,0.0018333333333333,0.0023333333333333,0.6,0.03,,,earthquake,depth free,middle auto,21.473955560975583,-287.5347754994729,11.227268995399418,,False,5.15424337950051
2018-06-25 11:46:00.460000,35.055499999999995,132.46233333333333,13.57,0.5,V,0.013,0.0166666666666666,2.49,0.3,,,earthquake,depth free,low auto,9.207156120840017,-300.4030455366207,17.919853905621498,,False,18.300036524137727
2018-06-25 15:05:11.280000,35.181666666666665,132.59,9.17,1.0,V,0.0031666666666666,0.0038333333333333,0.9,0.05,,,earthquake,depth free,middle auto,22.79496993876477,-288.53414111545686,12.987854311622096,,False,2.9939892329691506
2018-06-25 17:03:27.520000,35.171,132.60183333333333,7.64,0.9,V,0.0018333333333333,0.0021666666666666,0.58,0.03,,,earthquake,depth free,middle auto,21.568501789375254,-287.55479433001545,11.427623920047123,,False,4.935237013311958
2018-06-26 03:12:58.510000,35.1785,132.57866666666666,8.98,1.2,V,0.0016666666666666,0.002,0.46,0.03,,,earthquake,depth free,middle auto,22.47576134479593,-289.579701667112,12.8376021564502,,False,3.3042400218310393
2018-06-26 06:48:08.620000,35.17666666666666,132.58616666666668,12.25,0.5,V,0.004,0.0038333333333333,0.77,0.06,,,earthquake,depth free,middle auto,22.267452850252305,-288.7869647359826,16.081920680267547,,False,0.8970773573473688
2018-06-26 20:04:33.840000,35.18666666666666,132.58333333333334,11.81,0.9,v,0.0041666666666666,0.004,0.72,0.07,,,earthquake,depth free,middle auto,23.38273763976438,-289.0241564352086,15.644538719489065,,False,0.4930440654510552
2018-06-27 01:49:43.530000,35.172999999999995,132.54433333333333,8.71,0.8,v,0.0058333333333333,0.0065,1.14,0.1,,,earthquake,depth free,middle auto,21.96526968526968,-292.7218410410486,12.68599342693146,,False,5.303655358713477
2018-06-27 08:17:32.290000,35.17666666666666,132.57466666666667,9.02,2.2,V,0.002,0.0025,0.56,0.03,,,earthquake,depth free,high manual,22.284257757204912,-289.94738467343046,12.892112212694125,,False,3.4126633723506976
2018-06-27 17:30:57.970000,35.205000000000005,132.56816666666666,11.31,1.1,V,0.0021666666666666,0.0023333333333333,0.48,0.04,,,earthquake,depth free,middle auto,25.458598152539007,-290.35103500429227,15.182670317562271,,False,2.929358760937999
2018-06-27 17:44:31.670000,35.17816666666666,132.575,9.09,0.5,v,0.0034999999999999,0.0031666666666666,0.64,0.06,,,earthquake,depth free,middle auto,22.45010959338412,-289.9092437984852,12.959893870230346,,False,3.298902169310692
2018-06-27 21:25:39.740000,35.1795,132.56016666666667,11.87,0.9,V,0.0023333333333333,0.0025,0.45,0.04,,,earthquake,depth free,middle auto,22.65616493413646,-291.14656277042377,15.786270789962906,,False,2.484934371897691
2018-06-27 23:21:03.190000,35.198166666666665,132.56383333333335,10.86,2.2,V,0.0021666666666666,0.0026666666666666,0.54,0.03,,,earthquake,depth free,high manual,24.71109897766399,-290.78463642039765,14.751908338122496,,False,2.854452847901842
2018-06-27 23:22:25.710000,35.20483333333333,132.56033333333335,10.32,0.6,v,0.0051666666666666,0.0043333333333333,0.78,0.09,,,earthquake,depth free,middle auto,25.4584965802277,-291.09772028716475,14.219488483821966,,False,3.740659074142671
2018-06-27 23:23:02.180000,35.19766666666666,132.56183333333334,10.91,0.5,v,0.0025,0.003,0.59,0.04,,,earthquake,depth free,middle auto,24.661765462392182,-290.965788785258,14.808858923118898,,False,2.9401593080392288
2018-06-27 23:24:49.830000,35.19983333333333,132.56233333333336,10.09,0.8,V,0.0025,0.0026666666666666,0.53,0.04,,,earthquake,depth free,middle auto,24.896713370984397,-290.9429231564744,13.986310255414171,,False,3.4450211144776492
2018-06-27 23:26:52.510000,35.19866666666666,132.56233333333336,10.89,1.4,V,0.0016666666666666,0.002,0.42,0.03,,,earthquake,depth free,middle auto,24.7711387360146,-290.9176393930306,14.786538704433893,,False,2.970531938826097
2018-06-28 02:55:40.600000,35.19766666666666,132.5631666666667,10.66,1.2,V,0.0018333333333333,0.0023333333333333,0.48,0.03,,,earthquake,depth free,middle auto,24.65661826703508,-290.8541940761377,14.554598039154373,,False,2.9642963606222685
2018-06-28 07:37:30.900000,35.17666666666666,132.58133333333333,8.93,0.7,V,0.0026666666666666,0.0028333333333333,0.59,0.04,,,earthquake,depth free,middle auto,22.26421495040604,-289.3463299321376,12.780127456957398,,False,3.3560206373743133
2018-06-28 10:42:09.420000,35.18366666666666,132.575,8.72,0.5,V,0.0026666666666666,0.0028333333333333,0.57,0.04,,,earthquake,depth free,middle auto,23.05858855040451,-289.9031655567019,12.586273733223027,,False,3.5722423067398683
2018-06-28 15:53:58.490000,35.1975,132.57166666666666,10.68,0.6,V,0.0046666666666666,0.0045,0.9,0.08,,,earthquake,depth free,middle auto,24.613201043217916,-290.0839185930317,14.546486101725757,,False,2.445997551507593
2018-06-28 18:03:24.330000,35.05333333333333,132.46716666666666,12.32,0.8,V,0.002,0.0025,0.39,0.04,,,earthquake,depth free,middle auto,8.943013331174079,-300.0204152532108,16.656167149938653,,False,18.170377974900095
2018-06-28 19:20:16.830000,35.17766666666667,132.57066666666665,16.36,0.6,v,0.0141666666666666,0.0139999999999999,1.61,0.25,,,earthquake,depth free,middle auto,22.445289720393436,-290.03683137039206,20.239603405664234,,False,4.538844331132398
2018-06-29 07:49:39.970000,35.18366666666666,132.61499999999998,9.69,0.7,V,0.004,0.0043333333333333,1.11,0.06,,,earthquake,depth free,middle auto,22.946768909210896,-286.2421649272213,13.424232633645486,,False,3.545916778940989
2018-06-29 16:16:55.840000,35.17016666666667,132.5925,8.65,2.0,V,0.003,0.0036666666666666,0.86,0.04,,,earthquake,depth free,high manual,21.508654360523455,-288.3673106134587,12.468185527848544,,False,3.870619675122957
2018-06-29 16:16:59.850000,35.16983333333333,132.58933333333334,7.58,1.8,V,0.0031666666666666,0.0045,1.05,0.06,,,earthquake,depth free,high manual,21.47518202646028,-288.6946220982308,11.40957494771614,,False,4.844908892644604
2018-06-29 17:06:47.560000,35.19649999999999,132.5685,11.37,0.6,V,0.0081666666666666,0.0063333333333333,1.07,0.14,,,earthquake,depth free,low auto,24.514939122341342,-290.3490555863676,15.24718387194022,,False,2.2400567871656984
2018-06-29 17:28:49.730000,35.17833333333333,132.57716666666667,8.79,0.5,v,0.0033333333333333,0.0034999999999999,0.69,0.06,,,earthquake,depth free,low auto,22.460678927761077,-289.7232329248857,12.65281093854978,,False,3.520357075235238
2018-06-30 06:05:50.470000,35.184999999999995,132.59650000000002,12.34,1.0,V,0.0018333333333333,0.0023333333333333,0.46,0.03,,,earthquake,depth free,middle auto,23.162070362763338,-287.8178721325077,16.132022640933993,,False,0.9170652580515399
2018-06-30 06:55:24.460000,35.17966666666666,132.58133333333333,8.76,1.4,V,0.0018333333333333,0.0021666666666666,0.51,0.03,,,earthquake,depth free,middle auto,22.596271906610223,-289.3418545275722,12.608115286499086,,False,3.44951662007145
2018-07-01 08:37:45.380000,35.174166666666665,132.58683333333337,11.15,1.6,V,0.0018333333333333,0.0023333333333333,0.46,0.03,,,earthquake,depth free,middle auto,21.982383390879757,-288.7756003625251,14.982258140880935,,False,1.5227663744376174
2018-07-01 14:13:54.300000,35.101,132.66633333333334,8.03,1.8,V,0.0018333333333333,0.0021666666666666,0.81,0.03,,,earthquake,depth free,high manual,13.614668694986246,-281.9346992209342,11.663821545541415,,False,12.465730772814469
2018-07-01 16:17:50.870000,35.1,132.66566666666668,8.5,0.8,V,0.0016666666666666,0.002,0.69,0.03,,,earthquake,depth free,middle auto,13.508685651669118,-281.9820236004973,12.1365043324742,,False,12.36748286469503
2018-07-01 21:43:49.430000,35.174499999999995,132.61233333333334,8.62,0.6,V,0.002,0.0025,0.6,0.03,,,earthquake,depth free,middle auto,21.9316453175189,-286.5548834115185,12.37011509485683,,False,4.360940751125019
2018-07-02 12:41:53.560000,35.1935,132.578,10.29,0.8,V,0.0045,0.0046666666666666,0.93,0.08,,,earthquake,depth free,middle auto,24.148874935138387,-289.53864085151395,14.138496618069146,,False,2.2282433668333383
2018-07-02 17:07:20.780000,35.192166666666665,132.57566666666665,11.47,0.5,V,0.0034999999999999,0.0033333333333333,0.63,0.06,,,earthquake,depth free,middle auto,24.013643729638083,-289.71159187730285,15.326313999631957,,False,1.4574216095814791
2018-07-03 04:38:51.500000,35.183,132.56966666666665,9.13,0.7,V,0.0021666666666666,0.0026666666666666,0.58,0.03,,,earthquake,depth free,middle auto,23.002384739107868,-290.3739438614796,13.014133357634744,,False,3.3783423617852852
2018-07-03 05:53:39.640000,35.21783333333334,132.717,7.84,1.3,V,0.002,0.0023333333333333,0.54,0.03,,,earthquake,depth free,middle auto,26.438675469069548,-276.94415288076993,11.227120834936878,,False,13.105772170418334
2018-07-03 06:51:31.250000,35.17583333333333,132.58466666666666,9.4,0.7,V,0.002,0.0023333333333333,0.58,0.03,,,earthquake,depth free,middle auto,22.164431430810303,-289.0299492846724,13.23939962410084,,False,2.906429177688942
2018-07-04 04:40:51.230000,35.161833333333334,132.59883333333337,10.45,0.8,v,0.0026666666666666,0.003,0.61,0.05,,,earthquake,depth free,middle auto,20.57519809498964,-287.7572242880305,14.252269331503442,,False,3.2348773966742033
2018-07-04 05:16:03.960000,35.16583333333333,132.595,10.42,0.6,v,0.0034999999999999,0.0028333333333333,0.59,0.06,,,earthquake,depth free,middle auto,21.03003506296932,-288.09161694156387,14.231926559824773,,False,2.804602566664359
2018-07-04 05:32:13.940000,35.18833333333333,132.577,11.62,0.9,v,0.0036666666666666,0.0031666666666666,0.52,0.06,,,earthquake,depth free,middle manual,23.585233021574656,-289.59897734484497,15.474431148271002,,False,1.0929633721032495
2018-07-04 14:15:22.720000,35.18583333333333,132.57999999999998,8.95,0.6,v,0.0041666666666666,0.0046666666666666,1.04,0.07,,,earthquake,depth free,middle auto,23.285540208849817,-289.433780328374,12.798069929127523,,False,3.239602640335452
2018-07-04 14:20:29.390000,35.108000000000004,132.66533333333334,9.77,0.5,v,0.0043333333333333,0.0033333333333333,1.24,0.08,,,earthquake,depth free,middle auto,14.4057758158052,-281.939567683161,13.399948798880304,,False,11.356848895902095
2018-07-05 09:51:48.690000,35.07916666666667,132.70566666666664,7.01,0.5,V,0.0018333333333333,0.002,1.01,0.03,,,earthquake,depth free,middle auto,11.072373963280056,-278.4750929519369,10.538838644512303,,False,16.738459666021544
2018-07-05 15:48:01.870000,35.19933333333333,132.5548333333333,10.44,0.8,V,0.004,0.004,0.75,0.07,,,earthquake,depth free,middle auto,24.86506658789517,-291.6113617108343,14.361379947159676,,False,3.720845983860302
2018-07-07 05:25:02.220000,35.094500000000004,132.678,6.5600000000000005,1.0,v,0.0055,0.0053333333333333,2.51,0.08,,,earthquake,depth free,middle auto,12.850033558792363,-280.9501048794939,10.163161050948212,,False,14.142912899877462
2018-07-07 06:59:56.350000,35.115833333333335,132.72266666666667,11.4,1.3,V,0.0015,0.0018333333333333,0.51,0.03,,,earthquake,depth free,middle auto,15.123088560435818,-276.6548755157642,14.841260373105284,,False,14.533558000941952
2018-07-07 09:44:27.330000,35.1145,132.72433333333333,11.59,0.6,v,0.003,0.003,0.9,0.06,,,earthquake,depth free,middle auto,14.971709497177468,-276.50167809360863,15.027042385819344,,False,14.731547238795129
2018-07-08 07:13:08.650000,35.18666666666666,132.578,10.01,0.5,v,0.004,0.0045,0.97,0.07,,,earthquake,depth free,middle auto,23.38925889460041,-289.5732765734659,13.863377793473768,,False,2.2719739323514916
2018-07-08 09:07:17.250000,35.18733333333333,132.59266666666667,8.68,0.9,V,0.0026666666666666,0.0031666666666666,0.65,0.04,,,earthquake,depth free,middle auto,23.413559368165245,-288.2901324823051,12.485465846188475,,False,3.505208127484219
2018-07-08 22:42:09.960000,35.10266666666667,132.5075,12.36,0.6,V,0.002,0.0025,0.33,0.04,,,earthquake,depth free,middle auto,14.29326994937136,-296.1798092759017,16.513217674413312,,False,11.596857654690666
2018-07-09 06:34:42.760000,35.1785,132.59866666666667,9.5,0.5,V,0.0075,0.0076666666666666,1.85,0.12,,,earthquake,depth free,middle auto,22.419956431689872,-287.7477840757282,13.291389036387235,,False,2.9276024839016865
2018-07-09 12:23:58.210000,35.1785,132.58116666666666,12.63,0.7,v,0.0028333333333333,0.0023333333333333,0.52,0.06,,,earthquake,depth free,middle auto,22.48743293124569,-289.2195656028477,16.476849048694046,,False,0.9834876679744317
2018-07-10 02:20:11.230000,35.186166666666665,132.57983333333334,9.57,0.5,V,0.0033333333333333,0.0033333333333333,0.63,0.06,,,earthquake,depth free,middle auto,23.3261673997505,-289.42501119311555,13.417965969217288,,False,2.6392534809730437
2018-07-10 03:22:49.960000,35.19233333333333,132.5785,9.89,0.5,V,0.003,0.0038333333333333,0.7,0.04,,,earthquake,depth free,middle auto,24.0159733882936,-289.5121389993936,13.73791131178612,,False,2.5081304301725478
2018-07-10 06:25:46.480000,35.174166666666665,132.53616666666667,13.96,0.5,V,0.0046666666666666,0.0038333333333333,0.56,0.08,,,earthquake,depth free,middle auto,22.14663371522169,-293.2625811561837,17.958848733733635,,False,5.068112701557566
2018-07-11 13:35:31.350000,35.190999999999995,132.56983333333332,12.28,0.6,V,0.0036666666666666,0.0038333333333333,0.66,0.06,,,earthquake,depth free,middle auto,23.905399682622704,-290.21450800985144,16.155873598610473,,False,1.6875165357010935
2018-07-12 16:53:59.390000,35.19033333333333,132.57466666666667,11.24,1.5,V,0.0018333333333333,0.0021666666666666,0.44,0.03,,,earthquake,depth free,middle auto,23.81204971737153,-289.81717157137774,15.101034301240457,,False,1.5403064521346521
2018-07-12 17:34:44.420000,35.157333333333334,132.5525,10.28,1.3,V,0.0016666666666666,0.0021666666666666,0.39,0.03,,,earthquake,depth free,middle auto,20.211083060960384,-291.9797112311231,14.239101055488542,,False,4.71574305751422
2018-07-13 09:36:52.420000,35.1425,132.5635,10.5,0.5,v,0.0111666666666666,0.0168333333333333,2.92,0.35,,,earthquake,depth free,low auto,18.534035204648152,-291.0275351160872,14.433629520986004,,False,5.383505827744334
2018-07-15 14:37:44.480000,35.16316666666666,132.4298333333333,12.26,0.5,V,0.0034999999999999,0.003,0.4,0.07,,,earthquake,depth free,middle auto,21.23890425708621,-303.0008215007264,16.632594962677494,,False,14.426819260268688
2018-07-15 15:22:41.480000,35.10433333333334,132.735,7.0,0.5,V,0.002,0.002,0.93,0.03,,,earthquake,depth free,middle auto,13.783846371456676,-275.726701630381,10.415160998467854,,False,16.947750615748507
2018-07-15 22:43:22.900000,35.176833333333335,132.59650000000002,9.85,0.9,V,0.0016666666666666,0.0021666666666666,0.47,0.03,,,earthquake,depth free,middle auto,22.243162359487865,-287.9373664527217,13.649445271932512,,False,2.5981540177122304
2018-07-16 07:53:33.690000,35.170833333333334,132.58533333333335,8.34,1.7,V,0.0018333333333333,0.0023333333333333,0.57,0.03,,,earthquake,depth free,high manual,21.601957885240036,-289.0260280239148,12.181516205340284,,False,4.091111142467656
2018-07-16 12:56:07.540000,35.162,132.57366666666667,7.67,0.5,V,0.003,0.003,0.62,0.05,,,earthquake,depth free,middle auto,20.652111297748608,-290.1399663333421,11.557013494265885,,False,5.255113651435742
2018-07-16 23:30:19.920000,35.166,132.5865,9.13,0.6,V,0.0021666666666666,0.0023333333333333,0.55,0.03,,,earthquake,depth free,middle auto,21.066377224950653,-288.9086039607238,12.970650361897064,,False,3.6461129235106657
